#	proj	tarj	sqrts	x	p	k	w	d
#	Au	Au	200	4.2	0	1.2	0.7	1.2
#	cen_L	cen_H	un-normalized total density
0	1	175.295
1	2	166.821
2	3	159.629
3	4	152.915
4	5	146.57
5	6	140.69
6	7	134.996
7	8	129.671
8	9	124.555
9	10	119.706
10	11	114.974
11	12	110.456
12	13	106.124
13	14	102.007
14	15	98.0842
15	16	94.2426
16	17	90.5463
17	18	87.015
18	19	83.646
19	20	80.4031
20	21	77.2004
21	22	74.0885
22	23	71.09
23	24	68.2265
24	25	65.45
25	26	62.7475
26	27	60.1781
27	28	57.6469
28	29	55.2232
29	30	52.9227
30	31	50.6664
31	32	48.4882
32	33	46.3713
33	34	44.3246
34	35	42.3605
35	36	40.4639
36	37	38.5927
37	38	36.7898
38	39	35.0771
39	40	33.3905
40	41	31.7799
41	42	30.2443
42	43	28.7729
43	44	27.3573
44	45	25.9754
45	46	24.6406
46	47	23.3408
47	48	22.111
48	49	20.936
49	50	19.7959
50	51	18.6897
51	52	17.6135
52	53	16.6055
53	54	15.6439
54	55	14.7211
55	56	13.844
56	57	12.99
57	58	12.1722
58	59	11.3893
59	60	10.6505
60	61	9.95785
61	62	9.2861
62	63	8.64778
63	64	8.04268
64	65	7.46792
65	66	6.92845
66	67	6.41749
67	68	5.93712
68	69	5.48489
69	70	5.06466
70	71	4.65167
71	72	4.27533
72	73	3.93058
73	74	3.59833
74	75	3.28755
75	76	2.99917
76	77	2.73165
77	78	2.48214
78	79	2.25027
79	80	2.03797
80	81	1.84066
81	82	1.6577
82	83	1.48925
83	84	1.3295
84	85	1.18353
85	86	1.05206
86	87	0.929181
87	88	0.816086
88	89	0.714867
89	90	0.618921
90	91	0.533394
91	92	0.453831
92	93	0.379911
93	94	0.311711
94	95	0.250235
95	96	0.193837
96	97	0.143046
97	98	0.0959224
98	99	0.0518489
99	100	0.000431977
