#	proj	tarj	sqrts	x	p	k	w	d
#	Pb	Pb	5020	7	0	1.2	0.9	1.2
#	cen_L	cen_H	un-normalized total density
0	1	191.324
1	2	182.135
2	3	174.242
3	4	166.749
4	5	159.83
5	6	153.261
6	7	147.009
7	8	141.09
8	9	135.449
9	10	130.081
10	11	124.909
11	12	119.912
12	13	115.102
13	14	110.496
14	15	106.042
15	16	101.773
16	17	97.7154
17	18	93.7697
18	19	90.0098
19	20	86.3883
20	21	82.9023
21	22	79.5074
22	23	76.2855
23	24	73.1402
24	25	70.0841
25	26	67.1668
26	27	64.3281
27	28	61.5955
28	29	58.9419
29	30	56.3656
30	31	53.8559
31	32	51.4737
32	33	49.1563
33	34	46.9328
34	35	44.768
35	36	42.7264
36	37	40.7212
37	38	38.7879
38	39	36.9034
39	40	35.0926
40	41	33.3706
41	42	31.7086
42	43	30.1192
43	44	28.5736
44	45	27.0724
45	46	25.6452
46	47	24.2874
47	48	22.9808
48	49	21.7083
49	50	20.5006
50	51	19.3354
51	52	18.2296
52	53	17.1515
53	54	16.1262
54	55	15.1602
55	56	14.2224
56	57	13.3206
57	58	12.466
58	59	11.6555
59	60	10.8758
60	61	10.1446
61	62	9.45054
62	63	8.78804
63	64	8.15211
64	65	7.54639
65	66	6.98702
66	67	6.45188
67	68	5.9535
68	69	5.48149
69	70	5.04238
70	71	4.6299
71	72	4.23994
72	73	3.8751
73	74	3.5372
74	75	3.22007
75	76	2.92528
76	77	2.65241
77	78	2.39741
78	79	2.16114
79	80	1.94176
80	81	1.73964
81	82	1.5535
82	83	1.38345
83	84	1.22674
84	85	1.08313
85	86	0.952951
86	87	0.833735
87	88	0.726682
88	89	0.627049
89	90	0.535218
90	91	0.453347
91	92	0.379764
92	93	0.313378
93	94	0.254066
94	95	0.200024
95	96	0.151517
96	97	0.109056
97	98	0.0715602
98	99	0.0374508
99	100	0.000183844
