#	proj	tarj	sqrts	x	p	k	w	d
#	Pb	Pb	2760	6.4	0	1.2	0.9	1.2
#	cen_L	cen_H	un-normalized total density
0	1	190.839
1	2	181.852
2	3	173.962
3	4	166.685
4	5	159.732
5	6	153.2
6	7	146.988
7	8	141.039
8	9	135.425
9	10	130.041
10	11	124.874
11	12	119.875
12	13	115.111
13	14	110.562
14	15	106.172
15	16	101.986
16	17	97.8966
17	18	93.9961
18	19	90.1985
19	20	86.5811
20	21	83.0781
21	22	79.7099
22	23	76.4373
23	24	73.2812
24	25	70.2375
25	26	67.2802
26	27	64.4623
27	28	61.6968
28	29	59.0093
29	30	56.4493
30	31	53.9099
31	32	51.4956
32	33	49.1564
33	34	46.921
34	35	44.7783
35	36	42.6927
36	37	40.6803
37	38	38.7189
38	39	36.8553
39	40	35.0821
40	41	33.3876
41	42	31.7212
42	43	30.1114
43	44	28.547
44	45	27.0626
45	46	25.642
46	47	24.2672
47	48	22.9743
48	49	21.7134
49	50	20.5027
50	51	19.3344
51	52	18.2217
52	53	17.1472
53	54	16.1252
54	55	15.1365
55	56	14.1939
56	57	13.2907
57	58	12.4521
58	59	11.652
59	60	10.8744
60	61	10.1428
61	62	9.44049
62	63	8.7762
63	64	8.15219
64	65	7.55715
65	66	6.99382
66	67	6.45765
67	68	5.96171
68	69	5.48398
69	70	5.03696
70	71	4.61921
71	72	4.22804
72	73	3.86529
73	74	3.52845
74	75	3.20873
75	76	2.91477
76	77	2.64171
77	78	2.38764
78	79	2.14846
79	80	1.93337
80	81	1.73177
81	82	1.54703
82	83	1.37876
83	84	1.22287
84	85	1.08118
85	86	0.95127
86	87	0.831263
87	88	0.725385
88	89	0.625799
89	90	0.535468
90	91	0.454375
91	92	0.380554
92	93	0.314077
93	94	0.254625
94	95	0.200978
95	96	0.153544
96	97	0.110495
97	98	0.0725758
98	99	0.0379473
99	100	0.000457812
