      22  Gamma                   0.00000   0.00000  2  0  0  0  0  1  0  1
      22  1  1.000            22       0       0       0       0
     211  Pion(+)                0.13957   0.00000  1  0  0  0  1  3  1  1
     211  1  1.000           211       0       0       0       0
     111  Pion(0)                0.13498   0.00000  1  0  0  0  1  3  0  1
     111  1  1.000           111       0       0       0       0
    -211  Pion(-)                0.13957   0.00000  1  0  0  0  1  3 -1  1
    -211  1  1.000          -211       0       0       0       0
     321  Kaon(+)                0.49368   0.00000  1  0  1  0  0  2  1  1
     321  1  1.000           321       0       0       0       0
    -321  Kaon(-)                0.49368   0.00000  1  0 -1  0  0  2 -1  1
    -321  1  1.000          -321       0       0       0       0
     311  Kaon(0)                0.49765   0.00000  1  0  1  0  0  2  0  1
     311  1  1.000           311       0       0       0       0
    -311  Anti-Kaon(0)           0.49765   0.00000  1  0 -1  0  0  2  0  1
    -311  1  1.000          -311       0       0       0       0
     221  eta                     0.54775   0.00000  1  0  0  0  0  1  0  4
     221  2  0.397            22      22       0       0       0
     221  3  0.328           111     111      111      0       0
     221  3  0.228           211     111     -211      0       0
     221  3  0.047           211    -211       22      0       0
     213  rho(+)                0.77580   0.15030  3  0  0  0  2  3  1  1
     213  2  1.000           211     111       0       0       0
     113  rho(0)                0.77580   0.15030  3  0  0  0  2  3  0  1
     113  2  1.000           211    -211       0       0       0
    -213  rho(-)                0.77580   0.15030  3  0  0  0  2  3 -1  1
    -213  2  1.000          -211     111       0       0       0
     223  omega                   0.78259   0.00849  3  0  0  0  3  1  0  3
     223  3  0.893           211     111    -211       0       0
     223  2  0.090           111      22       0       0       0
     223  2  0.017           211    -211       0       0       0
     323  K*892(+)              0.89166   0.05080  3  0  1  0  0  2  1  2
     323  2  0.667           311     211       0       0       0
     323  2  0.333           321     111       0       0       0
    -323  K*892(-)              0.89166   0.05080  3  0 -1  0  0  2 -1  2
    -323  2  0.667          -311    -211       0       0       0
    -323  2  0.333          -321     111       0       0       0
     313  K*892(0)              0.89610   0.05070  3  0  1  0  0  2  0  2
     313  2  0.667           321    -211       0       0       0
     313  2  0.333           311     111       0       0       0
    -313  Anti-K*892(0)         0.89610   0.05070  3  0 -1  0  0  2  0  2
    -313  2  0.667          -321     211       0       0       0
    -313  2  0.333          -311     111       0       0       0
    2212  p                       0.93827   0.00000  2  1  0  0  0  2  1  1
    2212  1  1.000          2212       0       0       0       0
    2112  n                       0.93957   0.00000  2  1  0  0  0  2  0  1
    2112  1  1.000          2112       0       0       0       0
     331  eta-prime(958)         0.95778   0.00020  1  0  0  0  0  1  0  5
     331  3  0.445           211    -211     221       0       0
     331  2  0.295           113      22       0       0       0
     331  3  0.209           111     111     221       0       0
     331  2  0.030           223      22       0       0       0
     331  2  0.021            22      22       0       0       0
 910221  f0(980)                0.97410   0.04700  1  0  0  0  0  1  0  4
 910221  2  0.520           211    -211       0       0       0
 910221  2  0.260           111     111       0       0       0
 910221 -2  0.110           321    -321       0       0       0
 910221 -2  0.110           311    -311       0       0       0
 900211  a0(980)(+)            0.98470   0.05700  1  0  0  0  0  3  1  2
 900211  2  0.844           221     211       0       0       0
 900211 -2  0.156           321    -311       0       0       0
 900111  a0(980)(0)            0.98470   0.05700  1  0  0  0  0  3  0  3
 900111  2  0.844           221     111       0       0       0
 900111 -2  0.078           311    -311       0       0       0
 900111 -2  0.078           321    -321       0       0       0
-900211  a0(980)(-)            0.98470   0.05700  1  0  0  0  0  3 -1  2
-900211  2  0.844           221    -211       0       0       0
-900211 -2  0.156          -321     311       0       0       0
     333  phi(1020)              1.01946   0.00426  3  0  0  0  0  1  0  6
     333  2  0.492           321    -321       0       0       0
     333  2  0.342           311    -311       0       0       0
     333  2  0.051           213    -211       0       0       0
     333  2  0.051           113     111       0       0       0
     333  2  0.051          -213     211       0       0       0
     333  2  0.013           221      22       0       0       0
    3122  Lambda                  1.11568   0.00000  2  1 -1  0  0  1  0  1
    3122  1  1.000          3122       0       0       0       0
   10223  h1(1170)                1.17000   0.36000  3  0  0  0  0  1  0  3
   10223  2  0.333           213    -211       0       0       0
   10223  2  0.334           113     111       0       0       0
   10223  2  0.333          -213     211       0       0       0
    3222  Sigma(+)               1.18937   0.00000  2  1 -1  0  0  3  1  1
    3222  1  1.000          3222       0       0       0       0
    3212  Sigma(0)               1.19264   0.00000  2  1 -1  0  0  3  0  1
    3212  2  1.000          3122      22       0       0       0    
    3112  Sigma(-)               1.19745   0.00000  2  1 -1  0  0  3 -1  1
    3112  1  1.000          3112       0       0       0       0
   10213  b1(1235)(+)           1.22950   0.14200  3  0  0  0  0  3  1  1
   10213  2  1.000           223     211       0       0       0
   10113  b1(1235)(0)           1.22950   0.14200  3  0  0  0  0  3  0  1
   10113  2  1.000           223     111       0       0       0
  -10213  b1(1235)(-)           1.22950   0.14200  3  0  0  0  0  3 -1  1
  -10213  2  1.000           223    -211       0       0       0
   20213  a1(1260)(+)           1.23000   0.40000  3  0  0  0  0  3  1  2
   20213  2  0.500           113     211       0       0       0
   20213  2  0.500           213     111       0       0       0
   20113  a1(1260)(0)           1.23000   0.40000  3  0  0  0  0  3  0  2
   20113  2  0.500           213    -211       0       0       0
   20113  2  0.500          -213     211       0       0       0
  -20213  a1(1260)(-)           1.23000   0.40000  3  0  0  0  0  3 -1  2
  -20213  2  0.500           113    -211       0       0       0
  -20213  2  0.500          -213     111       0       0       0
    2224  Delta1232(++)         1.23200   0.12000  4  1  0  0  0  4  2  1
    2224  2  1.000          2212     211       0       0       0
    2214  Delta1232(+)          1.23200   0.12000  4  1  0  0  0  4  1  3
    2214  2  0.663          2212     111       0       0       0
    2214  2  0.331          2112     211       0       0       0
    2214  2  0.006          2212      22       0       0       0
    2114  Delta1232(0)          1.23200   0.12000  4  1  0  0  0  4  0  3
    2114  2  0.663          2112     111       0       0       0
    2114  2  0.331          2212    -211       0       0       0
    2114  2  0.006          2112      22       0       0       0
    1114  Delta1232(-)          1.23200   0.12000  4  1  0  0  0  4 -1  1
    1114  2  1.000          2112    -211       0       0       0
   10323  K1-1270(+)             1.27300   0.09000  3  0  1  0  0  2  1  8
   10323 -2  0.280           311     213       0       0       0
   10323  2  0.140           321     113       0       0       0
   10323  3  0.124           311     211     111       0       0
   10323  3  0.041           321     111     111       0       0
   10323  3  0.145           321     211    -211       0       0
   10323  2  0.107           313     211       0       0       0
   10323  2  0.053           323     111       0       0       0
   10323 -2  0.110           321     223       0       0       0
  -10323  K1-1270(-)             1.27300   0.09000  3  0 -1  0  0  2 -1  8
  -10323 -2  0.280          -311    -213       0       0       0
  -10323  2  0.140          -321     113       0       0       0
  -10323  3  0.124          -311    -211     111       0       0
  -10323  3  0.041          -321     111     111       0       0
  -10323  3  0.145          -321     211    -211       0       0
  -10323  2  0.107          -313    -211       0       0       0
  -10323  2  0.053          -323     111       0       0       0
  -10323 -2  0.110          -321     223       0       0       0
   10313  K1-1270(0)             1.27300   0.09000  3  0  1  0  0  2  0  8
   10313  2  0.280           321    -213       0       0       0
   10313 -2  0.140           311     113       0       0       0
   10313  3  0.124           321    -211     111       0       0
   10313  3  0.041           311     111     111       0       0
   10313  3  0.145           311     211    -211       0       0
   10313  2  0.107           323    -211       0       0       0
   10313  2  0.053           313     111       0       0       0
   10313 -2  0.110           311     223       0       0       0
  -10313  Anti-K1-1270(0)        1.27300   0.09000  3  0 -1  0  0  2  0  8
  -10313  2  0.280          -321     213       0       0       0
  -10313 -2  0.140          -311     113       0       0       0
  -10313  3  0.124          -321     211     111       0       0
  -10313  3  0.041          -311     111     111       0       0
  -10313  3  0.145          -311     211    -211       0       0
  -10313  2  0.107          -323     211       0       0       0
  -10313  2  0.053          -313     111       0       0       0
  -10313 -2  0.110          -311     223       0       0       0
     225  f2(1270)               1.27540   0.18510  5  0  0  0  0  1  0  6
     225  2  0.570           211    -211       0       0       0
     225  2  0.284           111     111       0       0       0
     225  4  0.072           211    -211     111     111       0
     225  2  0.023           321    -321       0       0       0
     225  2  0.023           311    -311       0       0       0
     225  4  0.028           211     211    -211    -211       0
   20223  f1(1285)               1.28180   0.02410  3  0  0  0  0  1  0 13
   20223  3  0.107           221     211    -211       0       0
   20223  3  0.053           221     111     111       0       0
   20223  3  0.110           213    -211     111       0       0
   20223  3  0.110           113    -211     211       0       0
   20223  3  0.110          -213     211     111       0       0
   20223  2  0.120       900211    -211       0       0       0
   20223  2  0.120       900111     111       0       0       0
   20223  2  0.120      -900211     211       0       0       0
   20223  3  0.015           321    -321     111       0       0
   20223  3  0.015           311    -311     111       0       0
   20223  3  0.030           321    -311    -211       0       0
   20223  3  0.030          -321     311     211       0       0
   20223  2  0.060           113      22       0       0       0
  100221  eta(1295)              1.29400   0.05500  1  0  0  0  0  1  0  4
  100221  2  0.300       900211    -211       0       0       0
  100221  2  0.300       900111     111       0       0       0
  100221  2  0.300      -900211     211       0       0       0
  100221  3  0.100           221     211    -211       0       0
  100211  Pion1300(+)           1.30000   0.40000  1  0  0  0  0  3  1  4
  100211  2  0.167           213     111       0       0       0
  100211  2  0.167           113     211       0       0       0
  100211  3  0.400           211     211    -211       0       0
  100211  3  0.266           211     111     111       0       0
  100111  Pion1300(0)           1.30000   0.40000  1  0  0  0  0  3  0  4
  100111  2  0.167           213    -211       0       0       0
  100111  2  0.167          -213     211       0       0       0
  100111  3  0.533           211     111    -211       0       0
  100111  3  0.133           111     111     111       0       0
 -100211  Pion1300(-)           1.30000   0.40000  1  0  0  0  0  3 -1  4
 -100211  2  0.167          -213     111       0       0       0
 -100211  2  0.167           113    -211       0       0       0
 -100211  3  0.400          -211    -211     211       0       0
 -100211  3  0.266          -211     111     111       0       0
    3322  Xsi(0)                 1.31483   0.00000  2  1 -2  0  0  2  0  1
    3322  1  1.000          3322       0       0       0       0
    3312  Xsi(-)                 1.32131   0.00000  2  1 -2  0  0  2 -1  1
    3312  1  1.000          3312       0       0       0       0
     215  a2-1320(+)             1.31830   0.10700  5  0  0  0  0  3  1  5
     215  2  0.350           213     111       0       0       0
     215  2  0.350           113     211       0       0       0
     215  2  0.145           221     211       0       0       0
     215  3  0.105           223     211     111       0       0
     215  2  0.050           321    -311       0       0       0
     115  a2-1320(0)             1.31830   0.10700  5  0  0  0  0  3  0  6
     115  2  0.350           213    -211       0       0       0
     115  2  0.350          -213     211       0       0       0
     115  2  0.145           221     111       0       0       0
     115  3  0.105           223     211    -211       0       0
     115  2  0.025           321    -321       0       0       0
     115  2  0.025           311    -311       0       0       0
    -215  a2-1320(-)             1.31830   0.10700  5  0  0  0  0  3 -1  5
    -215  2  0.350          -213     111       0       0       0
    -215  2  0.350           113    -211       0       0       0
    -215  2  0.145           221    -211       0       0       0
    -215  3  0.105           223    -211     111       0       0
    -215  2  0.050          -321     311       0       0       0
 900213  Pion1-1400(+)          1.37600   0.30000  3  0  0  0  0  3  1  1
 900213  2  1.000           221     211       0       0       0
 900113  Pion1-1400(0)          1.37600   0.30000  3  0  0  0  0  3  0  1
 900113  2  1.000           221     111       0       0       0
-900213  Pion1-1400(-)          1.37600   0.30000  3  0  0  0  0  3 -1  1
-900213  2  1.000           221    -211       0       0       0
    3224  Sigma-(+)1385          1.38280   0.03580  4  1 -1  0  0  3  1  3
    3224  2  0.880          3122     211       0       0       0
    3224  2  0.060          3222     111       0       0       0
    3224  2  0.060          3212     211       0       0       0
    3214  Sigma-(0)1385          1.38370   0.03600  4  1 -1  0  0  3  0  3
    3214  2  0.880          3122     111       0       0       0    
    3214  2  0.060          3222    -211       0       0       0
    3214  2  0.060          3112     211       0       0       0
    3114  Sigma-(-)1385          1.38720   0.03940  4  1 -1  0  0  3 -1  3
    3114  2  0.880          3122    -211       0       0       0
    3114  2  0.060          3112     111       0       0       0
    3114  2  0.060          3212    -211       0       0       0
   10221  f0-1370                 1.40000   0.22500  1  0  0  0  0  1  0  4
   10221  2  0.624           211    -211       0       0       0
   10221  2  0.312           111     111       0       0       0
   10221  2  0.032           321    -321       0       0       0
   10221  2  0.032           311    -311       0       0       0
   20323  K1-1400(+)             1.40200   0.17400  3  0  1  0  0  2  1  6
   20323  2  0.627           313     211       0       0       0
   20323  2  0.313           323     111       0       0       0
   20323  2  0.010           321     113       0       0       0
   20323  2  0.020           311     213       0       0       0
   20323 -2  0.020         10221     321       0       0       0
   20323  2  0.010           223     321       0       0       0
  -20323  K1-1400(-)             1.40200   0.17400  3  0 -1  0  0  2 -1  6
  -20323  2  0.627          -313    -211       0       0       0
  -20323  2  0.313          -323     111       0       0       0
  -20323  2  0.010          -321     113       0       0       0
  -20323  2  0.020          -311    -213       0       0       0
  -20323 -2  0.020         10221    -321       0       0       0  
  -20323  2  0.010           223    -321       0       0       0
   20313  K1-1400(0)             1.40200   0.17400  3  0  1  0  0  2  0  6
   20313  2  0.627           323    -211       0       0       0
   20313  2  0.313           313     111       0       0       0
   20313  2  0.010           311     113       0       0       0
   20313  2  0.020           321    -213       0       0       0
   20313 -2  0.020         10221     311       0       0       0
   20313  2  0.010           223     311       0       0       0
  -20313  Anti-K1-1400(0)        1.40200   0.17400  3  0 -1  0  0  2  0  6
  -20313  2  0.627          -323     211       0       0       0
  -20313  2  0.313          -313     111       0       0       0
  -20313  2  0.010          -311     113       0       0       0
  -20313  2  0.020          -321     213       0       0       0
  -20313 -2  0.020         10221    -311       0       0       0
  -20313  2  0.010           223    -311       0       0       0
   13122  Lambda-1405             1.40650   0.05000  2  1 -1  0  0  1  0  3
   13122  2  0.333          3222    -211       0       0       0
   13122  2  0.334          3212     111       0       0       0
   13122  2  0.333          3112     211       0       0       0
  100323  K*1410(+)             1.41400   0.23200  3  0  1  0  0  2  1  4
  100323  2  0.623           313     211       0       0       0
  100323  2  0.311           323     111       0       0       0
  100323  2  0.044           311     211       0       0       0
  100323  2  0.022           321     111       0       0       0
 -100323  K*1410(-)             1.41400   0.23200  3  0 -1  0  0  2 -1  4
 -100323  2  0.623          -313    -211       0       0       0
 -100323  2  0.311          -323     111       0       0       0
 -100323  2  0.044          -311    -211       0       0       0
 -100323  2  0.022          -321     111       0       0       0
  100313  K*1410(0)             1.41400   0.23200  3  0  1  0  0  2  0  4
  100313  2  0.623           323    -211       0       0       0
  100313  2  0.311           313     111       0       0       0
  100313  2  0.044           321    -211       0       0       0
  100313  2  0.022           311     111       0       0       0
 -100313  Anti-K*1410(-)        1.41400   0.23200  3  0 -1  0  0  2  0  4
 -100313  2  0.623          -323     211       0       0       0
 -100313  2  0.311          -313     111       0       0       0
 -100313  2  0.044          -321     211       0       0       0
 -100313  2  0.022          -311     111       0       0       0
 920221  eta-1405                1.41030   0.05100  1  0  0  0  0  1  0  9
 920221  3  0.145           211    -321     311       0       0
 920221  3  0.145          -211     321    -311       0       0
 920221  3  0.072           111     311    -311       0       0
 920221  3  0.072           111     321    -321       0       0
 920221  3  0.145           221     211    -211       0       0
 920221  3  0.073           221     111     111       0       0
 920221  2  0.116       900111     111       0       0       0
 920221  2  0.116       900211    -211       0       0       0
 920221  2  0.116      -900211     211       0       0       0
   10321  K0*1430(+)            1.41200   0.29400  1  0  1  0  0  2  1  2
   10321  2  0.667           311     211       0       0       0
   10321  2  0.333           321     111       0       0       0
  -10321  K0*1430(-)            1.41200   0.29400  1  0 -1  0  0  2 -1  2
  -10321  2  0.667          -311    -211       0       0       0
  -10321  2  0.333          -321     111       0       0       0
   10311  K0*1430(0)            1.41200   0.29400  1  0  1  0  0  2  0  2
   10311  2  0.667           321    -211       0       0       0
   10311  2  0.333           311     111       0       0       0
  -10311  Anti-K0*1430(0)       1.41200   0.29400  1  0 -1  0  0  2  0  2
  -10311  2  0.667          -321     211       0       0       0
  -10311  2  0.333          -311     111       0       0       0
  100223  omega1420              1.41900   0.17400  3  0  0  0  0  1  0  3
  100223  2  0.333           213    -211       0       0       0
  100223  2  0.334           113     111       0       0       0
  100223  2  0.333          -213     211       0       0       0
   20333  f1-1420                 1.42630   0.05490  3  0  0  0  0  1  0  4
   20333  3  0.333           211    -321     311       0       0
   20333  3  0.333          -211     321    -311       0       0
   20333  3  0.167           111     321    -321       0       0
   20333  3  0.167           111     311    -311       0       0
     325  K2*1430(+)            1.42560   0.09850  5  0  1  0  0  2  1 10
     325  2  0.334           311     211       0       0       0
     325  2  0.167           321     111       0       0       0
     325  2  0.165           313     211       0       0       0
     325  2  0.083           323     111       0       0       0
     325  3  0.067           323     211    -211       0       0
     325  3  0.045           313     211     111       0       0
     325  3  0.023           323     111     111       0       0
     325  2  0.058           311     213       0       0       0
     325  2  0.029           321     113       0       0       0
     325  2  0.029           321     223       0       0       0
    -325  K2*1430(-)            1.42560   0.09850  5  0 -1  0  0  2 -1 10
    -325  2  0.334          -311    -211       0       0       0
    -325  2  0.167          -321     111       0       0       0
    -325  2  0.165          -313    -211       0       0       0
    -325  2  0.083          -323     111       0       0       0
    -325  3  0.067          -323     211    -211       0       0
    -325  3  0.045          -313    -211     111       0       0
    -325  3  0.023          -323     111     111       0       0
    -325  2  0.058          -311    -213       0       0       0
    -325  2  0.029          -321     113       0       0       0
    -325  2  0.029          -321     223       0       0       0
     315  K2*1430(0)            1.43240   0.10900  5  0  1  0  0  2  0 10
     315  2  0.334           321    -211       0       0       0
     315  2  0.167           311     111       0       0       0
     315  2  0.165           323    -211       0       0       0
     315  2  0.083           313     111       0       0       0
     315  3  0.067           313     211    -211       0       0
     315  3  0.045           323    -211     111       0       0
     315  3  0.023           313     111     111       0       0
     315  2  0.058           321    -213       0       0       0
     315  2  0.029           311     113       0       0       0
     315  2  0.029           311     223       0       0       0
    -315  Anti-K2*1430(0)       1.43240   0.10900  5  0 -1  0  0  2  0 10
    -315  2  0.334          -321     211       0       0       0
    -315  2  0.167          -311     111       0       0       0
    -315  2  0.165          -323     211       0       0       0
    -315  2  0.083          -313     111       0       0       0
    -315  3  0.067          -313     211    -211       0       0
    -315  3  0.045          -323     211     111       0       0
    -315  3  0.023          -313     111     111       0       0
    -315  2  0.058          -321     213       0       0       0
    -315  2  0.029          -311     113       0       0       0
    -315  2  0.029          -311     223       0       0       0
   12212  p-1440                  1.44000   0.35000  2  1  0  0  0  2  1  7
   12212  2  0.433          2112     211       0       0       0
   12212  2  0.217          2212     111       0       0       0
   12212  2  0.125          2224    -211       0       0       0
   12212  2  0.083          2214     111       0       0       0
   12212  2  0.042          2114     211       0       0       0
   12212  3  0.067          2212     211    -211       0       0
   12212  3  0.033          2212     111     111       0       0
   12112  n-1440                  1.44000   0.35000  2  1  0  0  0  2  0  7
   12112  2  0.433          2212    -211       0       0       0
   12112  2  0.217          2112     111       0       0       0
   12112  2  0.125          1114     211       0       0       0
   12112  2  0.083          2114     111       0       0       0
   12112  2  0.042          2214    -211       0       0       0
   12112  3  0.067          2112     211    -211       0       0
   12112  3  0.033          2112     111     111       0       0
  100213  rho1450(+)           1.46500   0.40000  3  0  0  0  0  3  1  1
  100213  2  1.000           211     111       0       0       0
  100113  rho1450(0)           1.46500   0.40000  3  0  0  0  0  3  0  1
  100113  2  1.000           211    -211       0       0       0
 -100213  rho1450(-)           1.46500   0.40000  3  0  0  0  0  3 -1  1
 -100213  2  1.000          -211     111       0       0       0
   10211  a0-1450(+)             1.47400   0.26500  1  0  0  0  0  3  1  4
   10211  2  0.077           221     211       0       0       0
   10211  2  0.027           331     211       0       0       0
   10211  2  0.068           321    -311       0       0       0
   10211  3  0.828           223     211     111       0       0
   10111  a0-1450(0)             1.47400   0.26500  1  0  0  0  0  3  0  6
   10111  2  0.077           221     111       0       0       0
   10111  2  0.027           331     111       0       0       0
   10111  2  0.034           321    -321       0       0       0
   10111  2  0.034           311    -311       0       0       0
   10111  3  0.552           223     211    -211       0       0
   10111  3  0.276           223     111     111       0       0
  -10211  a0-1450(-)             1.47400   0.26500  1  0  0  0  0  3 -1  4
  -10211  2  0.077           221    -211       0       0       0
  -10211  2  0.027           331    -211       0       0       0
  -10211  2  0.068          -321     311       0       0       0
  -10211  3  0.828           223    -211     111       0       0
  100331  eta-1475                1.47600   0.08700  1  0  0  0  0  1  0  8
  100331  3  0.223           321    -311    -211       0       0
  100331  3  0.223          -321     311     211       0       0
  100331  3  0.111           321    -321     111       0       0
  100331  3  0.111           311    -311     111       0       0
  100331  2  0.083           323    -321       0       0       0
  100331  2  0.083          -323     321       0       0       0
  100331  2  0.083           313    -311       0       0       0
  100331  2  0.083          -313     311       0       0       0
 930221  f0-1500                 1.50700   0.1090  1  0  0  0  0  1  0  9
 930221  2  0.019           331     221       0       0       0
 930221  2  0.051           221     221       0       0       0
 930221  2  0.233           211    -211       0       0       0
 930221  2  0.116           111     111       0       0       0
 930221  2  0.043           321    -321       0       0       0
 930221  2  0.043           311    -311       0       0       0
 930221  4  0.022           111     111     111     111       0
 930221  4  0.209           211     211    -211    -211       0
 930221  4  0.264           211    -211     111     111       0
    3124  Lambda1520             1.51950   0.01560  4  1 -1  0  0  1  0 11
    3124  2  0.142          3222    -211       0       0       0
    3124  2  0.142          3212     111       0       0       0
    3124  2  0.142          3112     211       0       0       0
    3124  2  0.228          2212    -321       0       0       0
    3124  2  0.228          2112    -311       0       0       0
    3124  3  0.067          3122     211    -211       0       0
    3124  3  0.034          3122     111     111       0       0
    3124  3  0.003          3222    -211     111       0       0
    3124  3  0.003          3212     211    -211       0       0
    3124  3  0.003          3112     211     111       0       0
    3124  2  0.008          3122      22       0       0       0
    2124  p-1520                  1.52000   0.11500  4  1  0  0  0  2  1  9
    2124  2  0.367          2112     211       0       0       0
    2124  2  0.183          2212     111       0       0       0
    2124  2  0.112          2224    -211       0       0       0
    2124  2  0.075          2214     111       0       0       0
    2124  2  0.038          2114     211       0       0       0
    2124 -2  0.117          2112     213       0       0       0
    2124 -2  0.058          2212     113       0       0       0
    2124  3  0.033          2212     211    -211       0       0
    2124  3  0.017          2212     111     111       0       0
    1214  n-1520                  1.52000   0.11500  4  1  0  0  0  2  0  9
    1214  2  0.367          2212    -211       0       0       0
    1214  2  0.183          2112     111       0       0       0
    1214  2  0.112          1114     211       0       0       0
    1214  2  0.075          2114     111       0       0       0
    1214  2  0.038          2214    -211       0       0       0
    1214 -2  0.117          2212    -213       0       0       0
    1214 -2  0.058          2112     113       0       0       0
    1214  3  0.033          2112     211    -211       0       0
    1214  3  0.017          2112     111     111       0       0
     335  f2prime1525           1.52500   0.07300  5  0  0  0  0  1  0  5
     335  2  0.444           321    -321       0       0       0
     335  2  0.444           311    -311       0       0       0
     335  2  0.103           221     221       0       0       0
     335  2  0.006           211    -211       0       0       0
     335  2  0.003           111     111       0       0       0
    3324  Xsi(0)1530            1.53180   0.00910  4  1 -2  0  0  2  0  2
    3324  2  0.667          3312     211       0       0       0
    3324  2  0.333          3322     111       0       0       0
    3314  Xsi(-)1530            1.53500   0.00990  4  1 -2  0  0  2 -1  2
    3314  2  0.667          3322    -211       0       0       0
    3314  2  0.333          3312     111       0       0       0
   22212  p-1535                  1.53500   0.15000  2  1  0  0  0  2  1  9
   22212  2  0.310          2112     211       0       0       0
   22212  2  0.155          2212     111       0       0       0
   22212  2  0.437          2212     221       0       0       0
   22212 -2  0.018          2112     213       0       0       0
   22212 -2  0.009          2212     113       0       0       0
   22212 -2  0.033         12112     211       0       0       0
   22212 -2  0.017         12212     111       0       0       0
   22212  3  0.014          2212     211    -211       0       0
   22212  3  0.007          2212     111     111       0       0
   22112  n-1535                  1.53500   0.15000  2  1  0  0  0  2  0  9
   22112  2  0.310          2212    -211       0       0       0
   22112  2  0.155          2112     111       0       0       0
   22112  2  0.437          2112     221       0       0       0
   22112 -2  0.018          2212    -213       0       0       0
   22112 -2  0.009          2112     113       0       0       0
   22112 -2  0.033         12212    -211       0       0       0
   22112 -2  0.017         12112     111       0       0       0
   22112  3  0.014          2112     211    -211       0       0
   22112  3  0.007          2112     111     111       0       0
   32224  Delta1600(++)         1.60000   0.35000  4  1  0  0  0  4  2  5
   32224  2  0.150          2212     211       0       0       0
   32224  2  0.330          2224     111       0       0       0
   32224  2  0.220          2214     211       0       0       0
   32224 -2  0.100          2212     213       0       0       0
   32224  2  0.200         12212     211       0       0       0
   32214  Delta1600(+)          1.60000   0.35000  4  1  0  0  0  4  1  9
   32214  2  0.100          2212     111       0       0       0
   32214  2  0.050          2112     211       0       0       0
   32214  2  0.220          2224    -211       0       0       0
   32214  2  0.037          2214     111       0       0       0
   32214  2  0.293          2114     211       0       0       0
   32214 -2  0.067          2212     113       0       0       0
   32214 -2  0.033          2112     213       0       0       0
   32214  2  0.133         12212     111       0       0       0
   32214  2  0.067         12112     211       0       0       0
   32114  Delta1600(0)          1.60000   0.35000  4  1  0  0  0  4  0  9
   32114  2  0.100          2112     111       0       0       0
   32114  2  0.050          2212    -211       0       0       0
   32114  2  0.220          1114     211       0       0       0
   32114  2  0.037          2114     111       0       0       0
   32114  2  0.293          2214    -211       0       0       0
   32114 -2  0.067          2112     113       0       0       0
   32114 -2  0.033          2212    -213       0       0       0
   32114  2  0.133         12112     111       0       0       0
   32114  2  0.067         12212    -211       0       0       0
   31114  Delta1600(-)          1.60000   0.35000  4  1  0  0  0  4 -1  5
   31114  2  0.150          2112    -211       0       0       0
   31114  2  0.330          1114     111       0       0       0
   31114  2  0.220          2114    -211       0       0       0
   31114 -2  0.100          2112    -213       0       0       0
   31114  2  0.200         12112    -211       0       0       0
   23122  Lambda1600             1.60000   0.15000  2  1 -1  0  0  1  0  5
   23122  2  0.217          3222    -211       0       0       0
   23122  2  0.216          3212     111       0       0       0
   23122  2  0.217          3112     211       0       0       0
   23122  2  0.175          2212    -321       0       0       0
   23122  2  0.175          2112    -311       0       0       0
   10225  eta2-1645               1.61700   0.18100  5  0  0  0  0  1  0 10
   10225  2  0.291           215    -211       0       0       0
   10225  2  0.291           115     111       0       0       0
   10225  2  0.291          -215     211       0       0       0
   10225  2  0.010           321    -321     111       0       0
   10225  2  0.010           311    -311     111       0       0
   10225  2  0.020           321    -311     111       0       0
   10225  2  0.020           311    -321     211       0       0
   10225  2  0.022       900211    -211       0       0       0
   10225  2  0.023       900111     111       0       0       0
   10225  2  0.022      -900211     211       0       0       0
    2222  Delta1620(++)         1.63000   0.14500  2  1  0  0  0  4  2  4
    2222  2  0.250          2212     211       0       0       0
    2222  2  0.300          2224     111       0       0       0
    2222  2  0.200          2214     211       0       0       0
    2222 -2  0.250          2212     213       0       0       0
    2122  Delta1620(+)          1.63000   0.14500  2  1  0  0  0  4  1  7
    2122  2  0.167          2212     111       0       0       0
    2122  2  0.083          2112     211       0       0       0
    2122  2  0.200          2224    -211       0       0       0
    2122  2  0.033          2214     111       0       0       0
    2122  2  0.267          2114     211       0       0       0
    2122 -2  0.167          2212     113       0       0       0
    2122 -2  0.083          2112     213       0       0       0
    1212  Delta1620(0)          1.63000   0.14500  2  1  0  0  0  4  0  7
    1212  2  0.167          2112     111       0       0       0
    1212  2  0.083          2212    -211       0       0       0
    1212  2  0.200          1114     211       0       0       0
    1212  2  0.033          2114     111       0       0       0
    1212  2  0.267          2214    -211       0       0       0
    1212 -2  0.167          2112     113       0       0       0
    1212 -2  0.083          2212    -213       0       0       0
    1112  Delta1620(-)          1.63000   0.14500  2  1  0  0  0  4 -1  4
    1112  2  0.250          2112    -211       0       0       0
    1112  2  0.300          1114     111       0       0       0
    1112  2  0.200          2114    -211       0       0       0
    1112 -2  0.250          2112    -213       0       0       0
 910213  Pion1-1600(+)          1.65300   0.22500  3  0  0  0  0  3  1  2
 910213  3  0.667           211     211    -211       0       0
 910213  3  0.333           211     111     111       0       0
 910113  Pion1-1600(0)          1.65300   0.22500  3  0  0  0  0  3  0  2
 910113  3  0.667           211    -211     111       0       0
 910113  3  0.333           111     111     111       0       0
-910213  Pion1-1600(-)          1.65300   0.22500  3  0  0  0  0  3 -1  2
-910213  3  0.667          -211    -211     211       0       0
-910213  3  0.333          -211     111     111       0       0
   32212  p-1650                  1.65500   0.16500  2  1  0  0  0  2  1  9
   32212  2  0.493          2112     211       0       0       0
   32212  2  0.247          2212     111       0       0       0
   32212  2  0.070          2212     221       0       0       0
   32212  2  0.070          3122     321       0       0       0
   32212  2  0.020          2224    -211       0       0       0
   32212  2  0.013          2214     111       0       0       0
   32212  2  0.007          2114     211       0       0       0
   32212 -2  0.053          2112     213       0       0       0
   32212 -2  0.027          2212     113       0       0       0
   32112  n-1650                  1.65500   0.16500  2  1  0  0  0  2  0  9
   32112  2  0.493          2212    -211       0       0       0
   32112  2  0.247          2112     111       0       0       0
   32112  2  0.070          2112     221       0       0       0
   32112  2  0.070          3122     311       0       0       0
   32112  2  0.020          1114     211       0       0       0
   32112  2  0.013          2114     111       0       0       0
   32112  2  0.007          2214    -211       0       0       0
   32112 -2  0.053          2212    -213       0       0       0
   32112 -2  0.027          2112     113       0       0       0
   13222  Sigma(+)1660          1.66000   0.10000  2  1 -1  0  0  3  1  4
   13222  2  0.300          2212    -311       0       0       0
   13222  2  0.350          3122     211       0       0       0
   13222  2  0.175          3222     111       0       0       0
   13222  2  0.175          3212     211       0       0       0
   13212  Sigma(0)1660          1.66000   0.10000  2  1 -1  0  0  3  0  5
   13212  2  0.150          2212    -321       0       0       0
   13212  2  0.150          2112    -311       0       0       0
   13212  2  0.350          3122     111       0       0       0    
   13212  2  0.175          3222    -211       0       0       0
   13212  2  0.175          3112     211       0       0       0
   13112  Sigma(-)1660          1.66000   0.10000  2  1 -1  0  0  3 -1  4
   13112  2  0.300          2112    -321       0       0       0
   13112  2  0.350          3122    -211       0       0       0
   13112  2  0.175          3112     111       0       0       0
   13112  2  0.175          3212    -211       0       0       0
   30223  omega1650              1.67000   0.31500  3  0  0  0  0  1  0  5
   30223  2  0.172           213    -211       0       0       0
   30223  2  0.172           113     111       0       0       0
   30223  2  0.172          -213     211       0       0       0
   30223  3  0.323           223     211    -211       0       0
   30223  3  0.161           223     111     111       0       0
     227  omega3-1670             1.66700   0.16800  7  0  0  0  0  1  0  5
     227  2  0.195           213    -211       0       0       0
     227  2  0.195           113     111       0       0       0
     227  2  0.195          -213     211       0       0       0
     227  3  0.277           223     211    -211       0       0
     227  3  0.138           223     111     111       0       0
   33122  Lambda-1670             1.67000   0.03500  2  1 -1  0  0  1  0  6
   33122  2  0.160          3222    -211       0       0       0
   33122  2  0.160          3212     111       0       0       0
   33122  2  0.160          3112     211       0       0       0
   33122  2  0.135          2212    -321       0       0       0
   33122  2  0.135          2112    -311       0       0       0
   33122  2  0.250          3122     221       0       0       0
   13224  Sigma(+)1670          1.67000   0.06000  4  1 -1  0  0  3  1  4
   13224  2  0.170          2212    -311       0       0       0
   13224  2  0.190          3122     211       0       0       0
   13224  2  0.320          3222     111       0       0       0
   13224  2  0.320          3212     211       0       0       0
   13214  Sigma(0)1670          1.67000   0.06000  4  1 -1  0  0  3  0  5
   13214  2  0.085          2212    -321       0       0       0
   13214  2  0.085          2112    -311       0       0       0
   13214  2  0.190          3122     111       0       0       0    
   13214  2  0.320          3222    -211       0       0       0
   13214  2  0.320          3112     211       0       0       0
   13114  Sigma(-)1670          1.67000   0.06000  4  1 -1  0  0  3 -1  4
   13114  2  0.170          2112    -321       0       0       0
   13114  2  0.190          3122    -211       0       0       0
   13114  2  0.320          3112     111       0       0       0
   13114  2  0.320          3212    -211       0       0       0
   10215  Pion2-1670(+)         1.67240   0.25900  5  0  0  0  0  3  1  6
   10215  2  0.562           225     211       0       0       0
   10215  2  0.155           213     111       0       0       0
   10215  2  0.155           113     211       0       0       0
   10215  2  0.086           111     211       0       0       0
   10215  2  0.021           323    -311       0       0       0
   10215  2  0.021          -313     321       0       0       0
   10115  Pion2-1670(0)         1.67240   0.25900  5  0  0  0  0  3  0  8
   10115  2  0.562           225     111       0       0       0
   10115  2  0.155           213    -211       0       0       0
   10115  2  0.155          -213     211       0       0       0
   10115  2  0.086           211    -211       0       0       0
   10115  2  0.011           323    -321       0       0       0
   10115  2  0.010           313    -311       0       0       0
   10115  2  0.011          -323     321       0       0       0
   10115  2  0.010          -313     311       0       0       0
  -10215  Pion2-1670(-)         1.67240   0.25900  5  0  0  0  0  3 -1  6
  -10215  2  0.562           225    -211       0       0       0
  -10215  2  0.155          -213     111       0       0       0
  -10215  2  0.155           113    -211       0       0       0
  -10215  2  0.086           111    -211       0       0       0
  -10215  2  0.021          -323     311       0       0       0
  -10215  2  0.021           313    -321       0       0       0
    3334  Omega                   1.67243   0.00000  4  1 -3  0  0  1 -1  1 
    3334  1  1.000          3334       0       0       0       0      
    2216  p-1675                  1.67500   0.15000  6  1  0  0  0  2  1  6
    2216  2  0.300          2112     211       0       0       0
    2216  2  0.150          2212     111       0       0       0
    2216  2  0.010          2212     221       0       0       0
    2216  2  0.270          2224    -211       0       0       0
    2216  2  0.180          2214     111       0       0       0
    2216  2  0.090          2114     211       0       0       0
    2116  n-1675                  1.67500   0.15000  6  1  0  0  0  2  0  6
    2116  2  0.300          2212    -211       0       0       0
    2116  2  0.150          2112     111       0       0       0
    2116  2  0.010          2112     221       0       0       0
    2116  2  0.270          1114     211       0       0       0
    2116  2  0.180          2114     111       0       0       0
    2116  2  0.090          2214    -211       0       0       0
  100333  phi-1680                1.68000   0.15000  3  0  0  0  0  1  0  4
  100333  2  0.250           323    -321       0       0       0
  100333  2  0.250           313    -311       0       0       0
  100333  2  0.250          -323     321       0       0       0
  100333  2  0.250          -313     311       0       0       0
   12216  p-1680                  1.68500   0.13000  6  1  0  0  0  2  1  9
   12216  2  0.433          2112     211       0       0       0
   12216  2  0.217          2212     111       0       0       0
   12216  2  0.050          2224    -211       0       0       0
   12216  2  0.033          2214     111       0       0       0
   12216  2  0.017          2114     211       0       0       0
   12216 -2  0.067          2112     213       0       0       0
   12216 -2  0.033          2212     113       0       0       0
   12216  3  0.100          2212     211    -211       0       0
   12216  3  0.050          2212     111     111       0       0
   12116  n-1680                  1.68500   0.13000  6  1  0  0  0  2  0  9
   12116  2  0.433          2212    -211       0       0       0
   12116  2  0.217          2112     111       0       0       0
   12116  2  0.050          1114     211       0       0       0
   12116  2  0.033          2114     111       0       0       0
   12116  2  0.017          2214    -211       0       0       0
   12116 -2  0.067          2212    -213       0       0       0
   12116 -2  0.033          2112     113       0       0       0
   12116  3  0.100          2112     211    -211       0       0
   12116  3  0.050          2112     111     111       0       0
     217  rho3-1690(+)           1.68880   0.16100  7  0  0  0  0  3  1  7
     217  4  0.427           211     211     111    -211       0
     217  4  0.284           211     111     111     111       0
     217  2  0.236           211     111       0       0       0
     217  3  0.014           321    -321     211       0       0
     217  3  0.014           311    -311     211       0       0
     217  3  0.009           321    -311     111       0       0
     217  2  0.016           321    -311       0       0       0
     117  rho3-1690(0)           1.68880   0.16100  7  0  0  0  0  3  0  9
     117  4  0.568           211    -211     111     111       0
     117  4  0.142           211     211    -211    -211       0
     117  2  0.236           211    -211       0       0       0
     117  3  0.010           321    -321     111       0       0
     117  3  0.010           311    -311     111       0       0
     117  3  0.010           321    -311    -211       0       0
     117  3  0.010          -321     311     211       0       0
     117  2  0.007           321    -321       0       0       0
     117  2  0.007           311    -311       0       0       0
    -217  rho3-1690(-)           1.68880   0.16100  7  0  0  0  0  3 -1  7
    -217  4  0.427          -211    -211     211     111       0
    -217  4  0.284          -211     111     111     111       0
    -217  2  0.236          -211     111       0       0       0
    -217  3  0.014           321    -321    -211       0       0
    -217  3  0.014           311    -311    -211       0       0
    -217  3  0.009          -321     311     111       0       0
    -217  2  0.016          -321     311       0       0       0
   13124  Lambda-1690             1.69000   0.06000  4  1 -1  0  0  1  0 10
   13124  2  0.100          3222    -211       0       0       0
   13124  2  0.100          3212     111       0       0       0
   13124  2  0.100          3112     211       0       0       0
   13124  2  0.125          2212    -321       0       0       0
   13124  2  0.125          2112    -311       0       0       0
   13124  3  0.167          3122     211    -211       0       0
   13124  3  0.083          3122     111     111       0       0
   13124  3  0.067          3222    -211     111       0       0
   13124  3  0.066          3212     211    -211       0       0
   13124  3  0.067          3112     211     111       0       0
   13322  Xsi(0)1690            1.69000   0.02500  2  1 -2  0  0  2  0  3
   13322  2  0.500          3122    -311       0       0       0
   13322  2  0.333          3222    -321       0       0       0
   13322 -2  0.167          3212    -311       0       0       0
   13312  Xsi(-)1690            1.69000   0.02500  2  1 -2  0  0  2 -1  3
   13312  2  0.500          3122    -321       0       0       0
   13312 -2  0.333          3112    -311       0       0       0
   13312  2  0.167          3212    -321       0       0       0
   22124  p-1700                  1.70000   0.10000  4  1  0  0  0  2  1  9
   22124  2  0.067          2112     211       0       0       0
   22124  2  0.033          2212     111       0       0       0
   22124  2  0.187          2224    -211       0       0       0
   22124  2  0.125          2214     111       0       0       0
   22124  2  0.063          2114     211       0       0       0
   22124 -2  0.067          2112     213       0       0       0
   22124 -2  0.033          2212     113       0       0       0
   22124  3  0.283          2212     211    -211       0       0
   22124  3  0.142          2212     111     111       0       0
   21214  n-1700                  1.70000   0.10000  4  1  0  0  0  2  0  9
   21214  2  0.067          2212    -211       0       0       0
   21214  2  0.033          2112     111       0       0       0
   21214  2  0.187          1114     211       0       0       0
   21214  2  0.125          2114     111       0       0       0
   21214  2  0.063          2214    -211       0       0       0
   21214 -2  0.067          2212    -213       0       0       0
   21214 -2  0.033          2112     113       0       0       0
   21214  3  0.283          2112     211    -211       0       0
   21214  3  0.142          2112     111     111       0       0
   12224  Delta1700(++)         1.70000   0.30000  4  1  0  0  0  4  2  4
   12224  2  0.150          2212     211       0       0       0
   12224  2  0.180          2224     111       0       0       0
   12224  2  0.270          2214     211       0       0       0
   12224 -2  0.400          2212     213       0       0       0
   12214  Delta1700(+)          1.70000   0.30000  4  1  0  0  0  4  1  7
   12214  2  0.100          2212     111       0       0       0
   12214  2  0.050          2112     211       0       0       0
   12214  2  0.180          2224    -211       0       0       0
   12214  2  0.030          2214     111       0       0       0
   12214  2  0.240          2114     211       0       0       0
   12214 -2  0.267          2212     113       0       0       0
   12214 -2  0.133          2112     213       0       0       0
   12114  Delta1700(0)          1.70000   0.30000  4  1  0  0  0  4  0  7
   12114  2  0.100          2112     111       0       0       0
   12114  2  0.050          2212    -211       0       0       0
   12114  2  0.180          1114     211       0       0       0
   12114  2  0.030          2114     111       0       0       0
   12114  2  0.240          2214    -211       0       0       0
   12114 -2  0.267          2112     113       0       0       0
   12114 -2  0.133          2212    -213       0       0       0
   11114  Delta1700(-)          1.70000   0.30000  4  1  0  0  0  4 -1  4
   11114  2  0.150          2112    -211       0       0       0
   11114  2  0.180          1114     111       0       0       0
   11114  2  0.270          2114    -211       0       0       0
   11114 -2  0.400          2112    -213       0       0       0
   42212  p-1710                  1.71000   0.10000  2  1  0  0  0  2  1 12
   42212  2  0.100          2112     211       0       0       0
   42212  2  0.050          2212     111       0       0       0
   42212  2  0.062          2212     221       0       0       0
   42212  2  0.150          3122     321       0       0       0
   42212  2  0.137          2224    -211       0       0       0
   42212  2  0.092          2214     111       0       0       0
   42212  2  0.046          2114     211       0       0       0
   42212 -2  0.100          2112     213       0       0       0
   42212 -2  0.050          2212     113       0       0       0
   42212  3  0.055          2212     211    -211       0       0
   42212  3  0.028          2212     111     111       0       0
   42212 -2  0.130          2212     223       0       0       0
   42112  n-1710                  1.71000   0.10000  2  1  0  0  0  2  0 12
   42112  2  0.100          2212    -211       0       0       0
   42112  2  0.050          2112     111       0       0       0
   42112  2  0.062          2112     221       0       0       0
   42112  2  0.150          3122     311       0       0       0
   42112  2  0.137          1114     211       0       0       0
   42112  2  0.092          2114     111       0       0       0
   42112  2  0.046          2214    -211       0       0       0
   42112 -2  0.100          2212    -213       0       0       0
   42112 -2  0.050          2112     113       0       0       0
   42112  3  0.055          2112     211    -211       0       0
   42112  3  0.028          2112     111     111       0       0
   42112 -2  0.130          2112     223       0       0       0
   10331  f0-1710                 1.71500   0.13800  1  0  0  0  0  1  0  5
   10331  2  0.315           321    -321       0       0       0
   10331  2  0.315           311    -311       0       0       0
   10331  2  0.046           211    -211       0       0       0
   10331  2  0.023           111     111       0       0       0
   10331  2  0.301           221     221       0       0       0
   30323  K*1680(+)             1.71700   0.32200  3  0  1  0  0  2  1  6
   30323  2  0.258           311     211       0       0       0
   30323  2  0.129           321     111       0       0       0
   30323  2  0.209           311     213       0       0       0
   30323  2  0.105           321     113       0       0       0
   30323  2  0.199           313     211       0       0       0
   30323  2  0.100           323     111       0       0       0
  -30323  K*1680(-)             1.71700   0.32200  3  0 -1  0  0  2 -1  6
  -30323  2  0.258          -311    -211       0       0       0
  -30323  2  0.129          -321     111       0       0       0
  -30323  2  0.209          -311    -213       0       0       0
  -30323  2  0.105          -321     113       0       0       0
  -30323  2  0.199          -313    -211       0       0       0
  -30323  2  0.100          -323     111       0       0       0
   30313  K*1680(0)             1.71700   0.32200  3  0  1  0  0  2  0  6
   30313  2  0.258           321    -211       0       0       0
   30313  2  0.129           311     111       0       0       0
   30313  2  0.209           321    -213       0       0       0
   30313  2  0.105           311     113       0       0       0
   30313  2  0.199           323    -211       0       0       0
   30313  2  0.100           313     111       0       0       0
  -30313  Anti-K*1680(0)        1.71700   0.32200  3  0 -1  0  0  2  0  6
  -30313  2  0.258          -321     211       0       0       0
  -30313  2  0.129          -311     111       0       0       0
  -30313  2  0.209          -321     213       0       0       0
  -30313  2  0.105          -311     113       0       0       0
  -30313  2  0.199          -323     211       0       0       0
  -30313  2  0.100          -313     111       0       0       0
   30213  rho1700(+)           1.72000   0.25000  3  0  0  0  0  3  1  4
   30213  3  0.367          -213     211     211       0       0
   30213  3  0.267           113     211     111       0       0
   30213  3  0.233           213     211    -211       0       0
   30213  3  0.133           213     111     111       0       0
   30113  rho1700(0)           1.72000   0.25000  3  0  0  0  0  3  0  4
   30113  3  0.267           213    -211     111       0       0
   30113  3  0.267           113     211    -211       0       0
   30113  3  0.267          -213     211     111       0       0
   30113  3  0.199           113     111     111       0       0
  -30213  rho1700(-)           1.72000   0.25000  3  0  0  0  0  3 -1  4
  -30213  3  0.367           213    -211    -211       0       0
  -30213  3  0.267           113    -211     111       0       0
  -30213  3  0.233          -213     211    -211       0       0
  -30213  3  0.133          -213     111     111       0       0
   32124  p-1720                  1.72000   0.20000  4  1  0  0  0  2  1 11
   32124  2  0.080          2112     211       0       0       0
   32124  2  0.040          2212     111       0       0       0
   32124  2  0.040          2212     221       0       0       0
   32124  2  0.090          3122     321       0       0       0
   32124  2  0.013          2224    -211       0       0       0
   32124  2  0.008          2214     111       0       0       0
   32124  2  0.004          2114     211       0       0       0
   32124  2  0.467          2112     213       0       0       0
   32124  2  0.233          2212     113       0       0       0
   32124  3  0.017          2212     211    -211       0       0
   32124  3  0.008          2212     111     111       0       0
   31214  n-1720                  1.72000   0.20000  4  1  0  0  0  2  0 11
   31214  2  0.080          2212    -211       0       0       0
   31214  2  0.040          2112     111       0       0       0
   31214  2  0.040          2112     221       0       0       0
   31214  2  0.090          3122     311       0       0       0
   31214  2  0.013          1114     211       0       0       0
   31214  2  0.008          2114     111       0       0       0
   31214  2  0.004          2214    -211       0       0       0
   31214  2  0.467          2212    -213       0       0       0
   31214  2  0.233          2112     113       0       0       0
   31214  3  0.017          2112     211    -211       0       0
   31214  3  0.008          2112     111     111       0       0
   23222  Sigma(+)1750          1.75000   0.09000  2  1 -1  0  0  3  1  4
   23222  2  0.400          2212    -311       0       0       0
   23222  2  0.520          3222     221       0       0       0
   23222  2  0.040          3224     111       0       0       0
   23222  2  0.040          3214     211       0       0       0
   23212  Sigma(0)1750          1.75000   0.09000  2  1 -1  0  0  3  0  5
   23212  2  0.200          2212    -321       0       0       0
   23212  2  0.200          2112    -311       0       0       0
   23212  2  0.520          3212     221       0       0       0    
   23212  2  0.040          3224    -211       0       0       0
   23212  2  0.040          3114     211       0       0       0
   23112  Sigma(-)1750          1.75000   0.09000  2  1 -1  0  0  3 -1  4
   23112  2  0.400          2112    -321       0       0       0
   23112  2  0.520          3112     221       0       0       0
   23112  2  0.040          3114     111       0       0       0
   23112  2  0.040          3214    -211       0       0       0
   10325  K2-1770(+)             1.77300   0.18600  5  0  1  0  0  2  1  4
   10325  2  0.500           315     211       0       0       0
   10325  2  0.250           325     111       0       0       0
   10325  2  0.167           313     211       0       0       0
   10325  2  0.083           323     111       0       0       0
  -10325  K2-1770(-)             1.77300   0.18600  5  0 -1  0  0  2 -1  4
  -10325  2  0.500          -315    -211       0       0       0
  -10325  2  0.250          -325     111       0       0       0
  -10325  2  0.167          -313    -211       0       0       0
  -10325  2  0.083          -323     111       0       0       0
   10315  K2-1770(0)             1.77300   0.18600  5  0  1  0  0  2  0  4
   10315  2  0.500           325    -211       0       0       0
   10315  2  0.250           315     111       0       0       0
   10315  2  0.167           323    -211       0       0       0
   10315  2  0.083           313     111       0       0       0
  -10315  Anti-K2-1770(0)        1.77300   0.18600  5  0 -1  0  0  2  0  4
  -10315  2  0.500          -325     211       0       0       0
  -10315  2  0.250          -315     111       0       0       0
  -10315  2  0.167          -323     211       0       0       0
  -10315  2  0.083          -313     111       0       0       0
    3226  Sigma(+)1775          1.77500   0.12000  6  1 -1  0  0  3  1  7
    3226  2  0.450          2212    -311       0       0       0
    3226  2  0.207          3122     211       0       0       0
    3226  2  0.012          3222     111       0       0       0
    3226  2  0.012          3212     211       0       0       0
    3226  2  0.049          3224     111       0       0       0
    3226  2  0.049          3214     211       0       0       0
    3226  2  0.221          3124     211       0       0       0
    3216  Sigma(0)1775          1.77500   0.12000  6  1 -1  0  0  3  0  8
    3216  2  0.225          2212    -321       0       0       0
    3216  2  0.225          2112    -311       0       0       0
    3216  2  0.207          3122     111       0       0       0    
    3216  2  0.012          3222    -211       0       0       0
    3216  2  0.012          3112     211       0       0       0
    3216  2  0.049          3224    -211       0       0       0
    3216  2  0.049          3114     211       0       0       0
    3216  2  0.221          3124     111       0       0       0
    3116  Sigma(-)1775          1.77500   0.12000  6  1 -1  0  0  3 -1  7
    3116  2  0.450          2112    -321       0       0       0
    3116  2  0.207          3122    -211       0       0       0
    3116  2  0.012          3112     111       0       0       0
    3116  2  0.012          3212    -211       0       0       0
    3116  2  0.049          3114     111       0       0       0
    3116  2  0.049          3214    -211       0       0       0
    3116  2  0.221          3124    -211       0       0       0
     327  K3*1780(+)            1.77600   0.15900  7  0  1  0  0  2  1  7
     327  2  0.207           311     213       0       0       0
     327  2  0.103           321     113       0       0       0
     327  2  0.133           313     211       0       0       0
     327  2  0.067           323     111       0       0       0
     327  2  0.127           311     211       0       0       0
     327  2  0.063           321     111       0       0       0
     327  2  0.300           321     221       0       0       0
    -327  K3*1780(-)            1.77600   0.15900  7  0 -1  0  0  2 -1  7
    -327  2  0.207          -311    -213       0       0       0
    -327  2  0.103          -321     113       0       0       0
    -327  2  0.133          -313    -211       0       0       0
    -327  2  0.067          -323     111       0       0       0
    -327  2  0.127          -311    -211       0       0       0
    -327  2  0.063          -321     111       0       0       0
    -327  2  0.300          -321     221       0       0       0
     317  K3*1780(0)            1.77600   0.15900  7  0  1  0  0  2  0  7
     317  2  0.207           321    -213       0       0       0
     317  2  0.103           311     113       0       0       0
     317  2  0.133           323    -211       0       0       0
     317  2  0.067           313     111       0       0       0
     317  2  0.127           321    -211       0       0       0
     317  2  0.063           311     111       0       0       0
     317  2  0.300           311     221       0       0       0
    -317  Anti-K3*1780(0)       1.77600   0.15900  7  0 -1  0  0  2  0  7
    -317  2  0.207          -321     213       0       0       0
    -317  2  0.103          -311     113       0       0       0
    -317  2  0.133          -323     211       0       0       0
    -317  2  0.067          -313     111       0       0       0
    -317  2  0.127          -321     211       0       0       0
    -317  2  0.063          -311     111       0       0       0
    -317  2  0.300          -311     221       0       0       0
   43122  Lambda-1800             1.80000   0.30000  2  1 -1  0  0  1  0 10
   43122  2  0.067          3222    -211       0       0       0
   43122  2  0.066          3212     111       0       0       0
   43122  2  0.067          3112     211       0       0       0
   43122  2  0.200          2212    -321       0       0       0
   43122  2  0.200          2112    -311       0       0       0
   43122  2  0.067          3224    -211       0       0       0
   43122  2  0.066          3214     111       0       0       0
   43122  2  0.067          3114     211       0       0       0
   43122 -2  0.100          2212    -323       0       0       0
   43122 -2  0.100          2112    -313       0       0       0
   53122  Lambda-1810             1.81000   0.15000  2  1 -1  0  0  1  0  7
   53122  2  0.083          3222    -211       0       0       0
   53122  2  0.084          3212     111       0       0       0
   53122  2  0.083          3112     211       0       0       0
   53122  2  0.175          2212    -321       0       0       0
   53122  2  0.175          2112    -311       0       0       0
   53122 -2  0.200          2212    -323       0       0       0
   53122 -2  0.200          2112    -313       0       0       0
 910211  Pion1800(+)           1.81200   0.20700  1  0  0  0  0  3  1  4
 910211  3  0.405           211     211    -211       0       0
 910211  3  0.203           211     111     111       0       0
 910211  3  0.304           221     221     211       0       0
 910211  3  0.088           331     221     211       0       0
 910111  Pion1800(0)           1.81200   0.20700  1  0  0  0  0  3  0  4
 910111  3  0.405           211    -211     111       0       0
 910111  3  0.203           111     111     111       0       0
 910111  3  0.304           221     221     111       0       0
 910111  3  0.088           331     221     111       0       0
-910211  Pion1800(-)           1.81200   0.20700  1  0  0  0  0  3 -1  4
-910211  3  0.405           211    -211    -211       0       0
-910211  3  0.203          -211     111     111       0       0
-910211  3  0.304           221     221    -211       0       0
-910211  3  0.088           331     221    -211       0       0
   20325  K2-1820-(+)             1.81600   0.27600  5  0  1  0  0  2  1  8
   20325  3  0.250           321     211    -211       0       0
   20325  3  0.167           311     211     111       0       0
   20325  3  0.083           321     111     111       0       0
   20325  2  0.128           325     111       0       0       0
   20325  2  0.257           315     211       0       0       0
   20325  2  0.008           323     111       0       0       0
   20325  2  0.017           313     211       0       0       0
   20325  2  0.090           321     225       0       0       0
  -20325  K2-1820(-)             1.81600   0.27600  5  0 -1  0  0  2 -1  8
  -20325  3  0.250          -321     211    -211       0       0
  -20325  3  0.167          -311     111    -211       0       0
  -20325  3  0.083          -321     111     111       0       0
  -20325  2  0.128          -325     111       0       0       0
  -20325  2  0.257          -315    -211       0       0       0
  -20325  2  0.008          -323     111       0       0       0
  -20325  2  0.017          -313    -211       0       0       0
  -20325  2  0.090          -321     225       0       0       0
   20315  K2-1820(0)             1.81600   0.27600  5  0  1  0  0  2  0  8
   20315  3  0.250           311     211    -211       0       0
   20315  3  0.167           321     111    -211       0       0
   20315  3  0.083           311     111     111       0       0
   20315  2  0.128           315     111       0       0       0
   20315  2  0.257           325    -211       0       0       0
   20315  2  0.008           313     111       0       0       0
   20315  2  0.017           323    -211       0       0       0
   20315  2  0.090           311     225       0       0       0
  -20315  Anti-K2-1820(0)        1.81600   0.27600  5  0 -1  0  0  2  0  8
  -20315  3  0.250          -311     211    -211       0       0
  -20315  3  0.167          -321     211     111       0       0
  -20315  3  0.083          -311     111     111       0       0
  -20315  2  0.128          -315     111       0       0       0
  -20315  2  0.257          -325     211       0       0       0
  -20315  2  0.008          -313     111       0       0       0
  -20315  2  0.017          -323     211       0       0       0
  -20315  2  0.090          -311     225       0       0       0
    3126  Lambda1820             1.82000   0.08000  6  1 -1  0  0  1  0  8
    3126  2  0.067          3222    -211       0       0       0
    3126  2  0.066          3212     111       0       0       0
    3126  2  0.067          3112     211       0       0       0
    3126  2  0.350          2212    -321       0       0       0
    3126  2  0.350          2112    -311       0       0       0
    3126  2  0.033          3224    -211       0       0       0
    3126  2  0.034          3214     111       0       0       0
    3126  2  0.033          3114     211       0       0       0
   13324  Xsi(0)1820            1.82300   0.02400  4  1 -2  0  0  2  0  7
   13324  2  0.500          3122    -311       0       0       0
   13324  2  0.100          3222    -321       0       0       0
   13324  2  0.050          3212    -311       0       0       0
   13324  2  0.033          3322     111       0       0       0
   13324  2  0.067          3312     211       0       0       0
   13324  2  0.083          3324     111       0       0       0
   13324  2  0.167          3314     211       0       0       0
   13314  Xsi(-)1820            1.82300   0.02400  4  1 -2  0  0  2 -1  7
   13314  2  0.500          3122    -321       0       0       0
   13314  2  0.050          3212    -321       0       0       0
   13314  2  0.100          3112    -311       0       0       0
   13314  2  0.067          3322    -211       0       0       0
   13314  2  0.033          3312     111       0       0       0
   13314  2  0.167          3324    -211       0       0       0
   13314  2  0.083          3314     111       0       0       0
   13126  Lambda1830             1.83000   0.09500  6  1 -1  0  0  1  0  8
   13126  2  0.183          3222    -211       0       0       0
   13126  2  0.184          3212     111       0       0       0
   13126  2  0.183          3112     211       0       0       0
   13126  2  0.030          2212    -321       0       0       0
   13126  2  0.030          2112    -311       0       0       0
   13126  2  0.130          3224    -211       0       0       0
   13126  2  0.130          3214     111       0       0       0
   13126  2  0.130          3114     211       0       0       0
     337  phi3-1850               1.85400   0.08700  7  0  0  0  0  1  0  6
     337  2  0.322           321    -321       0       0       0
     337  2  0.322           311    -311       0       0       0
     337  2  0.089           323    -321       0       0       0
     337  2  0.089           313    -311       0       0       0
     337  2  0.089          -323     321       0       0       0
     337  2  0.089          -313     311       0       0       0
   23124  Lambda1890             1.89000   0.10000  4  1 -1  0  0  1  0 10
   23124  2  0.033          3222    -211       0       0       0
   23124  2  0.034          3212     111       0       0       0
   23124  2  0.033          3112     211       0       0       0
   23124  2  0.200          2212    -321       0       0       0
   23124  2  0.200          2112    -311       0       0       0
   23124  2  0.083          3224    -211       0       0       0
   23124  2  0.084          3214     111       0       0       0
   23124  2  0.083          3114     211       0       0       0
   23124  2  0.125          2212    -323       0       0       0
   23124  2  0.125          2112    -313       0       0       0
    2226  Delta1905(++)         1.89000   0.33000  6  1  0  0  0  4  2  4
    2226  2  0.120          2212     211       0       0       0
    2226  2  0.060          2224     111       0       0       0
    2226  2  0.090          2214     211       0       0       0
    2226  2  0.730          2212     213       0       0       0
    2126  Delta1905(+)          1.89000   0.33000  6  1  0  0  0  4  1  7
    2126  2  0.080          2212     111       0       0       0
    2126  2  0.040          2112     211       0       0       0
    2126  2  0.060          2224    -211       0       0       0
    2126  2  0.010          2214     111       0       0       0
    2126  2  0.080          2114     211       0       0       0
    2126  2  0.487          2212     113       0       0       0
    2126  2  0.243          2112     213       0       0       0
    1216  Delta1905(0)          1.89000   0.33000  6  1  0  0  0  4  0  7
    1216  2  0.080          2112     111       0       0       0
    1216  2  0.040          2212    -211       0       0       0
    1216  2  0.060          1114     211       0       0       0
    1216  2  0.010          2114     111       0       0       0
    1216  2  0.080          2214    -211       0       0       0
    1216  2  0.487          2112     113       0       0       0
    1216  2  0.243          2212    -213       0       0       0
    1116  Delta1905(-)          1.89000   0.33000  6  1  0  0  0  4 -1  4
    1116  2  0.120          2112    -211       0       0       0
    1116  2  0.060          1114     111       0       0       0
    1116  2  0.090          2114    -211       0       0       0
    1116  2  0.730          2112    -213       0       0       0
   22222  Delta1910(++)         1.91000   0.25000  2  1  0  0  0  4  2  5
   22222  2  0.225          2212     211       0       0       0
   22222  2  0.015          2224     111       0       0       0
   22222  2  0.010          2214     211       0       0       0
   22222  2  0.190          2212     213       0       0       0
   22222  2  0.560         12212     211       0       0       0
   22122  Delta1910(+)          1.91000   0.25000  2  1  0  0  0  4  1  9
   22122  2  0.150          2212     111       0       0       0
   22122  2  0.075          2112     211       0       0       0
   22122  2  0.010          2224    -211       0       0       0
   22122  2  0.002          2214     111       0       0       0
   22122  2  0.013          2114     211       0       0       0
   22122  2  0.127          2212     113       0       0       0
   22122  2  0.063          2112     213       0       0       0
   22122  2  0.373         12212     111       0       0       0
   22122  2  0.187         12112     211       0       0       0
   21212  Delta1910(0)          1.91000   0.25000  2  1  0  0  0  4  0  9
   21212  2  0.150          2112     111       0       0       0
   21212  2  0.075          2212    -211       0       0       0
   21212  2  0.010          1114     211       0       0       0
   21212  2  0.002          2114     111       0       0       0
   21212  2  0.013          2214    -211       0       0       0
   21212  2  0.127          2112     113       0       0       0
   21212  2  0.063          2212    -213       0       0       0
   21212  2  0.373         12112     111       0       0       0
   21212  2  0.187         12212    -211       0       0       0
   21112  Delta1910(-)          1.91000   0.25000  2  1  0  0  0  4 -1  5
   21112  2  0.225          2112    -211       0       0       0
   21112  2  0.015          1114     111       0       0       0
   21112  2  0.010          2114    -211       0       0       0
   21112  2  0.190          2112    -213       0       0       0
   21112  2  0.560         12112    -211       0       0       0
   13226  Sigma(+)1915          1.91500   0.12000  6  1 -1  0  0  3  1  6
   13226  2  0.150          2212    -311       0       0       0
   13226  2  0.400          3122     211       0       0       0
   13226  2  0.200          3222     111       0       0       0
   13226  2  0.200          3212     211       0       0       0
   13226  2  0.025          3224     111       0       0       0
   13226  2  0.025          3214     211       0       0       0
   13216  Sigma(0)1915          1.91500   0.12000  6  1 -1  0  0  3  0  7
   13216  2  0.075          2212    -321       0       0       0
   13216  2  0.075          2112    -311       0       0       0
   13216  2  0.400          3122     111       0       0       0    
   13216  2  0.200          3222    -211       0       0       0
   13216  2  0.200          3112     211       0       0       0
   13216  2  0.025          3224    -211       0       0       0
   13216  2  0.025          3114     211       0       0       0
   13116  Sigma(-)1915          1.91500   0.12000  6  1 -1  0  0  3 -1  6
   13116  2  0.150          2112    -321       0       0       0
   13116  2  0.400          3122    -211       0       0       0
   13116  2  0.200          3112     111       0       0       0
   13116  2  0.200          3212    -211       0       0       0
   13116  2  0.025          3114     111       0       0       0
   13116  2  0.025          3214    -211       0       0       0
   22224  Delta1920(++)         1.92000   0.20000  4  1  0  0  0  4  2  5
   22224  2  0.120          2212     211       0       0       0
   22224  2  0.021          3222     321       0       0       0
   22224  2  0.234          2224     111       0       0       0
   22224  2  0.156          2214     211       0       0       0
   22224  2  0.469         12212     211       0       0       0
   22214  Delta1920(+)          1.92000   0.20000  4  1  0  0  0  4  1  9
   22214  2  0.080          2212     111       0       0       0
   22214  2  0.040          2112     211       0       0       0
   22214  2  0.007          3222     311       0       0       0
   22214  2  0.014          3212     321       0       0       0
   22214  2  0.156          2224    -211       0       0       0
   22214  2  0.026          2214     111       0       0       0
   22214  2  0.208          2114     211       0       0       0
   22214  2  0.313         12212     111       0       0       0
   22214  2  0.156         12112     211       0       0       0
   22114  Delta1920(0)          1.92000   0.20000  4  1  0  0  0  4  0  9
   22114  2  0.080          2112     111       0       0       0
   22114  2  0.040          2212    -211       0       0       0
   22114  2  0.007          3112     321       0       0       0
   22114  2  0.014          3212     311       0       0       0
   22114  2  0.156          1114     211       0       0       0
   22114  2  0.026          2114     111       0       0       0
   22114  2  0.208          2214    -211       0       0       0
   22114  2  0.313         12112     111       0       0       0
   22114  2  0.156         12212    -211       0       0       0
   21114  Delta1920(-)          1.92000   0.20000  4  1  0  0  0  4 -1  5
   21114  2  0.120          2112    -211       0       0       0
   21114  2  0.021          3112     311       0       0       0
   21114  2  0.234          1114     111       0       0       0
   21114  2  0.156          2114    -211       0       0       0
   21114  2  0.469         12112    -211       0       0       0
    2228  Delta1950(++)         1.93000   0.28500  8  1  0  0  0  4  2  5
    2228  2  0.500          2212     211       0       0       0
    2228  2  0.010          3222     321       0       0       0
    2228  2  0.240          2224     111       0       0       0
    2228  2  0.160          2214     211       0       0       0
    2228  2  0.090          2212     213       0       0       0
    2218  Delta1950(+)          1.93000   0.28500  8  1  0  0  0  4  1  9
    2218  2  0.333          2212     111       0       0       0
    2218  2  0.167          2112     211       0       0       0
    2218  2  0.003          3222     311       0       0       0
    2218  2  0.007          3212     321       0       0       0
    2218  2  0.160          2224    -211       0       0       0
    2218  2  0.027          2214     111       0       0       0
    2218  2  0.213          2114     211       0       0       0
    2218  2  0.060          2212     113       0       0       0
    2218  2  0.030          2112     213       0       0       0
    2118  Delta1950(0)          1.93000   0.28500  8  1  0  0  0  4  0  9
    2118  2  0.333          2112     111       0       0       0
    2118  2  0.167          2212    -211       0       0       0
    2118  2  0.003          3112     321       0       0       0
    2118  2  0.007          3212     311       0       0       0
    2118  2  0.160          1114     211       0       0       0
    2118  2  0.027          2114     111       0       0       0
    2118  2  0.213          2214    -211       0       0       0
    2118  2  0.060          2112     113       0       0       0
    2118  2  0.030          2212    -213       0       0       0
    1118  Delta1950(-)          1.93000   0.28500  8  1  0  0  0  4 -1  5
    1118  2  0.500          2112    -211       0       0       0
    1118  2  0.010          3112     311       0       0       0
    1118  2  0.240          1114     111       0       0       0
    1118  2  0.160          2114    -211       0       0       0
    1118  2  0.090          2112    -213       0       0       0
   23224  Sigma(+)1940          1.94000   0.22000  4  1 -1  0  0  3  1 10
   23224  2  0.100          2212    -311       0       0       0
   23224  2  0.150          3122     211       0       0       0
   23224  2  0.075          3222     111       0       0       0
   23224  2  0.075          3212     211       0       0       0
   23224  2  0.075          3224     111       0       0       0
   23224  2  0.075          3214     211       0       0       0
   23224  2  0.150          3124     211       0       0       0
   23224  2  0.113          2224    -321       0       0       0
   23224  2  0.037          2214    -311       0       0       0
   23224  2  0.150          2212    -313       0       0       0
   23214  Sigma(0)1940          1.94000   0.22000  4  1 -1  0  0  3  0 12
   23214  2  0.050          2212    -321       0       0       0
   23214  2  0.050          2112    -311       0       0       0
   23214  2  0.150          3122     111       0       0       0    
   23214  2  0.075          3222    -211       0       0       0
   23214  2  0.075          3112     211       0       0       0
   23214  2  0.075          3224    -211       0       0       0
   23214  2  0.075          3114     211       0       0       0
   23214  2  0.150          3124     111       0       0       0
   23214  2  0.075          2214    -321       0       0       0
   23214  2  0.075          2114    -311       0       0       0
   23214  2  0.075          2212    -323       0       0       0
   23214  2  0.075          2112    -313       0       0       0
   23114  Sigma(-)1940          1.94000   0.22000  4  1 -1  0  0  3 -1 10
   23114  2  0.100          2112    -321       0       0       0
   23114  2  0.150          3122    -211       0       0       0
   23114  2  0.075          3112     111       0       0       0
   23114  2  0.075          3212    -211       0       0       0
   23114  2  0.075          3114     111       0       0       0
   23114  2  0.075          3214    -211       0       0       0
   23114  2  0.150          3124    -211       0       0       0
   23114  2  0.113          1114    -311       0       0       0
   23114  2  0.037          2114    -321       0       0       0
   23114  2  0.150          2112    -323       0       0       0
 950225  f2-1950                 1.94500   0.47500  5  0  0  0  0  1  0  9
 950225  2  0.255           111     111       0       0       0
 950225  2  0.510           211    -211       0       0       0
 950225  2  0.071           221     221       0       0       0
 950225  4  0.066           211    -211     111     111       0
 950225  4  0.026           211     211    -211    -211       0
 950225  2  0.023           321    -321       0       0       0
 950225  2  0.023           311    -311       0       0       0
 950225  2  0.013           323    -323       0       0       0
 950225  2  0.013           313    -313       0       0       0
   23324  Xsi(0)1950            1.95000   0.06000  4  1 -2  0  0  2  0  3
   23324  2  0.500          3122    -311       0       0       0
   23324  2  0.333          3312     211       0       0       0
   23324  2  0.167          3322     111       0       0       0
   23314  Xsi(-)1950            1.95000   0.06000  4  1 -2  0  0  2 -1  3
   23314  2  0.500          3122    -321       0       0       0
   23314  2  0.333          3322    -211       0       0       0
   23314  2  0.167          3312     111       0       0       0 
   12226  Delta1930(++)         1.96000   0.36000  6  1  0  0  0  4  2  1
   12226  2  1.000          2212     211       0       0       0
   12126  Delta1930(+)          1.96000   0.36000  6  1  0  0  0  4  1  2
   12126  2  0.667          2212     111       0       0       0
   12126  2  0.333          2112     211       0       0       0
   11216  Delta1930(0)          1.96000   0.36000  6  1  0  0  0  4  0  2
   11216  2  0.667          2112     111       0       0       0
   11216  2  0.333          2212    -211       0       0       0
   11116  Delta1930(-)          1.96000   0.36000  6  1  0  0  0  4 -1  1
   11116  2  1.000          2112    -211       0       0       0
 960225  f2-2010                 2.01100   0.20200  5  0  0  0  0  1  0  1
 960225 -2  1.000           333     333       0       0       0
   13334  Omega2250              2.25200   0.05500  4  1 -3  0  0  1 -1  2 
   13334  2  0.500          3324    -321       0       0       0      
   13334  3  0.500          3312    -321     211       0       0      
