   61.0010000000000     
  0.500000000000000              501
   0.6335516147   0.0000000000   0.0000000000
   0.6332994704   0.0000000000   0.0000000000
   0.6330470223   0.0000000000   0.0000000000
   0.6327942700   0.0000000000   0.0000000000
   0.6325412123   0.0000000000   0.0000000000
   0.6322878481   0.0000000000   0.0000000000
   0.6320341767   0.0000000000   0.0000000000
   0.6317801977   0.0000000000   0.0000000000
   0.6315259094   0.0000000000   0.0000000000
   0.6312713115   0.0000000000   0.0000000000
   0.6310164030   0.0000000000   0.0000000000
   0.6307611830   0.0000000000   0.0000000000
   0.6305056505   0.0000000000   0.0000000000
   0.6302498047   0.0000000000   0.0000000000
   0.6299936445   0.0000000000   0.0000000000
   0.6297371696   0.0000000000   0.0000000000
   0.6294803785   0.0000000000   0.0000000000
   0.6292232702   0.0000000000   0.0000000000
   0.6289658443   0.0000000000   0.0000000000
   0.6287080995   0.0000000000   0.0000000000
   0.6284500350   0.0000000000   0.0000000000
   0.6281916500   0.0000000000   0.0000000000
   0.6279329435   0.0000000000   0.0000000000
   0.6276739146   0.0000000000   0.0000000000
   0.6274145619   0.0000000000   0.0000000000
   0.6271548851   0.0000000000   0.0000000000
   0.6268948827   0.0000000000   0.0000000000
   0.6266345544   0.0000000000   0.0000000000
   0.6263738985   0.0000000000   0.0000000000
   0.6261129148   0.0000000000   0.0000000000
   0.6258516015   0.0000000000   0.0000000000
   0.6255899583   0.0000000000   0.0000000000
   0.6253279839   0.0000000000   0.0000000000
   0.6250656776   0.0000000000   0.0000000000
   0.6248030381   0.0000000000   0.0000000000
   0.6245400645   0.0000000000   0.0000000000
   0.6242767559   0.0000000000   0.0000000000
   0.6240131111   0.0000000000   0.0000000000
   0.6237491296   0.0000000000   0.0000000000
   0.6234848098   0.0000000000   0.0000000000
   0.6232201509   0.0000000000   0.0000000000
   0.6229551516   0.0000000000   0.0000000000
   0.6226898117   0.0000000000   0.0000000000
   0.6224241294   0.0000000000   0.0000000000
   0.6221581037   0.0000000000   0.0000000000
   0.6218917341   0.0000000000   0.0000000000
   0.6216250191   0.0000000000   0.0000000000
   0.6213579578   0.0000000000   0.0000000000
   0.6210905494   0.0000000000   0.0000000000
   0.6208227922   0.0000000000   0.0000000000
   0.6205546857   0.0000000000   0.0000000000
   0.6202862285   0.0000000000   0.0000000000
   0.6200174199   0.0000000000   0.0000000000
   0.6197482584   0.0000000000   0.0000000000
   0.6194787432   0.0000000000   0.0000000000
   0.6192088733   0.0000000000   0.0000000000
   0.6189386473   0.0000000000   0.0000000000
   0.6186680640   0.0000000000   0.0000000000
   0.6183971227   0.0000000000   0.0000000000
   0.6181258224   0.0000000000   0.0000000000
   0.6178541614   0.0000000000   0.0000000000
   0.6175821389   0.0000000000   0.0000000000
   0.6173097540   0.0000000000   0.0000000000
   0.6170370049   0.0000000000   0.0000000000
   0.6167638914   0.0000000000   0.0000000000
   0.6164904116   0.0000000000   0.0000000000
   0.6162165646   0.0000000000   0.0000000000
   0.6159423493   0.0000000000   0.0000000000
   0.6156677644   0.0000000000   0.0000000000
   0.6153928087   0.0000000000   0.0000000000
   0.6151174815   0.0000000000   0.0000000000
   0.6148417811   0.0000000000   0.0000000000
   0.6145657064   0.0000000000   0.0000000000
   0.6142892565   0.0000000000   0.0000000000
   0.6140124298   0.0000000000   0.0000000000
   0.6137352256   0.0000000000   0.0000000000
   0.6134576420   0.0000000000   0.0000000000
   0.6131796784   0.0000000000   0.0000000000
   0.6129013337   0.0000000000   0.0000000000
   0.6126226060   0.0000000000   0.0000000000
   0.6123434944   0.0000000000   0.0000000000
   0.6120639978   0.0000000000   0.0000000000
   0.6117841147   0.0000000000   0.0000000000
   0.6115038441   0.0000000000   0.0000000000
   0.6112231846   0.0000000000   0.0000000000
   0.6109421350   0.0000000000   0.0000000000
   0.6106606941   0.0000000000   0.0000000000
   0.6103788604   0.0000000000   0.0000000000
   0.6100966327   0.0000000000   0.0000000000
   0.6098140098   0.0000000000   0.0000000000
   0.6095309905   0.0000000000   0.0000000000
   0.6092475731   0.0000000000   0.0000000000
   0.6089637567   0.0000000000   0.0000000000
   0.6086795397   0.0000000000   0.0000000000
   0.6083949212   0.0000000000   0.0000000000
   0.6081098993   0.0000000000   0.0000000000
   0.6078244732   0.0000000000   0.0000000000
   0.6075386409   0.0000000000   0.0000000000
   0.6072524018   0.0000000000   0.0000000000
   0.6069657542   0.0000000000   0.0000000000
   0.6066786964   0.0000000000   0.0000000000
   0.6063912277   0.0000000000   0.0000000000
   0.6061033462   0.0000000000   0.0000000000
   0.6058150507   0.0000000000   0.0000000000
   0.6055263398   0.0000000000   0.0000000000
   0.6052372123   0.0000000000   0.0000000000
   0.6049476663   0.0000000000   0.0000000000
   0.6046577008   0.0000000000   0.0000000000
   0.6043673144   0.0000000000   0.0000000000
   0.6040765054   0.0000000000   0.0000000000
   0.6037852724   0.0000000000   0.0000000000
   0.6034936140   0.0000000000   0.0000000000
   0.6032015289   0.0000000000   0.0000000000
   0.6029090155   0.0000000000   0.0000000000
   0.6026160724   0.0000000000   0.0000000000
   0.6023226981   0.0000000000   0.0000000000
   0.6020288910   0.0000000000   0.0000000000
   0.6017346497   0.0000000000   0.0000000000
   0.6014399726   0.0000000000   0.0000000000
   0.6011448584   0.0000000000   0.0000000000
   0.6008493055   0.0000000000   0.0000000000
   0.6005533121   0.0000000000   0.0000000000
   0.6002568771   0.0000000000   0.0000000000
   0.5999599988   0.0000000000   0.0000000000
   0.5996626754   0.0000000000   0.0000000000
   0.5993649058   0.0000000000   0.0000000000
   0.5990666879   0.0000000000   0.0000000000
   0.5987680207   0.0000000000   0.0000000000
   0.5984689019   0.0000000000   0.0000000000
   0.5981693308   0.0000000000   0.0000000000
   0.5978693051   0.0000000000   0.0000000000
   0.5975688232   0.0000000000   0.0000000000
   0.5972678838   0.0000000000   0.0000000000
   0.5969664852   0.0000000000   0.0000000000
   0.5966646258   0.0000000000   0.0000000000
   0.5963623039   0.0000000000   0.0000000000
   0.5960595174   0.0000000000   0.0000000000
   0.5957562653   0.0000000000   0.0000000000
   0.5954525457   0.0000000000   0.0000000000
   0.5951483567   0.0000000000   0.0000000000
   0.5948436971   0.0000000000   0.0000000000
   0.5945385645   0.0000000000   0.0000000000
   0.5942329575   0.0000000000   0.0000000000
   0.5939268745   0.0000000000   0.0000000000
   0.5936203138   0.0000000000   0.0000000000
   0.5933132736   0.0000000000   0.0000000000
   0.5930057518   0.0000000000   0.0000000000
   0.5926977472   0.0000000000   0.0000000000
   0.5923892577   0.0000000000   0.0000000000
   0.5920802812   0.0000000000   0.0000000000
   0.5917708166   0.0000000000   0.0000000000
   0.5914608617   0.0000000000   0.0000000000
   0.5911504145   0.0000000000   0.0000000000
   0.5908394734   0.0000000000   0.0000000000
   0.5905280368   0.0000000000   0.0000000000
   0.5902161027   0.0000000000   0.0000000000
   0.5899036689   0.0000000000   0.0000000000
   0.5895907338   0.0000000000   0.0000000000
   0.5892772956   0.0000000000   0.0000000000
   0.5889633520   0.0000000000   0.0000000000
   0.5886489017   0.0000000000   0.0000000000
   0.5883339424   0.0000000000   0.0000000000
   0.5880184720   0.0000000000   0.0000000000
   0.5877024892   0.0000000000   0.0000000000
   0.5873859915   0.0000000000   0.0000000000
   0.5870689770   0.0000000000   0.0000000000
   0.5867514439   0.0000000000   0.0000000000
   0.5864333902   0.0000000000   0.0000000000
   0.5861148135   0.0000000000   0.0000000000
   0.5857957123   0.0000000000   0.0000000000
   0.5854760845   0.0000000000   0.0000000000
   0.5851559280   0.0000000000   0.0000000000
   0.5848352407   0.0000000000   0.0000000000
   0.5845140204   0.0000000000   0.0000000000
   0.5841922652   0.0000000000   0.0000000000
   0.5838699731   0.0000000000   0.0000000000
   0.5835471418   0.0000000000   0.0000000000
   0.5832237693   0.0000000000   0.0000000000
   0.5828998536   0.0000000000   0.0000000000
   0.5825753921   0.0000000000   0.0000000000
   0.5822503832   0.0000000000   0.0000000000
   0.5819248244   0.0000000000   0.0000000000
   0.5815987137   0.0000000000   0.0000000000
   0.5812720489   0.0000000000   0.0000000000
   0.5809448278   0.0000000000   0.0000000000
   0.5806170478   0.0000000000   0.0000000000
   0.5802887073   0.0000000000   0.0000000000
   0.5799598035   0.0000000000   0.0000000000
   0.5796303343   0.0000000000   0.0000000000
   0.5793002978   0.0000000000   0.0000000000
   0.5789696914   0.0000000000   0.0000000000
   0.5786385128   0.0000000000   0.0000000000
   0.5783067593   0.0000000000   0.0000000000
   0.5779744294   0.0000000000   0.0000000000
   0.5776415202   0.0000000000   0.0000000000
   0.5773080292   0.0000000000   0.0000000000
   0.5769739544   0.0000000000   0.0000000000
   0.5766392934   0.0000000000   0.0000000000
   0.5763040435   0.0000000000   0.0000000000
   0.5759682025   0.0000000000   0.0000000000
   0.5756317679   0.0000000000   0.0000000000
   0.5752947370   0.0000000000   0.0000000000
   0.5749571080   0.0000000000   0.0000000000
   0.5746188776   0.0000000000   0.0000000000
   0.5742800440   0.0000000000   0.0000000000
   0.5739406042   0.0000000000   0.0000000000
   0.5736005555   0.0000000000   0.0000000000
   0.5732598960   0.0000000000   0.0000000000
   0.5729186228   0.0000000000   0.0000000000
   0.5725767332   0.0000000000   0.0000000000
   0.5722342246   0.0000000000   0.0000000000
   0.5718910944   0.0000000000   0.0000000000
   0.5715473401   0.0000000000   0.0000000000
   0.5712029591   0.0000000000   0.0000000000
   0.5708579485   0.0000000000   0.0000000000
   0.5705123056   0.0000000000   0.0000000000
   0.5701660280   0.0000000000   0.0000000000
   0.5698191125   0.0000000000   0.0000000000
   0.5694715567   0.0000000000   0.0000000000
   0.5691233577   0.0000000000   0.0000000000
   0.5687745128   0.0000000000   0.0000000000
   0.5684250189   0.0000000000   0.0000000000
   0.5680748735   0.0000000000   0.0000000000
   0.5677240739   0.0000000000   0.0000000000
   0.5673726167   0.0000000000   0.0000000000
   0.5670204995   0.0000000000   0.0000000000
   0.5666677192   0.0000000000   0.0000000000
   0.5663142729   0.0000000000   0.0000000000
   0.5659601575   0.0000000000   0.0000000000
   0.5656053701   0.0000000000   0.0000000000
   0.5652499079   0.0000000000   0.0000000000
   0.5648937678   0.0000000000   0.0000000000
   0.5645369467   0.0000000000   0.0000000000
   0.5641794416   0.0000000000   0.0000000000
   0.5638212496   0.0000000000   0.0000000000
   0.5634623673   0.0000000000   0.0000000000
   0.5631027916   0.0000000000   0.0000000000
   0.5627425196   0.0000000000   0.0000000000
   0.5623815481   0.0000000000   0.0000000000
   0.5620198737   0.0000000000   0.0000000000
   0.5616574935   0.0000000000   0.0000000000
   0.5612944041   0.0000000000   0.0000000000
   0.5609306021   0.0000000000   0.0000000000
   0.5605660845   0.0000000000   0.0000000000
   0.5602008478   0.0000000000   0.0000000000
   0.5598348887   0.0000000000   0.0000000000
   0.5594682041   0.0000000000   0.0000000000
   0.5591007903   0.0000000000   0.0000000000
   0.5587326441   0.0000000000   0.0000000000
   0.5583637620   0.0000000000   0.0000000000
   0.5579941408   0.0000000000   0.0000000000
   0.5576237766   0.0000000000   0.0000000000
   0.5572526662   0.0000000000   0.0000000000
   0.5568808059   0.0000000000   0.0000000000
   0.5565081922   0.0000000000   0.0000000000
   0.5561348219   0.0000000000   0.0000000000
   0.5557606907   0.0000000000   0.0000000000
   0.5553857954   0.0000000000   0.0000000000
   0.5550101325   0.0000000000   0.0000000000
   0.5546336978   0.0000000000   0.0000000000
   0.5542564881   0.0000000000   0.0000000000
   0.5538784995   0.0000000000   0.0000000000
   0.5534997281   0.0000000000   0.0000000000
   0.5531201701   0.0000000000   0.0000000000
   0.5527398218   0.0000000000   0.0000000000
   0.5523586793   0.0000000000   0.0000000000
   0.5519767387   0.0000000000   0.0000000000
   0.5515939961   0.0000000000   0.0000000000
   0.5512104477   0.0000000000   0.0000000000
   0.5508260892   0.0000000000   0.0000000000
   0.5504409168   0.0000000000   0.0000000000
   0.5500549264   0.0000000000   0.0000000000
   0.5496681140   0.0000000000   0.0000000000
   0.5492804755   0.0000000000   0.0000000000
   0.5488920067   0.0000000000   0.0000000000
   0.5485027034   0.0000000000   0.0000000000
   0.5481125615   0.0000000000   0.0000000000
   0.5477215765   0.0000000000   0.0000000000
   0.5473297448   0.0000000000   0.0000000000
   0.5469370614   0.0000000000   0.0000000000
   0.5465435223   0.0000000000   0.0000000000
   0.5461491228   0.0000000000   0.0000000000
   0.5457538591   0.0000000000   0.0000000000
   0.5453577263   0.0000000000   0.0000000000
   0.5449607199   0.0000000000   0.0000000000
   0.5445628357   0.0000000000   0.0000000000
   0.5441640687   0.0000000000   0.0000000000
   0.5437644148   0.0000000000   0.0000000000
   0.5433638692   0.0000000000   0.0000000000
   0.5429624271   0.0000000000   0.0000000000
   0.5425600838   0.0000000000   0.0000000000
   0.5421568346   0.0000000000   0.0000000000
   0.5417526748   0.0000000000   0.0000000000
   0.5413475999   0.0000000000   0.0000000000
   0.5409416043   0.0000000000   0.0000000000
   0.5405346837   0.0000000000   0.0000000000
   0.5401268328   0.0000000000   0.0000000000
   0.5397180469   0.0000000000   0.0000000000
   0.5393083207   0.0000000000   0.0000000000
   0.5388976495   0.0000000000   0.0000000000
   0.5384860278   0.0000000000   0.0000000000
   0.5380734504   0.0000000000   0.0000000000
   0.5376599128   0.0000000000   0.0000000000
   0.5372454090   0.0000000000   0.0000000000
   0.5368299339   0.0000000000   0.0000000000
   0.5364134823   0.0000000000   0.0000000000
   0.5359960489   0.0000000000   0.0000000000
   0.5355776278   0.0000000000   0.0000000000
   0.5351582142   0.0000000000   0.0000000000
   0.5347378021   0.0000000000   0.0000000000
   0.5343163863   0.0000000000   0.0000000000
   0.5338939607   0.0000000000   0.0000000000
   0.5334705201   0.0000000000   0.0000000000
   0.5330460582   0.0000000000   0.0000000000
   0.5326205699   0.0000000000   0.0000000000
   0.5321940489   0.0000000000   0.0000000000
   0.5317664896   0.0000000000   0.0000000000
   0.5313378860   0.0000000000   0.0000000000
   0.5309082322   0.0000000000   0.0000000000
   0.5304775218   0.0000000000   0.0000000000
   0.5300457491   0.0000000000   0.0000000000
   0.5296129079   0.0000000000   0.0000000000
   0.5291789917   0.0000000000   0.0000000000
   0.5287439947   0.0000000000   0.0000000000
   0.5283079102   0.0000000000   0.0000000000
   0.5278707322   0.0000000000   0.0000000000
   0.5274324539   0.0000000000   0.0000000000
   0.5269930690   0.0000000000   0.0000000000
   0.5265525707   0.0000000000   0.0000000000
   0.5261109531   0.0000000000   0.0000000000
   0.5256682086   0.0000000000   0.0000000000
   0.5252243310   0.0000000000   0.0000000000
   0.5247793135   0.0000000000   0.0000000000
   0.5243331490   0.0000000000   0.0000000000
   0.5238858308   0.0000000000   0.0000000000
   0.5234373517   0.0000000000   0.0000000000
   0.5229877047   0.0000000000   0.0000000000
   0.5225368829   0.0000000000   0.0000000000
   0.5220848788   0.0000000000   0.0000000000
   0.5216316853   0.0000000000   0.0000000000
   0.5211772950   0.0000000000   0.0000000000
   0.5207217003   0.0000000000   0.0000000000
   0.5202648939   0.0000000000   0.0000000000
   0.5198068686   0.0000000000   0.0000000000
   0.5193476160   0.0000000000   0.0000000000
   0.5188871290   0.0000000000   0.0000000000
   0.5184253998   0.0000000000   0.0000000000
   0.5179624201   0.0000000000   0.0000000000
   0.5174981822   0.0000000000   0.0000000000
   0.5170326782   0.0000000000   0.0000000000
   0.5165659000   0.0000000000   0.0000000000
   0.5160978393   0.0000000000   0.0000000000
   0.5156284879   0.0000000000   0.0000000000
   0.5151578372   0.0000000000   0.0000000000
   0.5146858792   0.0000000000   0.0000000000
   0.5142126050   0.0000000000   0.0000000000
   0.5137380063   0.0000000000   0.0000000000
   0.5132620743   0.0000000000   0.0000000000
   0.5127847999   0.0000000000   0.0000000000
   0.5123061746   0.0000000000   0.0000000000
   0.5118261894   0.0000000000   0.0000000000
   0.5113448351   0.0000000000   0.0000000000
   0.5108621028   0.0000000000   0.0000000000
   0.5103779828   0.0000000000   0.0000000000
   0.5098924662   0.0000000000   0.0000000000
   0.5094055432   0.0000000000   0.0000000000
   0.5089172044   0.0000000000   0.0000000000
   0.5084274402   0.0000000000   0.0000000000
   0.5079362407   0.0000000000   0.0000000000
   0.5074435961   0.0000000000   0.0000000000
   0.5069494964   0.0000000000   0.0000000000
   0.5064539315   0.0000000000   0.0000000000
   0.5059568913   0.0000000000   0.0000000000
   0.5054583655   0.0000000000   0.0000000000
   0.5049583436   0.0000000000   0.0000000000
   0.5044568151   0.0000000000   0.0000000000
   0.5039537693   0.0000000000   0.0000000000
   0.5034491954   0.0000000000   0.0000000000
   0.5029430829   0.0000000000   0.0000000000
   0.5024354200   0.0000000000   0.0000000000
   0.5019261963   0.0000000000   0.0000000000
   0.5014154003   0.0000000000   0.0000000000
   0.5009030206   0.0000000000   0.0000000000
   0.5003890454   0.0000000000   0.0000000000
   0.4998734635   0.0000000000   0.0000000000
   0.4993562630   0.0000000000   0.0000000000
   0.4988374316   0.0000000000   0.0000000000
   0.4983169576   0.0000000000   0.0000000000
   0.4977948290   0.0000000000   0.0000000000
   0.4972710329   0.0000000000   0.0000000000
   0.4967455572   0.0000000000   0.0000000000
   0.4962183889   0.0000000000   0.0000000000
   0.4956895154   0.0000000000   0.0000000000
   0.4951589241   0.0000000000   0.0000000000
   0.4946266016   0.0000000000   0.0000000000
   0.4940925345   0.0000000000   0.0000000000
   0.4935567094   0.0000000000   0.0000000000
   0.4930191129   0.0000000000   0.0000000000
   0.4924797313   0.0000000000   0.0000000000
   0.4919385504   0.0000000000   0.0000000000
   0.4913955565   0.0000000000   0.0000000000
   0.4908507348   0.0000000000   0.0000000000
   0.4903040714   0.0000000000   0.0000000000
   0.4897555516   0.0000000000   0.0000000000
   0.4892051603   0.0000000000   0.0000000000
   0.4886528827   0.0000000000   0.0000000000
   0.4880987036   0.0000000000   0.0000000000
   0.4875426076   0.0000000000   0.0000000000
   0.4869845792   0.0000000000   0.0000000000
   0.4864246025   0.0000000000   0.0000000000
   0.4858626619   0.0000000000   0.0000000000
   0.4852987407   0.0000000000   0.0000000000
   0.4847328229   0.0000000000   0.0000000000
   0.4841648917   0.0000000000   0.0000000000
   0.4835949303   0.0000000000   0.0000000000
   0.4830229217   0.0000000000   0.0000000000
   0.4824488488   0.0000000000   0.0000000000
   0.4818726936   0.0000000000   0.0000000000
   0.4812944390   0.0000000000   0.0000000000
   0.4807140667   0.0000000000   0.0000000000
   0.4801315584   0.0000000000   0.0000000000
   0.4795468959   0.0000000000   0.0000000000
   0.4789600602   0.0000000000   0.0000000000
   0.4783710326   0.0000000000   0.0000000000
   0.4777797939   0.0000000000   0.0000000000
   0.4771863241   0.0000000000   0.0000000000
   0.4765906040   0.0000000000   0.0000000000
   0.4759926133   0.0000000000   0.0000000000
   0.4753923316   0.0000000000   0.0000000000
   0.4747897385   0.0000000000   0.0000000000
   0.4741848130   0.0000000000   0.0000000000
   0.4735775338   0.0000000000   0.0000000000
   0.4729678796   0.0000000000   0.0000000000
   0.4723558283   0.0000000000   0.0000000000
   0.4717413580   0.0000000000   0.0000000000
   0.4711244461   0.0000000000   0.0000000000
   0.4705050696   0.0000000000   0.0000000000
   0.4698832059   0.0000000000   0.0000000000
   0.4692588311   0.0000000000   0.0000000000
   0.4686319214   0.0000000000   0.0000000000
   0.4680024530   0.0000000000   0.0000000000
   0.4673704008   0.0000000000   0.0000000000
   0.4667357404   0.0000000000   0.0000000000
   0.4660984461   0.0000000000   0.0000000000
   0.4654584925   0.0000000000   0.0000000000
   0.4648158534   0.0000000000   0.0000000000
   0.4641705022   0.0000000000   0.0000000000
   0.4635224120   0.0000000000   0.0000000000
   0.4628715558   0.0000000000   0.0000000000
   0.4622179056   0.0000000000   0.0000000000
   0.4615614332   0.0000000000   0.0000000000
   0.4609021100   0.0000000000   0.0000000000
   0.4602399069   0.0000000000   0.0000000000
   0.4595747944   0.0000000000   0.0000000000
   0.4589067423   0.0000000000   0.0000000000
   0.4582357201   0.0000000000   0.0000000000
   0.4575616967   0.0000000000   0.0000000000
   0.4568846409   0.0000000000   0.0000000000
   0.4562045201   0.0000000000   0.0000000000
   0.4555213020   0.0000000000   0.0000000000
   0.4548349534   0.0000000000   0.0000000000
   0.4541454404   0.0000000000   0.0000000000
   0.4534527290   0.0000000000   0.0000000000
   0.4527567839   0.0000000000   0.0000000000
   0.4520575699   0.0000000000   0.0000000000
   0.4513550508   0.0000000000   0.0000000000
   0.4506491899   0.0000000000   0.0000000000
   0.4499399498   0.0000000000   0.0000000000
   0.4492272922   0.0000000000   0.0000000000
   0.4485111788   0.0000000000   0.0000000000
   0.4477915698   0.0000000000   0.0000000000
   0.4470684254   0.0000000000   0.0000000000
   0.4463417044   0.0000000000   0.0000000000
   0.4456113654   0.0000000000   0.0000000000
   0.4448773659   0.0000000000   0.0000000000
   0.4441396628   0.0000000000   0.0000000000
   0.4433982122   0.0000000000   0.0000000000
   0.4426529690   0.0000000000   0.0000000000
   0.4419038880   0.0000000000   0.0000000000
   0.4411509223   0.0000000000   0.0000000000
   0.4403940247   0.0000000000   0.0000000000
   0.4396331466   0.0000000000   0.0000000000
   0.4388682392   0.0000000000   0.0000000000
   0.4380992520   0.0000000000   0.0000000000
   0.4373261335   0.0000000000   0.0000000000
   0.4365488320   0.0000000000   0.0000000000
   0.4357672940   0.0000000000   0.0000000000
   0.4349814649   0.0000000000   0.0000000000
   0.4341912895   0.0000000000   0.0000000000
   0.4333967112   0.0000000000   0.0000000000
   0.4325976720   0.0000000000   0.0000000000
   0.4317941132   0.0000000000   0.0000000000
   0.4309859743   0.0000000000   0.0000000000
   0.4301731941   0.0000000000   0.0000000000
   0.4293557098   0.0000000000   0.0000000000
   0.4285334570   0.0000000000   0.0000000000
   0.4277063705   0.0000000000   0.0000000000
   0.4268743832   0.0000000000   0.0000000000
   0.4260374267   0.0000000000   0.0000000000
   0.4251954309   0.0000000000   0.0000000000
   0.4243483248   0.0000000000   0.0000000000
