   61.0010000000000     
  0.500000000000000              501
 311.0010000000  99.0097808405 647.1623962289   0.0000000000   1.0000000000
 310.5010000000  98.8467020369 646.3730370620   0.0000000000   1.0000000000
 310.0010000000  98.6836261312 645.5833633807   0.0000000000   1.0000000000
 309.5010000000  98.5205532977 644.7933753659   0.0000000000   1.0000000000
 309.0010000000  98.3574833287 644.0030713448   0.0000000000   1.0000000000
 308.5010000000  98.1944162116 643.2124505870   0.0000000000   1.0000000000
 308.0010000000  98.0313519366 642.4215123723   0.0000000000   1.0000000000
 307.5010000000  97.8682908787 641.6302578464   0.0000000000   1.0000000000
 307.0010000000  97.7052324588 640.8386835226   0.0000000000   1.0000000000
 306.5010000000  97.5421770569 640.0467905660   0.0000000000   1.0000000000
 306.0010000000  97.3791246728 639.2545782941   0.0000000000   1.0000000000
 305.5010000000  97.2160753088 638.4620460343   0.0000000000   1.0000000000
 305.0010000000  97.0530287798 637.6691922000   0.0000000000   1.0000000000
 304.5010000000  96.8899852838 636.8760170646   0.0000000000   1.0000000000
 304.0010000000  96.7269446414 636.0825190631   0.0000000000   1.0000000000
 303.5010000000  96.5639072445 635.2886994097   0.0000000000   1.0000000000
 303.0010000000  96.4008727297 634.4945556374   0.0000000000   1.0000000000
 302.5010000000  96.2378411156 633.7000871366   0.0000000000   1.0000000000
 302.0010000000  96.0748126118 632.9052942275   0.0000000000   1.0000000000
 301.5010000000  95.9117870533 632.1101753995   0.0000000000   1.0000000000
 301.0010000000  95.7487644662 631.3147300733   0.0000000000   1.0000000000
 300.5010000000  95.5857450676 630.5189585974   0.0000000000   1.0000000000
 300.0010000000  95.4227287006 629.7228594939   0.0000000000   1.0000000000
 299.5010000000  95.2597153994 628.9264322142   0.0000000000   1.0000000000
 299.0010000000  95.0967050135 628.1296753046   0.0000000000   1.0000000000
 298.5010000000  94.9336977700 627.3325891537   0.0000000000   1.0000000000
 298.0010000000  94.7706935241 626.5351723298   0.0000000000   1.0000000000
 297.5010000000  94.6076925076 625.7374252403   0.0000000000   1.0000000000
 297.0010000000  94.4446943950 624.9393455637   0.0000000000   1.0000000000
 296.5010000000  94.2816996097 624.1409346399   0.0000000000   1.0000000000
 296.0010000000  94.1187076465 623.3421892605   0.0000000000   1.0000000000
 295.5010000000  93.9557189336 622.5431107853   0.0000000000   1.0000000000
 295.0010000000  93.7927333439 621.7436978513   0.0000000000   1.0000000000
 294.5010000000  93.6297509390 620.9439500173   0.0000000000   1.0000000000
 294.0010000000  93.4667715982 620.1438659448   0.0000000000   1.0000000000
 293.5010000000  93.3037953888 619.3434452155   0.0000000000   1.0000000000
 293.0010000000  93.1408223810 618.5426874214   0.0000000000   1.0000000000
 292.5010000000  92.9778524632 617.7415912600   0.0000000000   1.0000000000
 292.0010000000  92.8148858953 616.9401572508   0.0000000000   1.0000000000
 291.5010000000  92.6519223877 616.1383832099   0.0000000000   1.0000000000
 291.0010000000  92.4889620223 615.3362687756   0.0000000000   1.0000000000
 290.5010000000  92.3260047004 614.5338126947   0.0000000000   1.0000000000
 290.0010000000  92.1630508755 613.7310164315   0.0000000000   1.0000000000
 289.5010000000  92.0001000884 612.9278769518   0.0000000000   1.0000000000
 289.0010000000  91.8371524329 612.1243939405   0.0000000000   1.0000000000
 288.5010000000  91.6742081873 611.3205679921   0.0000000000   1.0000000000
 288.0010000000  91.5112670857 610.5163970138   0.0000000000   1.0000000000
 287.5010000000  91.3483292304 609.7118807244   0.0000000000   1.0000000000
 287.0010000000  91.1853947260 608.9070188533   0.0000000000   1.0000000000
 286.5010000000  91.0224633173 608.1018093488   0.0000000000   1.0000000000
 286.0010000000  90.8595352967 607.2962528611   0.0000000000   1.0000000000
 285.5010000000  90.6966104159 606.4903473652   0.0000000000   1.0000000000
 285.0010000000  90.5336889725 605.6840935333   0.0000000000   1.0000000000
 284.5010000000  90.3707707252 604.8774893671   0.0000000000   1.0000000000
 284.0010000000  90.2078557970 604.0705346689   0.0000000000   1.0000000000
 283.5010000000  90.0449443137 603.2632292518   0.0000000000   1.0000000000
 283.0010000000  89.8820360444 602.4555711587   0.0000000000   1.0000000000
 282.5010000000  89.7191309422 601.6475593393   0.0000000000   1.0000000000
 282.0010000000  89.5562293218 600.8391945345   0.0000000000   1.0000000000
 281.5010000000  89.3933311418 600.0304757169   0.0000000000   1.0000000000
 281.0010000000  89.2304361859 599.2214009856   0.0000000000   1.0000000000
 280.5010000000  89.0675445989 598.4119702299   0.0000000000   1.0000000000
 280.0010000000  88.9046565283 597.6021833495   0.0000000000   1.0000000000
 279.5010000000  88.7417715905 596.7920376007   0.0000000000   1.0000000000
 279.0010000000  88.5788902954 595.9815346801   0.0000000000   1.0000000000
 278.5010000000  88.4160122669 595.1706718726   0.0000000000   1.0000000000
 278.0010000000  88.2531376655 594.3594491308   0.0000000000   1.0000000000
 277.5010000000  88.0902664778 593.5478655366   0.0000000000   1.0000000000
 277.0010000000  87.9273986935 592.7359201856   0.0000000000   1.0000000000
 276.5010000000  87.7645343061 591.9236121879   0.0000000000   1.0000000000
 276.0010000000  87.6016734888 591.1109415467   0.0000000000   1.0000000000
 275.5010000000  87.4388160654 590.2979065191   0.0000000000   1.0000000000
 275.0010000000  87.2759620402 589.4845062574   0.0000000000   1.0000000000
 274.5010000000  87.1131115961 588.6707408046   0.0000000000   1.0000000000
 274.0010000000  86.9502645684 587.8566084629   0.0000000000   1.0000000000
 273.5010000000  86.7874211469 587.0421093022   0.0000000000   1.0000000000
 273.0010000000  86.6245809997 586.2272407798   0.0000000000   1.0000000000
 272.5010000000  86.4617444983 585.4120038687   0.0000000000   1.0000000000
 272.0010000000  86.2989116674 584.5963978037   0.0000000000   1.0000000000
 271.5010000000  86.1360821873 583.7804200897   0.0000000000   1.0000000000
 271.0010000000  85.9732562649 582.9640708664   0.0000000000   1.0000000000
 270.5010000000  85.8104339362 582.1473494139   0.0000000000   1.0000000000
 270.0010000000  85.6476150677 581.3302541568   0.0000000000   1.0000000000
 269.5010000000  85.4847998762 580.5127852752   0.0000000000   1.0000000000
 269.0010000000  85.3219882356 579.6949412243   0.0000000000   1.0000000000
 268.5010000000  85.1591801970 578.8767213439   0.0000000000   1.0000000000
 268.0010000000  84.9963758147 578.0581249883   0.0000000000   1.0000000000
 267.5010000000  84.8335749750 577.2391506607   0.0000000000   1.0000000000
 267.0010000000  84.6707777401 576.4197977467   0.0000000000   1.0000000000
 266.5010000000  84.5079841760 575.6000656463   0.0000000000   1.0000000000
 266.0010000000  84.3451943521 574.7799537741   0.0000000000   1.0000000000
 265.5010000000  84.1824079993 573.9594598344   0.0000000000   1.0000000000
 265.0010000000  84.0196253663 573.1385841372   0.0000000000   1.0000000000
 264.5010000000  83.8568463636 572.3173252823   0.0000000000   1.0000000000
 264.0010000000  83.6940712465 571.4956836073   0.0000000000   1.0000000000
 263.5010000000  83.5312995927 570.6736560245   0.0000000000   1.0000000000
 263.0010000000  83.3685318355 569.8512437622   0.0000000000   1.0000000000
 262.5010000000  83.2057675619 569.0284437693   0.0000000000   1.0000000000
 262.0010000000  83.0430072121 568.2052573026   0.0000000000   1.0000000000
 261.5010000000  82.8802505516 567.3816822036   0.0000000000   1.0000000000
 261.0010000000  82.7174975199 566.5577171901   0.0000000000   1.0000000000
 260.5010000000  82.5547483987 565.7333627062   0.0000000000   1.0000000000
 260.0010000000  82.3920029669 564.9086166475   0.0000000000   1.0000000000
 259.5010000000  82.2292613451 564.0834786359   0.0000000000   1.0000000000
 259.0010000000  82.0665234898 563.2579474564   0.0000000000   1.0000000000
 258.5010000000  81.9037895295 562.4320227631   0.0000000000   1.0000000000
 258.0010000000  81.7410592614 561.6057025247   0.0000000000   1.0000000000
 257.5010000000  81.5783328228 560.7789864298   0.0000000000   1.0000000000
 257.0010000000  81.4156103541 559.9518741821   0.0000000000   1.0000000000
 256.5010000000  81.2528916664 559.1243638047   0.0000000000   1.0000000000
 256.0010000000  81.0901767424 558.2964541893   0.0000000000   1.0000000000
 255.5010000000  80.9274657356 557.4681450916   0.0000000000   1.0000000000
 255.0010000000  80.7647586372 556.6394354373   0.0000000000   1.0000000000
 254.5010000000  80.6020554426 555.8103241703   0.0000000000   1.0000000000
 254.0010000000  80.4393561523 554.9808102530   0.0000000000   1.0000000000
 253.5010000000  80.2766607707 554.1508926661   0.0000000000   1.0000000000
 253.0010000000  80.1139693073 553.3205704087   0.0000000000   1.0000000000
 252.5010000000  79.9512817756 552.4898424982   0.0000000000   1.0000000000
 252.0010000000  79.7885981941 551.6587079707   0.0000000000   1.0000000000
 251.5010000000  79.6259185855 550.8271658807   0.0000000000   1.0000000000
 251.0010000000  79.4632429772 549.9952153010   0.0000000000   1.0000000000
 250.5010000000  79.3005712373 549.1628544856   0.0000000000   1.0000000000
 250.0010000000  79.1379035664 548.3300833839   0.0000000000   1.0000000000
 249.5010000000  78.9752400055 547.4969011246   0.0000000000   1.0000000000
 249.0010000000  78.8125802741 546.6633051847   0.0000000000   1.0000000000
 248.5010000000  78.6499247491 545.8292964038   0.0000000000   1.0000000000
 248.0010000000  78.4872731601 544.9948722997   0.0000000000   1.0000000000
 247.5010000000  78.3246257298 544.1600329134   0.0000000000   1.0000000000
 247.0010000000  78.1619821986 543.3247758060   0.0000000000   1.0000000000
 246.5010000000  77.9993429602 542.4891018878   0.0000000000   1.0000000000
 246.0010000000  77.8367077651 541.6530087609   0.0000000000   1.0000000000
 245.5010000000  77.6740765314 540.8164948821   0.0000000000   1.0000000000
 245.0010000000  77.5114495048 539.9795603874   0.0000000000   1.0000000000
 244.5010000000  77.3488266130 539.1422037729   0.0000000000   1.0000000000
 244.0010000000  77.1862079496 538.3044243842   0.0000000000   1.0000000000
 243.5010000000  77.0235934528 537.4662207596   0.0000000000   1.0000000000
 243.0010000000  76.8609829060 536.6275906348   0.0000000000   1.0000000000
 242.5010000000  76.6983767382 535.7885350682   0.0000000000   1.0000000000
 242.0010000000  76.5357747430 534.9490518371   0.0000000000   1.0000000000
 241.5010000000  76.3731768799 534.1091395669   0.0000000000   1.0000000000
 241.0010000000  76.2105834315 533.2687985492   0.0000000000   1.0000000000
 240.5010000000  76.0479940494 532.4280258078   0.0000000000   1.0000000000
 240.0010000000  75.8854088680 531.5868208560   0.0000000000   1.0000000000
 239.5010000000  75.7228280261 530.7451832262   0.0000000000   1.0000000000
 239.0010000000  75.5602515093 529.9031116518   0.0000000000   1.0000000000
 238.5010000000  75.3976793085 529.0606048889   0.0000000000   1.0000000000
 238.0010000000  75.2351112629 528.2176608999   0.0000000000   1.0000000000
 237.5010000000  75.0725476895 527.3742801202   0.0000000000   1.0000000000
 237.0010000000  74.9099884384 526.5304605570   0.0000000000   1.0000000000
 236.5010000000  74.7474333658 525.6862002435   0.0000000000   1.0000000000
 236.0010000000  74.5848828041 524.8414996787   0.0000000000   1.0000000000
 235.5010000000  74.4223366203 523.9963569408   0.0000000000   1.0000000000
 235.0010000000  74.2597946884 523.1507701345   0.0000000000   1.0000000000
 234.5010000000  74.0972571998 522.3047390120   0.0000000000   1.0000000000
 234.0010000000  73.9347241954 521.4582625351   0.0000000000   1.0000000000
 233.5010000000  73.7721957212 520.6113396890   0.0000000000   1.0000000000
 233.0010000000  73.6096715192 519.7639678663   0.0000000000   1.0000000000
 232.5010000000  73.4471518030 518.9161469104   0.0000000000   1.0000000000
 232.0010000000  73.2846366359 518.0678758786   0.0000000000   1.0000000000
 231.5010000000  73.1221257789 517.2191522406   0.0000000000   1.0000000000
 231.0010000000  72.9596196157 516.3699767140   0.0000000000   1.0000000000
 230.5010000000  72.7971179193 515.5203468188   0.0000000000   1.0000000000
 230.0010000000  72.6346206233 514.6702609078   0.0000000000   1.0000000000
 229.5010000000  72.4721280509 513.8197193651   0.0000000000   1.0000000000
 229.0010000000  72.3096399942 512.9687197898   0.0000000000   1.0000000000
 228.5010000000  72.1471564816 512.1172610117   0.0000000000   1.0000000000
 228.0010000000  71.9846775477 511.2653418856   0.0000000000   1.0000000000
 227.5010000000  71.8222033092 510.4129616910   0.0000000000   1.0000000000
 227.0010000000  71.6597335086 509.5601177371   0.0000000000   1.0000000000
 226.5010000000  71.4972684270 508.7068101537   0.0000000000   1.0000000000
 226.0010000000  71.3348080474 507.8530374993   0.0000000000   1.0000000000
 225.5010000000  71.1723523593 506.9987983597   0.0000000000   1.0000000000
 225.0010000000  71.0099013588 506.1440913478   0.0000000000   1.0000000000
 224.5010000000  70.8474549731 505.2889147076   0.0000000000   1.0000000000
 224.0010000000  70.6850133621 504.4332679000   0.0000000000   1.0000000000
 223.5010000000  70.5225764660 503.5771492234   0.0000000000   1.0000000000
 223.0010000000  70.3601443069 502.7205574003   0.0000000000   1.0000000000
 222.5010000000  70.1977169137 501.8634911808   0.0000000000   1.0000000000
 222.0010000000  70.0352943214 501.0059493425   0.0000000000   1.0000000000
 221.5010000000  69.8728764228 500.1479299030   0.0000000000   1.0000000000
 221.0010000000  69.7104634158 499.2894324846   0.0000000000   1.0000000000
 220.5010000000  69.5480552067 498.4304551621   0.0000000000   1.0000000000
 220.0010000000  69.3856518576 497.5709968263   0.0000000000   1.0000000000
 219.5010000000  69.2232534371 496.7110563962   0.0000000000   1.0000000000
 219.0010000000  69.0608598728 495.8506320350   0.0000000000   1.0000000000
 218.5010000000  68.8984710995 494.9897219379   0.0000000000   1.0000000000
 218.0010000000  68.7360873542 494.1283258939   0.0000000000   1.0000000000
 217.5010000000  68.5737084387 493.2664413752   0.0000000000   1.0000000000
 217.0010000000  68.4113344563 492.4040674485   0.0000000000   1.0000000000
 216.5010000000  68.2489655174 491.5412032082   0.0000000000   1.0000000000
 216.0010000000  68.0866015924 490.6778469995   0.0000000000   1.0000000000
 215.5010000000  67.9242426591 489.8139971992   0.0000000000   1.0000000000
 215.0010000000  67.7618885576 488.9496514397   0.0000000000   1.0000000000
 214.5010000000  67.5995397180 488.0848104899   0.0000000000   1.0000000000
 214.0010000000  67.4371958490 487.2194712683   0.0000000000   1.0000000000
 213.5010000000  67.2748569589 486.3536322795   0.0000000000   1.0000000000
 213.0010000000  67.1125232082 485.4872928325   0.0000000000   1.0000000000
 212.5010000000  66.9501946193 484.6204514934   0.0000000000   1.0000000000
 212.0010000000  66.7878710783 483.7531060898   0.0000000000   1.0000000000
 211.5010000000  66.6255526955 482.8852556399   0.0000000000   1.0000000000
 211.0010000000  66.4632395166 482.0168988077   0.0000000000   1.0000000000
 210.5010000000  66.3009313796 481.1480331381   0.0000000000   1.0000000000
 210.0010000000  66.1386286326 480.2786588980   0.0000000000   1.0000000000
 209.5010000000  65.9763309151 479.4087725494   0.0000000000   1.0000000000
 209.0010000000  65.8140385898 478.5383744235   0.0000000000   1.0000000000
 208.5010000000  65.6517514560 477.6674618198   0.0000000000   1.0000000000
 208.0010000000  65.4894694643 476.7960328412   0.0000000000   1.0000000000
 207.5010000000  65.3271929287 475.9240875331   0.0000000000   1.0000000000
 207.0010000000  65.1649216738 475.0516233026   0.0000000000   1.0000000000
 206.5010000000  65.0026557455 474.1786387385   0.0000000000   1.0000000000
 206.0010000000  64.8403951273 473.3051320839   0.0000000000   1.0000000000
 205.5010000000  64.6781398116 472.4311016190   0.0000000000   1.0000000000
 205.0010000000  64.5158899395 471.5565464184   0.0000000000   1.0000000000
 204.5010000000  64.3536455197 470.6814648328   0.0000000000   1.0000000000
 204.0010000000  64.1914064993 469.8058548722   0.0000000000   1.0000000000
 203.5010000000  64.0291729045 468.9297149625   0.0000000000   1.0000000000
 203.0010000000  63.8669448398 468.0530439438   0.0000000000   1.0000000000
 202.5010000000  63.7047222088 467.1758395618   0.0000000000   1.0000000000
 202.0010000000  63.5425050639 466.2981003551   0.0000000000   1.0000000000
 201.5010000000  63.3802934659 465.4198248998   0.0000000000   1.0000000000
 201.0010000000  63.2180874844 464.5410118091   0.0000000000   1.0000000000
 200.5010000000  63.0558869211 463.6616582348   0.0000000000   1.0000000000
 200.0010000000  62.8936920021 462.7817636189   0.0000000000   1.0000000000
 199.5010000000  62.7315028235 461.9013266899   0.0000000000   1.0000000000
 199.0010000000  62.5693190776 461.0203439740   0.0000000000   1.0000000000
 198.5010000000  62.4071411544 460.1388157745   0.0000000000   1.0000000000
 198.0010000000  62.2449688342 459.2567390738   0.0000000000   1.0000000000
 197.5010000000  62.0828022502 458.3741127609   0.0000000000   1.0000000000
 197.0010000000  61.9206413396 457.4909346485   0.0000000000   1.0000000000
 196.5010000000  61.7584861178 456.6072029638   0.0000000000   1.0000000000
 196.0010000000  61.5963367456 455.7229167168   0.0000000000   1.0000000000
 195.5010000000  61.4341931214 454.8380734756   0.0000000000   1.0000000000
 195.0010000000  61.2720552894 453.9526715932   0.0000000000   1.0000000000
 194.5010000000  61.1099233037 453.0667094646   0.0000000000   1.0000000000
 194.0010000000  60.9477972278 452.1801855267   0.0000000000   1.0000000000
 193.5010000000  60.7856770005 451.2930975229   0.0000000000   1.0000000000
 193.0010000000  60.6235625711 450.4054432424   0.0000000000   1.0000000000
 192.5010000000  60.4614541676 449.5172219893   0.0000000000   1.0000000000
 192.0010000000  60.2993516925 448.6284312729   0.0000000000   1.0000000000
 191.5010000000  60.1372551260 447.7390690172   0.0000000000   1.0000000000
 191.0010000000  59.9751646589 446.8491342897   0.0000000000   1.0000000000
 190.5010000000  59.8130801586 445.9586243725   0.0000000000   1.0000000000
 190.0010000000  59.6510016372 445.0675373278   0.0000000000   1.0000000000
 189.5010000000  59.4889292498 444.1758719930   0.0000000000   1.0000000000
 189.0010000000  59.3268628967 443.2836257936   0.0000000000   1.0000000000
 188.5010000000  59.1648026220 442.3907969323   0.0000000000   1.0000000000
 188.0010000000  59.0027485461 441.4973840216   0.0000000000   1.0000000000
 187.5010000000  58.8407006029 440.6033846324   0.0000000000   1.0000000000
 187.0010000000  58.6786588687 439.7087971103   0.0000000000   1.0000000000
 186.5010000000  58.5166233000 438.8136191254   0.0000000000   1.0000000000
 186.0010000000  58.3545940607 437.9178494821   0.0000000000   1.0000000000
 185.5010000000  58.1925709994 437.0214852280   0.0000000000   1.0000000000
 185.0010000000  58.0305542371 436.1245249060   0.0000000000   1.0000000000
 184.5010000000  57.8685437762 435.2269663878   0.0000000000   1.0000000000
 184.0010000000  57.7065396306 434.3288075968   0.0000000000   1.0000000000
 183.5010000000  57.5445419553 433.4300472252   0.0000000000   1.0000000000
 183.0010000000  57.3825505290 432.5306818654   0.0000000000   1.0000000000
 182.5010000000  57.2205655305 431.6307103147   0.0000000000   1.0000000000
 182.0010000000  57.0585870849 430.7301310613   0.0000000000   1.0000000000
 181.5010000000  56.8966150084 429.8289408617   0.0000000000   1.0000000000
 181.0010000000  56.7346494505 428.9271383123   0.0000000000   1.0000000000
 180.5010000000  56.5726905084 428.0247217047   0.0000000000   1.0000000000
 180.0010000000  56.4107380362 427.1216879629   0.0000000000   1.0000000000
 179.5010000000  56.2487920925 426.2180351353   0.0000000000   1.0000000000
 179.0010000000  56.0868528116 425.3137616789   0.0000000000   1.0000000000
 178.5010000000  55.9249201500 424.4088650432   0.0000000000   1.0000000000
 178.0010000000  55.7629941402 423.5033430898   0.0000000000   1.0000000000
 177.5010000000  55.6010748281 422.5971937372   0.0000000000   1.0000000000
 177.0010000000  55.4391622720 421.6904149615   0.0000000000   1.0000000000
 176.5010000000  55.2772564178 420.7830040929   0.0000000000   1.0000000000
 176.0010000000  55.1153573503 419.8749592252   0.0000000000   1.0000000000
 175.5010000000  54.9534650425 418.9662778090   0.0000000000   1.0000000000
 175.0010000000  54.7915796056 418.0569580564   0.0000000000   1.0000000000
 174.5010000000  54.6297010395 417.1469975385   0.0000000000   1.0000000000
 174.0010000000  54.4678293580 416.2363938887   0.0000000000   1.0000000000
 173.5010000000  54.3059645887 415.3251448020   0.0000000000   1.0000000000
 173.0010000000  54.1441067731 414.4132480363   0.0000000000   1.0000000000
 172.5010000000  53.9822558435 413.5007007165   0.0000000000   1.0000000000
 172.0010000000  53.8204121160 412.5875021165   0.0000000000   1.0000000000
 171.5010000000  53.6585753050 411.6736480995   0.0000000000   1.0000000000
 171.0010000000  53.4967456315 410.7591373719   0.0000000000   1.0000000000
 170.5010000000  53.3349229634 409.8439666260   0.0000000000   1.0000000000
 170.0010000000  53.1731075497 408.9281346955   0.0000000000   1.0000000000
 169.5010000000  53.0112992878 408.0116384060   0.0000000000   1.0000000000
 169.0010000000  52.8494981517 407.0944749991   0.0000000000   1.0000000000
 168.5010000000  52.6877043125 406.1766428164   0.0000000000   1.0000000000
 168.0010000000  52.5259176534 405.2581385482   0.0000000000   1.0000000000
 167.5010000000  52.3641383753 404.3389606714   0.0000000000   1.0000000000
 167.0010000000  52.2023664526 403.4191063592   0.0000000000   1.0000000000
 166.5010000000  52.0406018757 402.4985728570   0.0000000000   1.0000000000
 166.0010000000  51.8788446513 401.5773574828   0.0000000000   1.0000000000
 165.5010000000  51.7170948021 400.6554576275   0.0000000000   1.0000000000
 165.0010000000  51.5553524857 399.7328714344   0.0000000000   1.0000000000
 164.5010000000  51.3936177563 398.8095964372   0.0000000000   1.0000000000
 164.0010000000  51.2318904467 397.8856288873   0.0000000000   1.0000000000
 163.5010000000  51.0701707630 396.9609671477   0.0000000000   1.0000000000
 163.0010000000  50.9084586311 396.0356079619   0.0000000000   1.0000000000
 162.5010000000  50.7467541716 395.1095491651   0.0000000000   1.0000000000
 162.0010000000  50.5850573444 394.1827876563   0.0000000000   1.0000000000
 161.5010000000  50.4233683035 393.2553214234   0.0000000000   1.0000000000
 161.0010000000  50.2616869847 392.3271471856   0.0000000000   1.0000000000
 160.5010000000  50.1000133422 391.3982617451   0.0000000000   1.0000000000
 160.0010000000  49.9383476978 390.4686639950   0.0000000000   1.0000000000
 159.5010000000  49.7766898076 389.5383495576   0.0000000000   1.0000000000
 159.0010000000  49.6150397955 388.6073161487   0.0000000000   1.0000000000
 158.5010000000  49.4533976875 387.6755608971   0.0000000000   1.0000000000
 158.0010000000  49.2917636425 386.7430816808   0.0000000000   1.0000000000
 157.5010000000  49.1301374923 385.8098744651   0.0000000000   1.0000000000
 157.0010000000  48.9685194901 384.8759376286   0.0000000000   1.0000000000
 156.5010000000  48.8069095056 383.9412673111   0.0000000000   1.0000000000
 156.0010000000  48.6453077142 383.0058613977   0.0000000000   1.0000000000
 155.5010000000  48.4837140244 382.0697162064   0.0000000000   1.0000000000
 155.0010000000  48.3221285923 381.1328294666   0.0000000000   1.0000000000
 154.5010000000  48.1605513091 380.1951973482   0.0000000000   1.0000000000
 154.0010000000  47.9989823695 379.2568177592   0.0000000000   1.0000000000
 153.5010000000  47.8374217049 378.3176870542   0.0000000000   1.0000000000
 153.0010000000  47.6758694362 377.3778026660   0.0000000000   1.0000000000
 152.5010000000  47.5143255914 376.4371614646   0.0000000000   1.0000000000
 152.0010000000  47.3527902194 375.4957604145   0.0000000000   1.0000000000
 151.5010000000  47.1912632776 374.5535959242   0.0000000000   1.0000000000
 151.0010000000  47.0297448565 373.6106651523   0.0000000000   1.0000000000
 150.5010000000  46.8682350673 372.6669653529   0.0000000000   1.0000000000
 150.0010000000  46.7067338197 371.7224925796   0.0000000000   1.0000000000
 149.5010000000  46.5452412675 370.7772442849   0.0000000000   1.0000000000
 149.0010000000  46.3837574197 369.8312170489   0.0000000000   1.0000000000
 148.5010000000  46.2222823621 368.8844078771   0.0000000000   1.0000000000
 148.0010000000  46.0608160381 367.9368129105   0.0000000000   1.0000000000
 147.5010000000  45.8993585780 366.9884293623   0.0000000000   1.0000000000
 147.0010000000  45.7379099159 366.0392532641   0.0000000000   1.0000000000
 146.5010000000  45.5764703361 365.0892826798   0.0000000000   1.0000000000
 146.0010000000  45.4150396007 364.1385125742   0.0000000000   1.0000000000
 145.5010000000  45.2536179308 363.1869405853   0.0000000000   1.0000000000
 145.0010000000  45.0922053536 362.2345631796   0.0000000000   1.0000000000
 144.5010000000  44.9308018659 361.2813766175   0.0000000000   1.0000000000
 144.0010000000  44.7694075429 360.3273775911   0.0000000000   1.0000000000
 143.5010000000  44.6080224299 359.3725625881   0.0000000000   1.0000000000
 143.0010000000  44.4466465436 358.4169278950   0.0000000000   1.0000000000
 142.5010000000  44.2852800318 357.4604705473   0.0000000000   1.0000000000
 142.0010000000  44.1239228540 356.5031864326   0.0000000000   1.0000000000
 141.5010000000  43.9625751017 355.5450721910   0.0000000000   1.0000000000
 141.0010000000  43.8012367856 354.5861239522   0.0000000000   1.0000000000
 140.5010000000  43.6399079429 353.6263379696   0.0000000000   1.0000000000
 140.0010000000  43.4785886365 352.6657106198   0.0000000000   1.0000000000
 139.5010000000  43.3172790607 351.7042390287   0.0000000000   1.0000000000
 139.0010000000  43.1559790163 350.7419179461   0.0000000000   1.0000000000
 138.5010000000  42.9946887509 349.7787447511   0.0000000000   1.0000000000
 138.0010000000  42.8334083290 348.8147157000   0.0000000000   1.0000000000
 137.5010000000  42.6721376353 347.8498259377   0.0000000000   1.0000000000
 137.0010000000  42.5108767906 346.8840719872   0.0000000000   1.0000000000
 136.5010000000  42.3496259431 345.9174505021   0.0000000000   1.0000000000
 136.0010000000  42.1883850627 344.9499570325   0.0000000000   1.0000000000
 135.5010000000  42.0271542512 343.9815878850   0.0000000000   1.0000000000
 135.0010000000  41.8659335369 343.0123388874   0.0000000000   1.0000000000
 134.5010000000  41.7047229265 342.0422057019   0.0000000000   1.0000000000
 134.0010000000  41.5435225587 341.0711847469   0.0000000000   1.0000000000
 133.5010000000  41.3823324488 340.0992716636   0.0000000000   1.0000000000
 133.0010000000  41.2211526939 339.1264625450   0.0000000000   1.0000000000
 132.5010000000  41.0599833199 338.1527530203   0.0000000000   1.0000000000
 132.0010000000  40.8988243343 337.1781385646   0.0000000000   1.0000000000
 131.5010000000  40.7376758763 336.2026154126   0.0000000000   1.0000000000
 131.0010000000  40.5765380161 335.2261793421   0.0000000000   1.0000000000
 130.5010000000  40.4154107561 334.2488256801   0.0000000000   1.0000000000
 130.0010000000  40.2542942312 333.2705505157   0.0000000000   1.0000000000
 129.5010000000  40.0931884101 332.2913488880   0.0000000000   1.0000000000
 129.0010000000  39.9320934436 331.3112169024   0.0000000000   1.0000000000
 128.5010000000  39.7710093183 330.3301496223   0.0000000000   1.0000000000
 128.0010000000  39.6099361538 329.3481428772   0.0000000000   1.0000000000
 127.5010000000  39.4488740052 328.3651920629   0.0000000000   1.0000000000
 127.0010000000  39.2878229139 327.3812924457   0.0000000000   1.0000000000
 126.5010000000  39.1267829564 326.3964394631   0.0000000000   1.0000000000
 126.0010000000  38.9657541964 325.4106284280   0.0000000000   1.0000000000
 125.5010000000  38.8047366849 324.4238545315   0.0000000000   1.0000000000
 125.0010000000  38.6437305579 323.4361134388   0.0000000000   1.0000000000
 124.5010000000  38.4827358432 322.4474001049   0.0000000000   1.0000000000
 124.0010000000  38.3217526061 321.4577096687   0.0000000000   1.0000000000
 123.5010000000  38.1607809020 320.4670371593   0.0000000000   1.0000000000
 123.0010000000  37.9998208247 319.4753777930   0.0000000000   1.0000000000
 122.5010000000  37.8388724113 318.4827263879   0.0000000000   1.0000000000
 122.0010000000  37.6779358329 317.4890785401   0.0000000000   1.0000000000
 121.5010000000  37.5170109690 316.4944279928   0.0000000000   1.0000000000
 121.0010000000  37.3560981176 315.4987710240   0.0000000000   1.0000000000
 120.5010000000  37.1951972392 314.5021017759   0.0000000000   1.0000000000
 120.0010000000  37.0343084306 313.5044151780   0.0000000000   1.0000000000
 119.5010000000  36.8734316898 312.5057054955   0.0000000000   1.0000000000
 119.0010000000  36.7125671973 311.5059680709   0.0000000000   1.0000000000
 118.5010000000  36.5517150360 310.5051975873   0.0000000000   1.0000000000
 118.0010000000  36.3908751934 309.5033880783   0.0000000000   1.0000000000
 117.5010000000  36.2300477939 308.5005343720   0.0000000000   1.0000000000
 117.0010000000  36.0692330053 307.4966315127   0.0000000000   1.0000000000
 116.5010000000  35.9084307653 306.4916730488   0.0000000000   1.0000000000
 116.0010000000  35.7476412406 305.4856539010   0.0000000000   1.0000000000
 115.5010000000  35.5868644613 304.4785680763   0.0000000000   1.0000000000
 115.0010000000  35.4261005049 303.4704098160   0.0000000000   1.0000000000
 114.5010000000  35.2653495859 302.4611741624   0.0000000000   1.0000000000
 114.0010000000  35.1046116957 301.4508546937   0.0000000000   1.0000000000
 113.5010000000  34.9438868749 300.4394452346   0.0000000000   1.0000000000
 113.0010000000  34.7831752586 299.4269401384   0.0000000000   1.0000000000
 112.5010000000  34.6224769418 298.4133334426   0.0000000000   1.0000000000
 112.0010000000  34.4617920255 297.3986191562   0.0000000000   1.0000000000
 111.5010000000  34.3011205730 296.3827909844   0.0000000000   1.0000000000
 111.0010000000  34.1404626998 295.3658428928   0.0000000000   1.0000000000
 110.5010000000  33.9798184417 294.3477682745   0.0000000000   1.0000000000
 110.0010000000  33.8191879758 293.3285613474   0.0000000000   1.0000000000
 109.5010000000  33.6585714010 292.3082157650   0.0000000000   1.0000000000
 109.0010000000  33.4979686972 291.2867243501   0.0000000000   1.0000000000
 108.5010000000  33.3373800740 290.2640813135   0.0000000000   1.0000000000
 108.0010000000  33.1768055799 289.2402797676   0.0000000000   1.0000000000
 107.5010000000  33.0162453211 288.2153131149   0.0000000000   1.0000000000
 107.0010000000  32.8556994181 287.1891747754   0.0000000000   1.0000000000
 106.5010000000  32.6951679217 286.1618576446   0.0000000000   1.0000000000
 106.0010000000  32.5346510277 285.1333554663   0.0000000000   1.0000000000
 105.5010000000  32.3741487362 284.1036606531   0.0000000000   1.0000000000
 105.0010000000  32.2136612366 283.0727667471   0.0000000000   1.0000000000
 104.5010000000  32.0531885683 282.0406662473   0.0000000000   1.0000000000
 104.0010000000  31.8927308763 281.0073522458   0.0000000000   1.0000000000
 103.5010000000  31.7322882434 279.9728173496   0.0000000000   1.0000000000
 103.0010000000  31.5718608585 278.9370547648   0.0000000000   1.0000000000
 102.5010000000  31.4114486852 277.9000561523   0.0000000000   1.0000000000
 102.0010000000  31.2510520027 276.8618151255   0.0000000000   1.0000000000
 101.5010000000  31.0906708675 275.8223237666   0.0000000000   1.0000000000
 101.0010000000  30.9303053233 274.7815739801   0.0000000000   1.0000000000
 100.5010000000  30.7699555654 273.7395585624   0.0000000000   1.0000000000
 100.0010000000  30.6096216554 272.6962693437   0.0000000000   1.0000000000
  99.5010000000  30.4493038079 271.6516990540   0.0000000000   1.0000000000
  99.0010000000  30.2890021066 270.6058394747   0.0000000000   1.0000000000
  98.5010000000  30.1287165889 269.5586819818   0.0000000000   1.0000000000
  98.0010000000  29.9684474883 268.5102191292   0.0000000000   1.0000000000
  97.5010000000  29.8081948729 267.4604422887   0.0000000000   1.0000000000
  97.0010000000  29.6479588887 266.4093432354   0.0000000000   1.0000000000
  96.5010000000  29.4877396804 265.3569136288   0.0000000000   1.0000000000
  96.0010000000  29.3275373928 264.3031450219   0.0000000000   1.0000000000
  95.5010000000  29.1673520941 263.2480283519   0.0000000000   1.0000000000
  95.0010000000  29.0071840136 262.1915555033   0.0000000000   1.0000000000
  94.5010000000  28.8470331894 261.1337169872   0.0000000000   1.0000000000
  94.0010000000  28.6868998619 260.0745045329   0.0000000000   1.0000000000
  93.5010000000  28.5267840854 259.0139085203   0.0000000000   1.0000000000
  93.0010000000  28.3666860024 257.9519197926   0.0000000000   1.0000000000
  92.5010000000  28.2066058441 256.8885296574   0.0000000000   1.0000000000
  92.0010000000  28.0465437010 255.8237283664   0.0000000000   1.0000000000
  91.5010000000  27.8864996802 254.7575061501   0.0000000000   1.0000000000
  91.0010000000  27.7264740576 253.6898542366   0.0000000000   1.0000000000
  90.5010000000  27.5664668626 252.6207620779   0.0000000000   1.0000000000
  90.0010000000  27.4064783351 251.5502203953   0.0000000000   1.0000000000
  89.5010000000  27.2465085493 250.4782186678   0.0000000000   1.0000000000
  89.0010000000  27.0865577545 249.4047474057   0.0000000000   1.0000000000
  88.5010000000  26.9266260771 248.3297961543   0.0000000000   1.0000000000
  88.0010000000  26.7667136725 247.2533545102   0.0000000000   1.0000000000
  87.5010000000  26.6068206538 246.1754116356   0.0000000000   1.0000000000
  87.0010000000  26.4469473140 245.0959577556   0.0000000000   1.0000000000
  86.5010000000  26.2870937607 244.0149816930   0.0000000000   1.0000000000
  86.0010000000  26.1272601397 242.9324723713   0.0000000000   1.0000000000
  85.5010000000  25.9674466725 241.8484190691   0.0000000000   1.0000000000
  85.0010000000  25.8076535141 240.7628104507   0.0000000000   1.0000000000
  84.5010000000  25.6478808994 239.6756355593   0.0000000000   1.0000000000
  84.0010000000  25.4881289307 238.5868823691   0.0000000000   1.0000000000
  83.5010000000  25.3283978316 237.4965395049   0.0000000000   1.0000000000
  83.0010000000  25.1686878053 236.4045952818   0.0000000000   1.0000000000
  82.5010000000  25.0089990736 235.3110379621   0.0000000000   1.0000000000
  82.0010000000  24.8493317742 234.2158550515   0.0000000000   1.0000000000
  81.5010000000  24.6896861395 233.1190345177   0.0000000000   1.0000000000
  81.0010000000  24.5300623589 232.0205638453   0.0000000000   1.0000000000
  80.5010000000  24.3704606521 230.9204305320   0.0000000000   1.0000000000
  80.0010000000  24.2108812365 229.8186218664   0.0000000000   1.0000000000
  79.5010000000  24.0513242975 228.7151247108   0.0000000000   1.0000000000
  79.0010000000  23.8917900592 227.6099259933   0.0000000000   1.0000000000
  78.5010000000  23.7322787543 226.5030124881   0.0000000000   1.0000000000
  78.0010000000  23.5727906264 225.3943708348   0.0000000000   1.0000000000
  77.5010000000  23.4133258671 224.2839870909   0.0000000000   1.0000000000
  77.0010000000  23.2538846869 223.1718472229   0.0000000000   1.0000000000
  76.5010000000  23.0944673853 222.0579375884   0.0000000000   1.0000000000
  76.0010000000  22.9350741543 220.9422435638   0.0000000000   1.0000000000
  75.5010000000  22.7757052821 219.8247509583   0.0000000000   1.0000000000
  75.0010000000  22.6163609586 218.7054446515   0.0000000000   1.0000000000
  74.5010000000  22.4570414773 217.5843099984   0.0000000000   1.0000000000
  74.0010000000  22.2977470752 216.4613317040   0.0000000000   1.0000000000
  73.5010000000  22.1384780026 215.3364943086   0.0000000000   1.0000000000
  73.0010000000  21.9792345598 214.2097824382   0.0000000000   1.0000000000
  72.5010000000  21.8200169732 213.0811799241   0.0000000000   1.0000000000
  72.0010000000  21.6608255595 211.9506709614   0.0000000000   1.0000000000
  71.5010000000  21.5016605717 210.8182390081   0.0000000000   1.0000000000
  71.0010000000  21.3425222992 209.6838674901   0.0000000000   1.0000000000
  70.5010000000  21.1834110101 208.5475393831   0.0000000000   1.0000000000
  70.0010000000  21.0243270496 207.4092379093   0.0000000000   1.0000000000
  69.5010000000  20.8652706896 206.2689454573   0.0000000000   1.0000000000
  69.0010000000  20.7062421979 205.1266440630   0.0000000000   1.0000000000
  68.5010000000  20.5472419652 203.9823163203   0.0000000000   1.0000000000
  68.0010000000  20.3882702660 202.8359436542   0.0000000000   1.0000000000
  67.5010000000  20.2293273885 201.6875072413   0.0000000000   1.0000000000
  67.0010000000  20.0704137295 200.5369886946   0.0000000000   1.0000000000
  66.5010000000  19.9115295905 199.3843685771   0.0000000000   1.0000000000
  66.0010000000  19.7526753050 198.2296273134   0.0000000000   1.0000000000
  65.5010000000  19.5938512443 197.0727452263   0.0000000000   1.0000000000
  65.0010000000  19.4350577362 195.9137019331   0.0000000000   1.0000000000
  64.5010000000  19.2762951604 194.7524770327   0.0000000000   1.0000000000
  64.0010000000  19.1175639260 193.5890499313   0.0000000000   1.0000000000
  63.5010000000  18.9588643346 192.4233988303   0.0000000000   1.0000000000
  63.0010000000  18.8001968200 191.2555024689   0.0000000000   1.0000000000
  62.5010000000  18.6415617820 190.0853389001   0.0000000000   1.0000000000
  62.0010000000  18.4829595965 188.9128855457   0.0000000000   1.0000000000
  61.5010000000  18.3243906527 187.7381194609   0.0000000000   1.0000000000
  61.0010000000  18.1658554451 186.5610180062   0.0000000000   1.0000000000
