1.5000000000000e-01   -8.9784729165042e+02   0.0000000000000e+00
1.5000000000000e-01   -7.3509518924197e+02   0.0000000000000e+00
1.5000000000000e-01   -6.0184503787208e+02   0.0000000000000e+00
1.5000000000000e-01   -4.9274904109326e+02   0.0000000000000e+00
1.5000000000000e-01   -4.0342879349274e+02   0.0000000000000e+00
1.5000000000000e-01   -3.3029955990965e+02   0.0000000000000e+00
1.5000000000000e-01   -2.7042640742615e+02   0.0000000000000e+00
1.5000000000000e-01   -2.2140641620419e+02   0.0000000000000e+00
1.5000000000000e-01   -1.8127224187515e+02   2.6598018319632e-85
1.5000000000000e-01   -1.4841315910258e+02   7.3831610679305e-71
1.5000000000000e-01   -1.2151041751873e+02   5.3058811141915e-59
1.5000000000000e-01   -9.9484315641934e+01   2.9061151251093e-49
1.5000000000000e-01   -8.1450868664968e+01   2.9365391488044e-41
1.5000000000000e-01   -6.6686331040925e+01   1.1289497267534e-34
1.5000000000000e-01   -5.4598150033144e+01   2.9868767568889e-29
1.5000000000000e-01   -4.4701184493301e+01   8.8353733753878e-25
1.5000000000000e-01   -3.6598234443678e+01   4.3481141779642e-21
1.5000000000000e-01   -2.9964100047397e+01   4.9296173974647e-18
1.5000000000000e-01   -2.4532530197109e+01   1.6810700331405e-15
1.5000000000000e-01   -2.0085536923188e+01   2.1455994267909e-13
1.5000000000000e-01   -1.6444646771097e+01   1.2261802928150e-11
1.5000000000000e-01   -1.3463738035002e+01   3.6350113517015e-10
1.5000000000000e-01   -1.1023176380642e+01   6.3083913491156e-09
1.5000000000000e-01   -9.0250134994341e+00   7.0797472104654e-08
1.5000000000000e-01   -7.3890560989307e+00   5.5776084194452e-07
1.5000000000000e-01   -6.0496474644130e+00   3.3012093386003e-06
1.5000000000000e-01   -4.9530324243951e+00   1.5528908788632e-05
1.5000000000000e-01   -4.0551999668447e+00   6.0810179780393e-05
1.5000000000000e-01   -3.3201169227365e+00   2.0341727646951e-04
1.5000000000000e-01   -2.7182818284590e+00   5.6958357725968e-04
1.5000000000000e-01   -2.2255409284925e+00   1.3065048789620e-03
1.5000000000000e-01   -1.8221188003905e+00   2.5254880314618e-03
1.5000000000000e-01   -1.4918246976413e+00   4.3104669094379e-03
1.5000000000000e-01   -1.2214027581602e+00   6.7444492791915e-03
1.5000000000000e-01   -1.0000000000000e+00   9.9247935834297e-03
1.5000000000000e-01   -8.1873075307798e-01   1.3974441663150e-02
1.5000000000000e-01   -6.7032004603564e-01   1.9053697794593e-02
1.5000000000000e-01   -5.4881163609403e-01   2.5372808685274e-02
1.5000000000000e-01   -4.4932896411722e-01   3.3204828516308e-02
1.5000000000000e-01   -3.6787944117144e-01   4.2898644268904e-02
1.5000000000000e-01   -3.0119421191220e-01   5.4892633084685e-02
1.5000000000000e-01   -2.4659696394161e-01   6.9729965003132e-02
1.5000000000000e-01   -2.0189651799466e-01   8.8076958625572e-02
1.5000000000000e-01   -1.6529888822159e-01   1.1074609647583e-01
1.5000000000000e-01   -1.3533528323661e-01   1.3872536249089e-01
1.5000000000000e-01   -1.1080315836233e-01   1.7321554143328e-01
1.5000000000000e-01   -9.0717953289413e-02   2.1567715480996e-01
1.5000000000000e-01   -7.4273578214334e-02   2.6788880964468e-01
1.5000000000000e-01   -6.0810062625218e-02   3.3201914912859e-01
1.5000000000000e-01   -4.9787068367864e-02   4.1071492517794e-01
1.5000000000000e-01   -4.0762203978366e-02   5.0720847977799e-01
1.5000000000000e-01   -3.3373269960326e-02   6.2544928606111e-01
1.5000000000000e-01   -2.7323722447293e-02   7.7026298945962e-01
1.5000000000000e-01   -2.2370771856166e-02   9.4754711649810e-01
1.5000000000000e-01   -1.8315638888734e-02   1.1645085872590e+00
1.5000000000000e-01   -1.4995576820478e-02   1.4299538930505e+00
1.5000000000000e-01   -1.2277339903068e-02   1.7546434756818e+00
1.5000000000000e-01   -1.0051835744634e-02   2.1517244515091e+00
1.5000000000000e-01   -8.2297470490200e-03   2.6372588441089e+00
1.5000000000000e-01   -6.7379469990855e-03   3.2308689172991e+00
1.5000000000000e-01   6.7379469990855e-03   3.2527118464354e+00
1.5000000000000e-01   8.2297470490200e-03   2.6590523719054e+00
1.5000000000000e-01   1.0051835744634e-02   2.1734623018827e+00
1.5000000000000e-01   1.2277339903068e-02   1.7763186143009e+00
1.5000000000000e-01   1.4995576820478e-02   1.4515584581159e+00
1.5000000000000e-01   1.8315638888734e-02   1.1860338285599e+00
1.5000000000000e-01   2.2370771856166e-02   9.6898335549467e-01
1.5000000000000e-01   2.7323722447293e-02   7.9159961212103e-01
1.5000000000000e-01   3.3373269960326e-02   6.4667478610316e-01
1.5000000000000e-01   4.0762203978366e-02   5.2831057751534e-01
1.5000000000000e-01   4.9787068367864e-02   4.3168080140533e-01
1.5000000000000e-01   6.0810062625218e-02   3.5283577003336e-01
1.5000000000000e-01   7.4273578214334e-02   2.8854342173871e-01
1.5000000000000e-01   9.0717953289413e-02   2.3615788585670e-01
1.5000000000000e-01   1.1080315836233e-01   1.9351206880384e-01
1.5000000000000e-01   1.3533528323661e-01   1.5882952424385e-01
1.5000000000000e-01   1.6529888822159e-01   1.3065222868474e-01
1.5000000000000e-01   2.0189651799466e-01   1.0778165633536e-01
1.5000000000000e-01   2.4659696394161e-01   8.9230874223716e-02
1.5000000000000e-01   3.0119421191220e-01   7.4185844981468e-02
1.5000000000000e-01   3.6787944117144e-01   6.1974292656177e-02
1.5000000000000e-01   4.4932896411722e-01   5.2040604347077e-02
1.5000000000000e-01   5.4881163609403e-01   4.3925266995551e-02
1.5000000000000e-01   6.7032004603564e-01   3.7247366290822e-02
1.5000000000000e-01   8.1873075307798e-01   3.1688721178096e-02
1.5000000000000e-01   1.0000000000000e+00   2.6978386049044e-02
1.5000000000000e-01   1.2214027581602e+00   2.2876783966745e-02
1.5000000000000e-01   1.4918246976413e+00   1.9160884350264e-02
1.5000000000000e-01   1.8221188003905e+00   1.5620015304749e-02
1.5000000000000e-01   2.2255409284925e+00   1.2096261874010e-02
1.5000000000000e-01   2.7182818284590e+00   8.6316188982331e-03
1.5000000000000e-01   3.3201169227365e+00   5.6272510919389e-03
1.5000000000000e-01   4.0551999668447e+00   3.5085466553190e-03
1.5000000000000e-01   4.9530324243951e+00   2.1989511910871e-03
1.5000000000000e-01   6.0496474644130e+00   1.3995924022949e-03
1.5000000000000e-01   7.3890560989307e+00   9.0255631918529e-04
1.5000000000000e-01   9.0250134994341e+00   5.8820852287847e-04
1.5000000000000e-01   1.1023176380642e+01   3.8656568775254e-04
1.5000000000000e-01   1.3463738035002e+01   2.5570128223592e-04
1.5000000000000e-01   1.6444646771097e+01   1.6997055065282e-04
1.5000000000000e-01   2.0085536923188e+01   1.1339306549873e-04
1.5000000000000e-01   2.4532530197109e+01   7.5845234457930e-05
1.5000000000000e-01   2.9964100047397e+01   5.0822557917013e-05
1.5000000000000e-01   3.6598234443678e+01   3.4096688821393e-05
1.5000000000000e-01   4.4701184493301e+01   2.2892997831006e-05
1.5000000000000e-01   5.4598150033144e+01   1.5377742516373e-05
1.5000000000000e-01   6.6686331040925e+01   1.0331899956033e-05
1.5000000000000e-01   8.1450868664968e+01   6.9422236777560e-06
1.5000000000000e-01   9.9484315641934e+01   4.6644681718143e-06
1.5000000000000e-01   1.2151041751873e+02   3.1337282803839e-06
1.5000000000000e-01   1.4841315910258e+02   2.1050304526719e-06
1.5000000000000e-01   1.8127224187515e+02   1.4137859110208e-06
1.5000000000000e-01   2.2140641620419e+02   9.4936494260558e-07
1.5000000000000e-01   2.7042640742615e+02   6.3739246919859e-07
1.5000000000000e-01   3.3029955990965e+02   4.2786554920181e-07
1.5000000000000e-01   4.0342879349274e+02   2.8716958059640e-07
1.5000000000000e-01   4.9274904109326e+02   1.9271043451264e-07
1.5000000000000e-01   6.0184503787208e+02   1.2930434448452e-07
1.5000000000000e-01   7.3509518924197e+02   8.6749638338384e-08
1.5000000000000e-01   8.9784729165042e+02   5.8193476541419e-08
1.8000000000000e-01   -8.9784729165042e+02   0.0000000000000e+00
1.8000000000000e-01   -7.3509518924197e+02   0.0000000000000e+00
1.8000000000000e-01   -6.0184503787208e+02   0.0000000000000e+00
1.8000000000000e-01   -4.9274904109326e+02   0.0000000000000e+00
1.8000000000000e-01   -4.0342879349274e+02   0.0000000000000e+00
1.8000000000000e-01   -3.3029955990965e+02   0.0000000000000e+00
1.8000000000000e-01   -2.7042640742615e+02   0.0000000000000e+00
1.8000000000000e-01   -2.2140641620419e+02   0.0000000000000e+00
1.8000000000000e-01   -1.8127224187515e+02   3.8299477423790e-85
1.8000000000000e-01   -1.4841315910258e+02   1.0631099973572e-70
1.8000000000000e-01   -1.2151041751873e+02   7.6398132792317e-59
1.8000000000000e-01   -9.9484315641934e+01   4.1843068734104e-49
1.8000000000000e-01   -8.1450868664968e+01   4.2279214936269e-41
1.8000000000000e-01   -6.6686331040925e+01   1.6253228824942e-34
1.8000000000000e-01   -5.4598150033144e+01   4.2998000366992e-29
1.8000000000000e-01   -4.4701184493301e+01   1.2717841214811e-24
1.8000000000000e-01   -3.6598234443678e+01   6.2579784561254e-21
1.8000000000000e-01   -2.9964100047397e+01   7.0938404258091e-18
1.8000000000000e-01   -2.4532530197109e+01   2.4186907482689e-15
1.8000000000000e-01   -2.0085536923188e+01   3.0865003733903e-13
1.8000000000000e-01   -1.6444646771097e+01   1.7636135955944e-11
1.8000000000000e-01   -1.3463738035002e+01   5.2277533949803e-10
1.8000000000000e-01   -1.1023176380642e+01   9.0730001496047e-09
1.8000000000000e-01   -9.0250134994341e+00   1.0185654330015e-07
1.8000000000000e-01   -7.3890560989307e+00   8.0307177192561e-07
1.8000000000000e-01   -6.0496474644130e+00   4.7602523313387e-06
1.8000000000000e-01   -4.9530324243951e+00   2.2449758997167e-05
1.8000000000000e-01   -4.0551999668447e+00   8.8031807294186e-05
1.8000000000000e-01   -3.3201169227365e+00   2.8972256043623e-04
1.8000000000000e-01   -2.7182818284590e+00   7.7757560850456e-04
1.8000000000000e-01   -2.2255409284925e+00   1.7075953415643e-03
1.8000000000000e-01   -1.8221188003905e+00   3.2062908098404e-03
1.8000000000000e-01   -1.4918246976413e+00   5.3862079347454e-03
1.8000000000000e-01   -1.2214027581602e+00   8.3647378194931e-03
1.8000000000000e-01   -1.0000000000000e+00   1.2276793546820e-02
1.8000000000000e-01   -8.1873075307798e-01   1.7286948781034e-02
1.8000000000000e-01   -6.7032004603564e-01   2.3602544437790e-02
1.8000000000000e-01   -5.4881163609403e-01   3.1487449485654e-02
1.8000000000000e-01   -4.4932896411722e-01   4.1276136220826e-02
1.8000000000000e-01   -3.6787944117144e-01   5.3388425819049e-02
1.8000000000000e-01   -3.0119421191220e-01   6.8345811253660e-02
1.8000000000000e-01   -2.4659696394161e-01   8.6790670873791e-02
1.8000000000000e-01   -2.0189651799466e-01   1.0950987831701e-01
1.8000000000000e-01   -1.6529888822159e-01   1.3746438827236e-01
1.8000000000000e-01   -1.3533528323661e-01   1.7182636276345e-01
1.8000000000000e-01   -1.1080315836233e-01   2.1402547933779e-01
1.8000000000000e-01   -9.0717953289413e-02   2.6580623566978e-01
1.8000000000000e-01   -7.4273578214334e-02   3.2929837621627e-01
1.8000000000000e-01   -6.0810062625218e-02   4.0710311682596e-01
1.8000000000000e-01   -4.9787068367864e-02   5.0239842585306e-01
1.8000000000000e-01   -4.0762203978366e-02   6.1906751402025e-01
1.8000000000000e-01   -3.3373269960326e-02   7.6185544928590e-01
1.8000000000000e-01   -2.7323722447293e-02   9.3656103661311e-01
1.8000000000000e-01   -2.2370771856166e-02   1.1502690305662e+00
1.8000000000000e-01   -1.8315638888734e-02   1.4116363561241e+00
1.8000000000000e-01   -1.4995576820478e-02   1.7312396401386e+00
1.8000000000000e-01   -1.2277339903068e-02   2.1220002724105e+00
1.8000000000000e-01   -1.0051835744634e-02   2.5997035698600e+00
1.8000000000000e-01   -8.2297470490200e-03   3.1836328118124e+00
1.8000000000000e-01   -6.7379469990855e-03   3.8973437166252e+00
1.8000000000000e-01   6.7379469990855e-03   3.9236924806268e+00
1.8000000000000e-01   8.2297470490200e-03   3.2099414126283e+00
1.8000000000000e-01   1.0051835744634e-02   2.6259671405406e+00
1.8000000000000e-01   1.2277339903068e-02   2.1482133753523e+00
1.8000000000000e-01   1.4995576820478e-02   1.7573962033892e+00
1.8000000000000e-01   1.8315638888734e-02   1.4377296056949e+00
1.8000000000000e-01   2.2370771856166e-02   1.1762914218755e+00
1.8000000000000e-01   2.7323722447293e-02   9.6250418812245e-01
1.8000000000000e-01   3.3373269960326e-02   7.8771008407602e-01
1.8000000000000e-01   4.0762203978366e-02   6.4482343827568e-01
1.8000000000000e-01   4.9787068367864e-02   5.2804449461647e-01
1.8000000000000e-01   6.0810062625218e-02   4.3262728094227e-01
1.8000000000000e-01   7.4273578214334e-02   3.5468775411885e-01
1.8000000000000e-01   9.0717953289413e-02   2.9104723084191e-01
1.8000000000000e-01   1.1080315836233e-01   2.3910391031132e-01
1.8000000000000e-01   1.3533528323661e-01   1.9672754109445e-01
1.8000000000000e-01   1.6529888822159e-01   1.6217301795815e-01
1.8000000000000e-01   2.0189651799466e-01   1.3400957814936e-01
1.8000000000000e-01   2.4659696394161e-01   1.1106283268869e-01
1.8000000000000e-01   3.0119421191220e-01   9.2367435735402e-02
1.8000000000000e-01   3.6787944117144e-01   7.7128542930685e-02
1.8000000000000e-01   4.4932896411722e-01   6.4690443228434e-02
1.8000000000000e-01   5.4881163609403e-01   5.4510899554807e-02
1.8000000000000e-01   6.7032004603564e-01   4.6139737679644e-02
1.8000000000000e-01   8.1873075307798e-01   3.9200228041079e-02
1.8000000000000e-01   1.0000000000000e+00   3.3371784810065e-02
1.8000000000000e-01   1.2214027581602e+00   2.8372709485028e-02
1.8000000000000e-01   1.4918246976413e+00   2.3942767568442e-02
1.8000000000000e-01   1.8221188003905e+00   1.9830745937923e-02
1.8000000000000e-01   2.2255409284925e+00   1.5809753762887e-02
1.8000000000000e-01   2.7182818284590e+00   1.1783584683856e-02
1.8000000000000e-01   3.3201169227365e+00   8.0147646398093e-03
1.8000000000000e-01   4.0551999668447e+00   5.0791447116111e-03
1.8000000000000e-01   4.9530324243951e+00   3.1789692990262e-03
1.8000000000000e-01   6.0496474644130e+00   2.0181734366391e-03
1.8000000000000e-01   7.3890560989307e+00   1.2995130672563e-03
1.8000000000000e-01   9.0250134994341e+00   8.4625743121905e-04
1.8000000000000e-01   1.1023176380642e+01   5.5597542205472e-04
1.8000000000000e-01   1.3463738035002e+01   3.6774114768140e-04
1.8000000000000e-01   1.6444646771097e+01   2.4446843236551e-04
1.8000000000000e-01   2.0085536923188e+01   1.6311886302335e-04
1.8000000000000e-01   2.4532530197109e+01   1.0912464279729e-04
1.8000000000000e-01   2.9964100047397e+01   7.3134908214205e-05
1.8000000000000e-01   3.6598234443678e+01   4.9073307492903e-05
1.8000000000000e-01   4.4701184493301e+01   3.2952711671109e-05
1.8000000000000e-01   5.4598150033144e+01   2.2137243421160e-05
1.8000000000000e-01   6.6686331040925e+01   1.4874598062460e-05
1.8000000000000e-01   8.1450868664968e+01   9.9951593401032e-06
1.8000000000000e-01   9.9484315641934e+01   6.7160333957495e-06
1.8000000000000e-01   1.2151041751873e+02   4.5121815613144e-06
1.8000000000000e-01   1.4841315910258e+02   3.0310579687843e-06
1.8000000000000e-01   1.8127224187515e+02   2.0357630004807e-06
1.8000000000000e-01   2.2140641620419e+02   1.3670433986192e-06
1.8000000000000e-01   2.7042640742615e+02   9.1782524726774e-07
1.8000000000000e-01   3.3029955990965e+02   6.1611701691607e-07
1.8000000000000e-01   4.0342879349274e+02   4.1351979704234e-07
1.8000000000000e-01   4.9274904109326e+02   2.7750096731725e-07
1.8000000000000e-01   6.0184503787208e+02   1.8619729534561e-07
1.8000000000000e-01   7.3509518924197e+02   1.2491903180800e-07
1.8000000000000e-01   8.9784729165042e+02   8.3798398274549e-08
2.1000000000000e-01   -8.9784729165042e+02   0.0000000000000e+00
2.1000000000000e-01   -7.3509518924197e+02   0.0000000000000e+00
2.1000000000000e-01   -6.0184503787208e+02   0.0000000000000e+00
2.1000000000000e-01   -4.9274904109326e+02   0.0000000000000e+00
2.1000000000000e-01   -4.0342879349274e+02   0.0000000000000e+00
2.1000000000000e-01   -3.3029955990965e+02   0.0000000000000e+00
2.1000000000000e-01   -2.7042640742615e+02   0.0000000000000e+00
2.1000000000000e-01   -2.2140641620419e+02   0.0000000000000e+00
2.1000000000000e-01   -1.8127224187515e+02   5.2127572795567e-85
2.1000000000000e-01   -1.4841315910258e+02   1.4469220991313e-70
2.1000000000000e-01   -1.2151041751873e+02   1.0397742628404e-58
2.1000000000000e-01   -9.9484315641934e+01   5.6946276524112e-49
2.1000000000000e-01   -8.1450868664968e+01   5.7537253971925e-41
2.1000000000000e-01   -6.6686331040925e+01   2.2117488200358e-34
2.1000000000000e-01   -5.4598150033144e+01   5.8507338772696e-29
2.1000000000000e-01   -4.4701184493301e+01   1.7303418903794e-24
2.1000000000000e-01   -3.6598234443678e+01   8.5133101385958e-21
2.1000000000000e-01   -2.9964100047397e+01   9.6489725120476e-18
2.1000000000000e-01   -2.4532530197109e+01   3.2893243609969e-15
2.1000000000000e-01   -2.0085536923188e+01   4.1967834578863e-13
2.1000000000000e-01   -1.6444646771097e+01   2.3976536716997e-11
2.1000000000000e-01   -1.3463738035002e+01   7.1065838324212e-10
2.1000000000000e-01   -1.1023176380642e+01   1.2334579961047e-08
2.1000000000000e-01   -9.0250134994341e+00   1.3851910206348e-07
2.1000000000000e-01   -7.3890560989307e+00   1.0930122868382e-06
2.1000000000000e-01   -6.0496474644130e+00   6.4889775112091e-06
2.1000000000000e-01   -4.9530324243951e+00   3.0675624699869e-05
2.1000000000000e-01   -4.0551999668447e+00   1.1997535118514e-04
2.1000000000000e-01   -3.3201169227365e+00   3.8542720328870e-04
2.1000000000000e-01   -2.7182818284590e+00   9.9487640564884e-04
2.1000000000000e-01   -2.2255409284925e+00   2.1162435430421e-03
2.1000000000000e-01   -1.8221188003905e+00   3.8982831816256e-03
2.1000000000000e-01   -1.4918246976413e+00   6.4846242049383e-03
2.1000000000000e-01   -1.2214027581602e+00   1.0027237113450e-02
2.1000000000000e-01   -1.0000000000000e+00   1.4697956446826e-02
2.1000000000000e-01   -8.1873075307798e-01   2.0701247231759e-02
2.1000000000000e-01   -6.7032004603564e-01   2.8288366525252e-02
2.1000000000000e-01   -5.4881163609403e-01   3.7772399729581e-02
2.1000000000000e-01   -4.4932896411722e-01   4.9544163218945e-02
2.1000000000000e-01   -3.6787944117144e-01   6.4089592117449e-02
2.1000000000000e-01   -3.0119421191220e-01   8.2009682241137e-02
2.1000000000000e-01   -2.4659696394161e-01   1.0404431072973e-01
2.1000000000000e-01   -2.0189651799466e-01   1.3110136267040e-01
2.1000000000000e-01   -1.6529888822159e-01   1.6429267458268e-01
2.1000000000000e-01   -1.3533528323661e-01   2.0497840075797e-01
2.1000000000000e-01   -1.1080315836233e-01   2.5482161873511e-01
2.1000000000000e-01   -9.0717953289413e-02   3.1585528233773e-01
2.1000000000000e-01   -7.4273578214334e-02   3.9056439711355e-01
2.1000000000000e-01   -6.0810062625218e-02   4.8198586557203e-01
2.1000000000000e-01   -4.9787068367864e-02   5.9383122224869e-01
2.1000000000000e-01   -4.0762203978366e-02   7.3063591199612e-01
2.1000000000000e-01   -3.3373269960326e-02   8.9794177580396e-01
2.1000000000000e-01   -2.7323722447293e-02   1.1025199487340e+00
2.1000000000000e-01   -2.2370771856166e-02   1.3526429250580e+00
2.1000000000000e-01   -1.8315638888734e-02   1.6584170042809e+00
2.1000000000000e-01   -1.4995576820478e-02   2.0321882052810e+00
2.1000000000000e-01   -1.2277339903068e-02   2.4890381732046e+00
2.1000000000000e-01   -1.0051835744634e-02   3.0473898424034e+00
2.1000000000000e-01   -8.2297470490200e-03   3.7297471380607e+00
2.1000000000000e-01   -6.7379469990855e-03   4.5635985305277e+00
2.1000000000000e-01   6.7379469990855e-03   4.5944516421396e+00
2.1000000000000e-01   8.2297470490200e-03   3.7605686662959e+00
2.1000000000000e-01   1.0051835744634e-02   3.0781761749089e+00
2.1000000000000e-01   1.2277339903068e-02   2.5197853011426e+00
2.1000000000000e-01   1.4995576820478e-02   2.0628916723783e+00
2.1000000000000e-01   1.8315638888734e-02   1.6890718458040e+00
2.1000000000000e-01   2.2370771856166e-02   1.3832435954772e+00
2.1000000000000e-01   2.7323722447293e-02   1.1330602349021e+00
2.1000000000000e-01   3.3373269960326e-02   9.2841469123427e-01
2.1000000000000e-01   4.0762203978366e-02   7.6103357102602e-01
2.1000000000000e-01   4.9787068367864e-02   6.2414468577874e-01
2.1000000000000e-01   6.0810062625218e-02   5.1220495706540e-01
2.1000000000000e-01   7.4273578214334e-02   4.2067747324697e-01
2.1000000000000e-01   9.0717953289413e-02   3.4584894157785e-01
2.1000000000000e-01   1.1080315836233e-01   2.8468033647182e-01
2.1000000000000e-01   1.3533528323661e-01   2.3468399208394e-01
2.1000000000000e-01   1.6529888822159e-01   1.9382357278380e-01
2.1000000000000e-01   2.0189651799466e-01   1.6043153892847e-01
2.1000000000000e-01   2.4659696394161e-01   1.3314168168592e-01
2.1000000000000e-01   3.0119421191220e-01   1.1083377188947e-01
2.1000000000000e-01   3.6787944117144e-01   9.2588173957304e-02
2.1000000000000e-01   4.4932896411722e-01   7.7648592418356e-02
2.1000000000000e-01   5.4881163609403e-01   6.5391370887037e-02
2.1000000000000e-01   6.7032004603564e-01   5.5299877278103e-02
2.1000000000000e-01   8.1873075307798e-01   4.6942558950021e-02
2.1000000000000e-01   1.0000000000000e+00   3.9953187924889e-02
2.1000000000000e-01   1.2214027581602e+00   3.4011811451449e-02
2.1000000000000e-01   1.4918246976413e+00   2.8825446768584e-02
2.1000000000000e-01   1.8221188003905e+00   2.4110683638439e-02
2.1000000000000e-01   2.2255409284925e+00   1.9593218898774e-02
2.1000000000000e-01   2.7182818284590e+00   1.5076617949063e-02
2.1000000000000e-01   3.3201169227365e+00   1.0662298149953e-02
2.1000000000000e-01   4.0551999668447e+00   6.9221817570927e-03
2.1000000000000e-01   4.9530324243951e+00   4.3437824504771e-03
2.1000000000000e-01   6.0496474644130e+00   2.7510898861085e-03
2.1000000000000e-01   7.3890560989307e+00   1.7686884274517e-03
2.1000000000000e-01   9.0250134994341e+00   1.1508619445447e-03
2.1000000000000e-01   1.1023176380642e+01   7.5583855247813e-04
2.1000000000000e-01   1.3463738035002e+01   4.9990561856610e-04
2.1000000000000e-01   1.6444646771097e+01   3.3235774318144e-04
2.1000000000000e-01   2.0085536923188e+01   2.2179635936789e-04
2.1000000000000e-01   2.4532530197109e+01   1.4840522551100e-04
2.1000000000000e-01   2.9964100047397e+01   9.9477388363934e-05
2.1000000000000e-01   3.6598234443678e+01   6.6758984413703e-05
2.1000000000000e-01   4.4701184493301e+01   4.4834226535011e-05
2.1000000000000e-01   5.4598150033144e+01   3.0122126361245e-05
2.1000000000000e-01   6.6686331040925e+01   2.0241439450275e-05
2.1000000000000e-01   8.1450868664968e+01   1.3602287135848e-05
2.1000000000000e-01   9.9484315641934e+01   9.1401779666272e-06
2.1000000000000e-01   1.2151041751873e+02   6.1410535640596e-06
2.1000000000000e-01   1.4841315910258e+02   4.1253536978152e-06
2.1000000000000e-01   1.8127224187515e+02   2.7707789019639e-06
2.1000000000000e-01   2.2140641620419e+02   1.8606406337314e-06
2.1000000000000e-01   2.7042640742615e+02   1.2492350455153e-06
2.1000000000000e-01   3.3029955990965e+02   8.3859095880142e-07
2.1000000000000e-01   4.0342879349274e+02   5.6284040296562e-07
2.1000000000000e-01   4.9274904109326e+02   3.7770684830584e-07
2.1000000000000e-01   6.0184503787208e+02   2.5343389992799e-07
2.1000000000000e-01   7.3509518924197e+02   1.7002807322628e-07
2.1000000000000e-01   8.9784729165042e+02   1.1405864794947e-07
2.4000000000000e-01   -8.9784729165042e+02   0.0000000000000e+00
2.4000000000000e-01   -7.3509518924197e+02   0.0000000000000e+00
2.4000000000000e-01   -6.0184503787208e+02   0.0000000000000e+00
2.4000000000000e-01   -4.9274904109326e+02   0.0000000000000e+00
2.4000000000000e-01   -4.0342879349274e+02   0.0000000000000e+00
2.4000000000000e-01   -3.3029955990965e+02   0.0000000000000e+00
2.4000000000000e-01   -2.7042640742615e+02   0.0000000000000e+00
2.4000000000000e-01   -2.2140641620419e+02   0.0000000000000e+00
2.4000000000000e-01   -1.8127224187515e+02   6.8082026422021e-85
2.4000000000000e-01   -1.4841315910258e+02   1.8897415542839e-70
2.4000000000000e-01   -1.2151041751873e+02   1.3579560026748e-58
2.4000000000000e-01   -9.9484315641934e+01   7.4369944415721e-49
2.4000000000000e-01   -8.1450868664968e+01   7.5138353077798e-41
2.4000000000000e-01   -6.6686331040925e+01   2.8881669498180e-34
2.4000000000000e-01   -5.4598150033144e+01   7.6394622144629e-29
2.4000000000000e-01   -4.4701184493301e+01   2.2591280499940e-24
2.4000000000000e-01   -3.6598234443678e+01   1.1113563654807e-20
2.4000000000000e-01   -2.9964100047397e+01   1.2594223742630e-17
2.4000000000000e-01   -2.4532530197109e+01   4.2926364543798e-15
2.4000000000000e-01   -2.0085536923188e+01   5.4759384494847e-13
2.4000000000000e-01   -1.6444646771097e+01   3.1279702217651e-11
2.4000000000000e-01   -1.3463738035002e+01   9.2704836370553e-10
2.4000000000000e-01   -1.1023176380642e+01   1.6091563521681e-08
2.4000000000000e-01   -9.0250134994341e+00   1.8077538501237e-07
2.4000000000000e-01   -7.3890560989307e+00   1.4276427375333e-06
2.4000000000000e-01   -6.0496474644130e+00   8.4892063913086e-06
2.4000000000000e-01   -4.9530324243951e+00   4.0201440910044e-05
2.4000000000000e-01   -4.0551999668447e+00   1.5605811991776e-04
2.4000000000000e-01   -3.3201169227365e+00   4.8761486223548e-04
2.4000000000000e-01   -2.7182818284590e+00   1.2177876041893e-03
2.4000000000000e-01   -2.2255409284925e+00   2.5306139731387e-03
2.4000000000000e-01   -1.8221188003905e+00   4.6009324218002e-03
2.4000000000000e-01   -1.4918246976413e+00   7.6043931739552e-03
2.4000000000000e-01   -1.2214027581602e+00   1.1727225544875e-02
2.4000000000000e-01   -1.0000000000000e+00   1.7177004660662e-02
2.4000000000000e-01   -8.1873075307798e-01   2.4195912121894e-02
2.4000000000000e-01   -6.7032004603564e-01   3.3076011577154e-02
2.4000000000000e-01   -5.4881163609403e-01   4.4176041855200e-02
2.4000000000000e-01   -4.4932896411722e-01   5.7939849657680e-02
2.4000000000000e-01   -3.6787944117144e-01   7.4917123863208e-02
2.4000000000000e-01   -3.0119421191220e-01   9.5787431840522e-02
2.4000000000000e-01   -2.4659696394161e-01   1.2138876621960e-01
2.4000000000000e-01   -2.0189651799466e-01   1.5275196128241e-01
2.4000000000000e-01   -1.6529888822159e-01   1.9114254839676e-01
2.4000000000000e-01   -1.3533528323661e-01   2.3811182699856e-01
2.4000000000000e-01   -1.1080315836233e-01   2.9555933022240e-01
2.4000000000000e-01   -9.0717953289413e-02   3.6580917573744e-01
2.4000000000000e-01   -7.4273578214334e-02   4.5170344159678e-01
2.4000000000000e-01   -6.0810062625218e-02   5.5671635152608e-01
2.4000000000000e-01   -4.9787068367864e-02   6.8509379663920e-01
2.4000000000000e-01   -4.0762203978366e-02   8.4202381371297e-01
2.4000000000000e-01   -3.3373269960326e-02   1.0338449796810e+00
2.4000000000000e-01   -2.7323722447293e-02   1.2683009054284e+00
2.4000000000000e-01   -2.2370771856166e-02   1.5548511675429e+00
2.4000000000000e-01   -1.8315638888734e-02   1.9050511417535e+00
2.4000000000000e-01   -1.4995576820478e-02   2.3330159340278e+00
2.4000000000000e-01   -1.2277339903068e-02   2.8559870373010e+00
2.4000000000000e-01   -1.0051835744634e-02   3.4950247491455e+00
2.4000000000000e-01   -8.2297470490200e-03   4.2758533474311e+00
2.4000000000000e-01   -6.7379469990855e-03   5.2298936093880e+00
2.4000000000000e-01   6.7379469990855e-03   5.2652513408294e+00
2.4000000000000e-01   8.2297470490200e-03   4.3111877360100e+00
2.4000000000000e-01   1.0051835744634e-02   3.5303333245515e+00
2.4000000000000e-01   1.2277339903068e-02   2.8912670903635e+00
2.4000000000000e-01   1.4995576820478e-02   2.3682644793062e+00
2.4000000000000e-01   1.8315638888734e-02   1.9402648670669e+00
2.4000000000000e-01   2.2370771856166e-02   1.5900263695474e+00
2.4000000000000e-01   2.7323722447293e-02   1.3034333968119e+00
2.4000000000000e-01   3.3373269960326e-02   1.0689299612274e+00
2.4000000000000e-01   4.0762203978366e-02   8.7705569808116e-01
2.4000000000000e-01   4.9787068367864e-02   7.2006596556699e-01
2.4000000000000e-01   6.0810062625218e-02   5.9162082396876e-01
2.4000000000000e-01   7.4273578214334e-02   4.8653042589708e-01
2.4000000000000e-01   9.0717953289413e-02   4.0054646327866e-01
2.4000000000000e-01   1.1080315836233e-01   3.3019148843317e-01
2.4000000000000e-01   1.3533528323661e-01   2.7261913409308e-01
2.4000000000000e-01   1.6529888822159e-01   2.2549959537373e-01
2.4000000000000e-01   2.0189651799466e-01   1.8692583908901e-01
2.4000000000000e-01   2.4659696394161e-01   1.5533674411319e-01
2.4000000000000e-01   3.0119421191220e-01   1.2945401177479e-01
2.4000000000000e-01   3.6787944117144e-01   1.0823036108446e-01
2.4000000000000e-01   4.4932896411722e-01   9.0806817161655e-02
2.4000000000000e-01   5.4881163609403e-01   7.6477320952747e-02
2.4000000000000e-01   6.7032004603564e-01   6.4659066808716e-02
2.4000000000000e-01   8.1873075307798e-01   5.4867130391499e-02
2.4000000000000e-01   1.0000000000000e+00   4.6691939636433e-02
2.4000000000000e-01   1.2214027581602e+00   3.9778074415524e-02
2.4000000000000e-01   1.4918246976413e+00   3.3803042969907e-02
2.4000000000000e-01   1.8221188003905e+00   2.8456533529101e-02
2.4000000000000e-01   2.2255409284925e+00   2.3429663228991e-02
2.4000000000000e-01   2.7182818284590e+00   1.8454672708308e-02
2.4000000000000e-01   3.3201169227365e+00   1.3489175126045e-02
2.4000000000000e-01   4.0551999668447e+00   9.0040384134727e-03
2.4000000000000e-01   4.9530324243951e+00   5.6926734245020e-03
2.4000000000000e-01   6.0496474644130e+00   3.5991140058467e-03
2.4000000000000e-01   7.3890560989307e+00   2.3101800581904e-03
2.4000000000000e-01   9.0250134994341e+00   1.5019409454864e-03
2.4000000000000e-01   1.1023176380642e+01   9.8605904033592e-04
2.4000000000000e-01   1.3463738035002e+01   6.5212301244467e-04
2.4000000000000e-01   1.6444646771097e+01   4.3359269769250e-04
2.4000000000000e-01   2.0085536923188e+01   2.8939858927820e-04
2.4000000000000e-01   2.4532530197109e+01   1.9367189463063e-04
2.4000000000000e-01   2.9964100047397e+01   1.2984185464552e-04
2.4000000000000e-01   3.6598234443678e+01   8.7149441372793e-05
2.4000000000000e-01   4.4701184493301e+01   5.8535402354978e-05
2.4000000000000e-01   5.4598150033144e+01   3.9331278944344e-05
2.4000000000000e-01   6.6686331040925e+01   2.6431869617130e-05
2.4000000000000e-01   8.1450868664968e+01   1.7763333891076e-05
2.4000000000000e-01   9.9484315641934e+01   1.1936768632099e-05
2.4000000000000e-01   1.2151041751873e+02   8.0202798319722e-06
2.4000000000000e-01   1.4841315910258e+02   5.3878866827461e-06
2.4000000000000e-01   1.8127224187515e+02   3.6188188380244e-06
2.4000000000000e-01   2.2140641620419e+02   2.4301496307257e-06
2.4000000000000e-01   2.7042640742615e+02   1.6316185467191e-06
2.4000000000000e-01   3.3029955990965e+02   1.0952858128098e-06
2.4000000000000e-01   4.0342879349274e+02   7.3513066528598e-07
2.4000000000000e-01   4.9274904109326e+02   4.9332773444377e-07
2.4000000000000e-01   6.0184503787208e+02   3.3101399812228e-07
2.4000000000000e-01   7.3509518924197e+02   2.2207668802964e-07
2.4000000000000e-01   8.9784729165042e+02   1.4897419090963e-07
2.7000000000000e-01   -8.9784729165042e+02   0.0000000000000e+00
2.7000000000000e-01   -7.3509518924197e+02   0.0000000000000e+00
2.7000000000000e-01   -6.0184503787208e+02   0.0000000000000e+00
2.7000000000000e-01   -4.9274904109326e+02   0.0000000000000e+00
2.7000000000000e-01   -4.0342879349274e+02   0.0000000000000e+00
2.7000000000000e-01   -3.3029955990965e+02   0.0000000000000e+00
2.7000000000000e-01   -2.7042640742615e+02   0.0000000000000e+00
2.7000000000000e-01   -2.2140641620419e+02   0.0000000000000e+00
2.7000000000000e-01   -1.8127224187515e+02   8.6162560329256e-85
2.7000000000000e-01   -1.4841315910258e+02   2.3915575071802e-70
2.7000000000000e-01   -1.2151041751873e+02   1.7185156371085e-58
2.7000000000000e-01   -9.9484315641934e+01   9.4113242551488e-49
2.7000000000000e-01   -8.1450868664968e+01   9.5081357433858e-41
2.7000000000000e-01   -6.6686331040925e+01   3.6545167347797e-34
2.7000000000000e-01   -5.4598150033144e+01   9.6657692553484e-29
2.7000000000000e-01   -4.4701184493301e+01   2.8580578350025e-24
2.7000000000000e-01   -3.6598234443678e+01   1.4058194868912e-20
2.7000000000000e-01   -2.9964100047397e+01   1.5928807266580e-17
2.7000000000000e-01   -2.4532530197109e+01   5.4282945417568e-15
2.7000000000000e-01   -2.0085536923188e+01   6.9234596078816e-13
2.7000000000000e-01   -1.6444646771097e+01   3.9542375486606e-11
2.7000000000000e-01   -1.3463738035002e+01   1.1718458172689e-09
2.7000000000000e-01   -1.1023176380642e+01   2.0342458526110e-08
2.7000000000000e-01   -9.0250134994341e+00   2.2861712336700e-07
2.7000000000000e-01   -7.3890560989307e+00   1.8070445930454e-06
2.7000000000000e-01   -6.0496474644130e+00   1.0762627817651e-05
2.7000000000000e-01   -4.9530324243951e+00   5.0992817859666e-05
2.7000000000000e-01   -4.0551999668447e+00   1.9557277733187e-04
2.7000000000000e-01   -3.3201169227365e+00   5.9419242493635e-04
2.7000000000000e-01   -2.7182818284590e+00   1.4444242850062e-03
2.7000000000000e-01   -2.2255409284925e+00   2.9499341715161e-03
2.7000000000000e-01   -1.8221188003905e+00   5.3136986132334e-03
2.7000000000000e-01   -1.4918246976413e+00   8.7436443171614e-03
2.7000000000000e-01   -1.2214027581602e+00   1.3459597894721e-02
2.7000000000000e-01   -1.0000000000000e+00   1.9703410717867e-02
2.7000000000000e-01   -8.1873075307798e-01   2.7752764751837e-02
2.7000000000000e-01   -6.7032004603564e-01   3.7937891364845e-02
2.7000000000000e-01   -5.4881163609403e-01   5.0660673228151e-02
2.7000000000000e-01   -4.4932896411722e-01   6.6416182506423e-02
2.7000000000000e-01   -3.6787944117144e-01   8.5817148614719e-02
2.7000000000000e-01   -3.0119421191220e-01   1.0962218401937e-01
2.7000000000000e-01   -2.4659696394161e-01   1.3876886688956e-01
2.7000000000000e-01   -2.0189651799466e-01   1.7441308670393e-01
2.7000000000000e-01   -1.6529888822159e-01   2.1797516038189e-01
2.7000000000000e-01   -1.3533528323661e-01   2.7120355323444e-01
2.7000000000000e-01   -1.1080315836233e-01   3.3623236627716e-01
2.7000000000000e-01   -9.0717953289413e-02   4.1567956833996e-01
2.7000000000000e-01   -7.4273578214334e-02   5.1274543070521e-01
2.7000000000000e-01   -6.0810062625218e-02   6.3134198291756e-01
2.7000000000000e-01   -4.9787068367864e-02   7.7624976308561e-01
2.7000000000000e-01   -4.0762203978366e-02   9.5330948174171e-01
2.7000000000000e-01   -3.3373269960326e-02   1.1696563121853e+00
2.7000000000000e-01   -2.7323722447293e-02   1.4340061591088e+00
2.7000000000000e-01   -2.2370771856166e-02   1.7570051735325e+00
2.7000000000000e-01   -1.8315638888734e-02   2.1516584414126e+00
2.7000000000000e-01   -1.4995576820478e-02   2.6338491022762e+00
2.7000000000000e-01   -1.2277339903068e-02   3.2229787149107e+00
2.7000000000000e-01   -1.0051835744634e-02   3.9427446781351e+00
2.7000000000000e-01   -8.2297470490200e-03   4.8220916944321e+00
2.7000000000000e-01   -6.7379469990855e-03   5.8963735302756e+00
2.7000000000000e-01   6.7379469990855e-03   5.9362371312076e+00
2.7000000000000e-01   8.2297470490200e-03   4.8619400353011e+00
2.7000000000000e-01   1.0051835744634e-02   3.9825763553812e+00
2.7000000000000e-01   1.2277339903068e-02   3.2627922219737e+00
2.7000000000000e-01   1.4995576820478e-02   2.6736428079187e+00
2.7000000000000e-01   1.8315638888734e-02   2.1914305544355e+00
2.7000000000000e-01   2.2370771856166e-02   1.7967536801369e+00
2.7000000000000e-01   2.7323722447293e-02   1.4737287587010e+00
2.7000000000000e-01   3.3373269960326e-02   1.2093502420638e+00
2.7000000000000e-01   4.0762203978366e-02   9.9297133807830e-01
2.7000000000000e-01   4.9787068367864e-02   8.1587519536652e-01
2.7000000000000e-01   6.0810062625218e-02   6.7092526223789e-01
2.7000000000000e-01   7.4273578214334e-02   5.5227884006356e-01
2.7000000000000e-01   9.0717953289413e-02   4.5515255493557e-01
2.7000000000000e-01   1.1080315836233e-01   3.7563038661957e-01
2.7000000000000e-01   1.3533528323661e-01   3.1050653290812e-01
2.7000000000000e-01   1.6529888822159e-01   2.5715525339554e-01
2.7000000000000e-01   2.0189651799466e-01   2.1343302113131e-01
2.7000000000000e-01   2.4659696394161e-01   1.7757742036776e-01
2.7000000000000e-01   3.0119421191220e-01   1.4815128903808e-01
2.7000000000000e-01   3.6787944117144e-01   1.2397727652718e-01
2.7000000000000e-01   4.4932896411722e-01   1.0409143580918e-01
2.7000000000000e-01   5.4881163609403e-01   8.7703479158476e-02
2.7000000000000e-01   6.7032004603564e-01   7.4163375067740e-02
2.7000000000000e-01   8.1873075307798e-01   6.2932719985611e-02
2.7000000000000e-01   1.0000000000000e+00   5.3559423313042e-02
2.7000000000000e-01   1.2214027581602e+00   4.5654181767930e-02
2.7000000000000e-01   1.4918246976413e+00   3.8867241317674e-02
2.7000000000000e-01   1.8221188003905e+00   3.2864956249857e-02
2.7000000000000e-01   2.2255409284925e+00   2.7311934937509e-02
2.7000000000000e-01   2.7182818284590e+00   2.1889184402945e-02
2.7000000000000e-01   3.3201169227365e+00   1.6437492577215e-02
2.7000000000000e-01   4.0551999668447e+00   1.1283903719036e-02
2.7000000000000e-01   4.9530324243951e+00   7.2207725021535e-03
2.7000000000000e-01   6.0496474644130e+00   4.5629618049906e-03
2.7000000000000e-01   7.3890560989307e+00   2.9241197908708e-03
2.7000000000000e-01   9.0250134994341e+00   1.8994257343206e-03
2.7000000000000e-01   1.1023176380642e+01   1.2465454401185e-03
2.7000000000000e-01   1.3463738035002e+01   8.2432336261671e-04
2.7000000000000e-01   1.6444646771097e+01   5.4812814844292e-04
2.7000000000000e-01   2.0085536923188e+01   3.6589882481862e-04
2.7000000000000e-01   2.4532530197109e+01   2.4490964927685e-04
2.7000000000000e-01   2.9964100047397e+01   1.6422019491230e-04
2.7000000000000e-01   3.6598234443678e+01   1.1024041140986e-04
2.7000000000000e-01   4.4701184493301e+01   7.4054042809176e-05
2.7000000000000e-01   5.4598150033144e+01   4.9763590174455e-05
2.7000000000000e-01   6.6686331040925e+01   3.3445334541136e-05
2.7000000000000e-01   8.1450868664968e+01   2.2478026596692e-05
2.7000000000000e-01   9.9484315641934e+01   1.5105672195665e-05
2.7000000000000e-01   1.2151041751873e+02   1.0149795927174e-05
2.7000000000000e-01   1.4841315910258e+02   6.8186259728200e-06
2.7000000000000e-01   1.8127224187515e+02   4.5798680332915e-06
2.7000000000000e-01   2.2140641620419e+02   3.0755633730604e-06
2.7000000000000e-01   2.7042640742615e+02   2.0649724338813e-06
2.7000000000000e-01   3.3029955990965e+02   1.3862000169663e-06
2.7000000000000e-01   4.0342879349274e+02   9.3038985094693e-07
2.7000000000000e-01   4.9274904109326e+02   6.2436328270412e-07
2.7000000000000e-01   6.0184503787208e+02   4.1893742982159e-07
2.7000000000000e-01   7.3509518924197e+02   2.8106480165534e-07
2.7000000000000e-01   8.9784729165042e+02   1.8854499249872e-07
3.0000000000000e-01   -8.9784729165042e+02   0.0000000000000e+00
3.0000000000000e-01   -7.3509518924197e+02   0.0000000000000e+00
3.0000000000000e-01   -6.0184503787208e+02   0.0000000000000e+00
3.0000000000000e-01   -4.9274904109326e+02   0.0000000000000e+00
3.0000000000000e-01   -4.0342879349274e+02   0.0000000000000e+00
3.0000000000000e-01   -3.3029955990965e+02   0.0000000000000e+00
3.0000000000000e-01   -2.7042640742615e+02   0.0000000000000e+00
3.0000000000000e-01   -2.2140641620419e+02   0.0000000000000e+00
3.0000000000000e-01   -1.8127224187515e+02   1.0636889658242e-84
3.0000000000000e-01   -1.4841315910258e+02   2.9523591043810e-70
3.0000000000000e-01   -1.2151041751873e+02   2.1214422590006e-58
3.0000000000000e-01   -9.9484315641934e+01   1.1617534142181e-48
3.0000000000000e-01   -8.1450868664968e+01   1.1736511291696e-40
3.0000000000000e-01   -6.6686331040925e+01   4.5107376909598e-34
3.0000000000000e-01   -5.4598150033144e+01   1.1929439477822e-28
3.0000000000000e-01   -4.4701184493301e+01   3.5270466349087e-24
3.0000000000000e-01   -3.6598234443678e+01   1.7346661091765e-20
3.0000000000000e-01   -2.9964100047397e+01   1.9651939291374e-17
3.0000000000000e-01   -2.4532530197109e+01   6.6959680638616e-15
3.0000000000000e-01   -2.0085536923188e+01   8.5388456764157e-13
3.0000000000000e-01   -1.6444646771097e+01   4.8761345791664e-11
3.0000000000000e-01   -1.3463738035002e+01   1.4449537185584e-09
3.0000000000000e-01   -1.1023176380642e+01   2.5085847760975e-08
3.0000000000000e-01   -9.0250134994341e+00   2.8203755933110e-07
3.0000000000000e-01   -7.3890560989307e+00   2.2313195546184e-06
3.0000000000000e-01   -6.0496474644130e+00   1.3310198049463e-05
3.0000000000000e-01   -4.9530324243951e+00   6.2980985463246e-05
3.0000000000000e-01   -4.0551999668447e+00   2.3782043319722e-04
3.0000000000000e-01   -3.3201169227365e+00   7.0376859653969e-04
3.0000000000000e-01   -2.7182818284590e+00   1.6738093064024e-03
3.0000000000000e-01   -2.2255409284925e+00   3.3737882484162e-03
3.0000000000000e-01   -1.8221188003905e+00   6.0359122503848e-03
3.0000000000000e-01   -1.4918246976413e+00   9.9002675989751e-03
3.0000000000000e-01   -1.2214027581602e+00   1.5219396903844e-02
3.0000000000000e-01   -1.0000000000000e+00   2.2267878522006e-02
3.0000000000000e-01   -8.1873075307798e-01   3.1356891076956e-02
3.0000000000000e-01   -6.7032004603564e-01   4.2852805195396e-02
3.0000000000000e-01   -5.4881163609403e-01   5.7199093543593e-02
3.0000000000000e-01   -4.4932896411722e-01   7.4941329443375e-02
3.0000000000000e-01   -3.6787944117144e-01   9.6755543796788e-02
3.0000000000000e-01   -3.0119421191220e-01   1.2348045380014e-01
3.0000000000000e-01   -2.4659696394161e-01   1.5615484794881e-01
3.0000000000000e-01   -2.0189651799466e-01   1.9606150764637e-01
3.0000000000000e-01   -1.6529888822159e-01   2.4477978700043e-01
3.0000000000000e-01   -1.3533528323661e-01   3.0424927463857e-01
3.0000000000000e-01   -1.1080315836233e-01   3.7684736802654e-01
3.0000000000000e-01   -9.0717953289413e-02   4.6548413215298e-01
3.0000000000000e-01   -7.4273578214334e-02   5.7371853105473e-01
3.0000000000000e-01   -6.0810062625218e-02   7.0590062759549e-01
3.0000000000000e-01   -4.9787068367864e-02   8.6734568734352e-01
3.0000000000000e-01   -4.0762203978366e-02   1.0645470251155e+00
3.0000000000000e-01   -3.3373269960326e-02   1.3054363015904e+00
3.0000000000000e-01   -2.7323722447293e-02   1.5997016017398e+00
3.0000000000000e-01   -2.2370771856166e-02   1.9591760773616e+00
3.0000000000000e-01   -1.8315638888734e-02   2.3983127010164e+00
3.0000000000000e-01   -1.4995576820478e-02   2.9347642774786e+00
3.0000000000000e-01   -1.2277339903068e-02   3.5900918585286e+00
3.0000000000000e-01   -1.0051835744634e-02   4.3906299958417e+00
3.0000000000000e-01   -8.2297470490200e-03   5.3685438808809e+00
3.0000000000000e-01   -6.7379469990855e-03   6.5631199130040e+00
3.0000000000000e-01   6.7379469990855e-03   6.6074911848947e+00
3.0000000000000e-01   8.2297470490200e-03   5.4129079411460e+00
3.0000000000000e-01   1.0051835744634e-02   4.4349864457713e+00
3.0000000000000e-01   1.2277339903068e-02   3.6344403200636e+00
3.0000000000000e-01   1.4995576820478e-02   2.9791043824934e+00
3.0000000000000e-01   1.8315638888734e-02   2.4426440697751e+00
3.0000000000000e-01   2.2370771856166e-02   2.0034982708436e+00
3.0000000000000e-01   2.7323722447293e-02   1.6440140377704e+00
3.0000000000000e-01   3.3373269960326e-02   1.3497381161289e+00
3.0000000000000e-01   4.0762203978366e-02   1.1088368512238e+00
3.0000000000000e-01   4.9787068367864e-02   9.1162131798764e-01
3.0000000000000e-01   6.0810062625218e-02   7.5015851392420e-01
3.0000000000000e-01   7.4273578214334e-02   6.1795305404884e-01
3.0000000000000e-01   9.0717953289413e-02   5.0968656669245e-01
3.0000000000000e-01   1.1080315836233e-01   4.2100445033211e-01
3.0000000000000e-01   1.3533528323661e-01   3.4834125984392e-01
3.0000000000000e-01   1.6529888822159e-01   2.8877789580207e-01
3.0000000000000e-01   2.0189651799466e-01   2.3992465643108e-01
3.0000000000000e-01   2.4659696394161e-01   1.9982562154043e-01
3.0000000000000e-01   3.0119421191220e-01   1.6688034967690e-01
3.0000000000000e-01   3.6787944117144e-01   1.3977962449774e-01
3.0000000000000e-01   4.4932896411722e-01   1.1745255883166e-01
3.0000000000000e-01   5.4881163609403e-01   9.9022756485925e-02
3.0000000000000e-01   6.7032004603564e-01   8.3771357607816e-02
3.0000000000000e-01   8.1873075307798e-01   7.1105508348850e-02
3.0000000000000e-01   1.0000000000000e+00   6.0530369544703e-02
3.0000000000000e-01   1.2214027581602e+00   5.1623318770827e-02
3.0000000000000e-01   1.4918246976413e+00   4.4008662283261e-02
3.0000000000000e-01   1.8221188003905e+00   3.7331810942918e-02
3.0000000000000e-01   2.2255409284925e+00   3.1236183513314e-02
3.0000000000000e-01   2.7182818284590e+00   2.5365345171450e-02
3.0000000000000e-01   3.3201169227365e+00   1.9468762300256e-02
3.0000000000000e-01   4.0551999668447e+00   1.3721454014343e-02
3.0000000000000e-01   4.9530324243951e+00   8.9183415837712e-03
3.0000000000000e-01   6.0496474644130e+00   5.6430387025883e-03
3.0000000000000e-01   7.3890560989307e+00   3.6106721962079e-03
3.0000000000000e-01   9.0250134994341e+00   2.3432601650687e-03
3.0000000000000e-01   1.1023176380642e+01   1.5372109078072e-03
3.0000000000000e-01   1.3463738035002e+01   1.0164384175416e-03
3.0000000000000e-01   1.6444646771097e+01   6.7591958893372e-04
3.0000000000000e-01   2.0085536923188e+01   4.5127057501012e-04
3.0000000000000e-01   2.4532530197109e+01   3.0210357552900e-04
3.0000000000000e-01   2.9964100047397e+01   2.0260432854913e-04
3.0000000000000e-01   3.6598234443678e+01   1.3602763890920e-04
3.0000000000000e-01   4.4701184493301e+01   9.1387955587420e-05
3.0000000000000e-01   5.4598150033144e+01   6.1417950449916e-05
3.0000000000000e-01   6.6686331040925e+01   4.1281280686366e-05
3.0000000000000e-01   8.1450868664968e+01   2.7746092408349e-05
3.0000000000000e-01   9.9484315641934e+01   1.8646755516656e-05
3.0000000000000e-01   1.2151041751873e+02   1.2529537430551e-05
3.0000000000000e-01   1.4841315910258e+02   8.4175406235411e-06
3.0000000000000e-01   1.8127224187515e+02   5.6539117144700e-06
3.0000000000000e-01   2.2140641620419e+02   3.7968748448774e-06
3.0000000000000e-01   2.7042640742615e+02   2.5492933902280e-06
3.0000000000000e-01   3.3029955990965e+02   1.7113320093692e-06
3.0000000000000e-01   4.0342879349274e+02   1.1486172269158e-06
3.0000000000000e-01   4.9274904109326e+02   7.7081315006764e-07
3.0000000000000e-01   6.0184503787208e+02   5.1720403492152e-07
3.0000000000000e-01   7.3509518924197e+02   3.4699233954144e-07
3.0000000000000e-01   8.9784729165042e+02   2.3277101806072e-07
3.3000000000000e-01   -8.9784729165042e+02   0.0000000000000e+00
3.3000000000000e-01   -7.3509518924197e+02   0.0000000000000e+00
3.3000000000000e-01   -6.0184503787208e+02   0.0000000000000e+00
3.3000000000000e-01   -4.9274904109326e+02   0.0000000000000e+00
3.3000000000000e-01   -4.0342879349274e+02   0.0000000000000e+00
3.3000000000000e-01   -3.3029955990965e+02   0.0000000000000e+00
3.3000000000000e-01   -2.7042640742615e+02   0.0000000000000e+00
3.3000000000000e-01   -2.2140641620419e+02   0.0000000000000e+00
3.3000000000000e-01   -1.8127224187515e+02   1.2870075728569e-84
3.3000000000000e-01   -1.4841315910258e+02   3.5721354946428e-70
3.3000000000000e-01   -1.2151041751873e+02   2.5667249643866e-58
3.3000000000000e-01   -9.9484315641934e+01   1.4055541186481e-48
3.3000000000000e-01   -8.1450868664968e+01   1.4198846610054e-40
3.3000000000000e-01   -6.6686331040925e+01   5.4567693865776e-34
3.3000000000000e-01   -5.4598150033144e+01   1.4430257630412e-28
3.3000000000000e-01   -4.4701184493301e+01   4.2660099923915e-24
3.3000000000000e-01   -3.6598234443678e+01   2.0978421061930e-20
3.3000000000000e-01   -2.9964100047397e+01   2.3762839078822e-17
3.3000000000000e-01   -2.4532530197109e+01   8.0953283859373e-15
3.3000000000000e-01   -2.0085536923188e+01   1.0321599875389e-12
3.3000000000000e-01   -1.6444646771097e+01   5.8933448488135e-11
3.3000000000000e-01   -1.3463738035002e+01   1.7462774771926e-09
3.3000000000000e-01   -1.1023176380642e+01   3.0320389450357e-08
3.3000000000000e-01   -9.0250134994341e+00   3.4103143962969e-07
3.3000000000000e-01   -7.3890560989307e+00   2.7005854659327e-06
3.3000000000000e-01   -6.0496474644130e+00   1.6131272220838e-05
3.3000000000000e-01   -4.9530324243951e+00   7.6067296013788e-05
3.3000000000000e-01   -4.0551999668447e+00   2.8218999645587e-04
3.3000000000000e-01   -3.3201169227365e+00   8.1544807349681e-04
3.3000000000000e-01   -2.7182818284590e+00   1.9054121225719e-03
3.3000000000000e-01   -2.2255409284925e+00   3.8018672228911e-03
3.3000000000000e-01   -1.8221188003905e+00   6.7667996010510e-03
3.3000000000000e-01   -1.4918246976413e+00   1.1072107348432e-02
3.3000000000000e-01   -1.2214027581602e+00   1.7002051520434e-02
3.3000000000000e-01   -1.0000000000000e+00   2.4862441141529e-02
3.3000000000000e-01   -8.1873075307798e-01   3.4996274424280e-02
3.3000000000000e-01   -6.7032004603564e-01   4.7804632302310e-02
3.3000000000000e-01   -5.4881163609403e-01   6.3771768056619e-02
3.3000000000000e-01   -4.4932896411722e-01   8.3493761170850e-02
3.3000000000000e-01   -3.6787944117144e-01   1.0771064572306e-01
3.3000000000000e-01   -3.0119421191220e-01   1.3734252092969e-01
3.3000000000000e-01   -2.4659696394161e-01   1.7353085082871e-01
3.3000000000000e-01   -2.0189651799466e-01   2.1768676806909e-01
3.3000000000000e-01   -1.6529888822159e-01   2.7154867602826e-01
3.3000000000000e-01   -1.3533528323661e-01   3.3725202981454e-01
3.3000000000000e-01   -1.1080315836233e-01   4.1741441339329e-01
3.3000000000000e-01   -9.0717953289413e-02   5.1523972396150e-01
3.3000000000000e-01   -7.4273578214334e-02   6.3464583083978e-01
3.3000000000000e-01   -6.0810062625218e-02   7.8042093064839e-01
3.3000000000000e-01   -4.9787068367864e-02   9.5841497349896e-01
3.3000000000000e-01   -4.0762203978366e-02   1.1757713796306e+00
3.3000000000000e-01   -3.3373269960326e-02   1.4412256092382e+00
3.3000000000000e-01   -2.7323722447293e-02   1.7654304500936e+00
3.3000000000000e-01   -2.2370771856166e-02   2.1614081626920e+00
3.3000000000000e-01   -1.8315638888734e-02   2.6450600323664e+00
3.3000000000000e-01   -1.4995576820478e-02   3.2358090410543e+00
3.3000000000000e-01   -1.2277339903068e-02   3.9573746266721e+00
3.3000000000000e-01   -1.0051835744634e-02   4.8387291936326e+00
3.3000000000000e-01   -8.2297470490200e-03   5.9152583520851e+00
3.3000000000000e-01   -6.7379469990855e-03   7.2301815133408e+00
3.3000000000000e-01   6.7379469990855e-03   7.2790625872812e+00
3.3000000000000e-01   8.2297470490200e-03   5.9641402991900e+00
3.3000000000000e-01   1.0051835744634e-02   4.8876125769748e+00
3.3000000000000e-01   1.2277339903068e-02   4.0062601380536e+00
3.3000000000000e-01   1.4995576820478e-02   3.2846975033370e+00
3.3000000000000e-01   1.8315638888734e-02   2.6939523772362e+00
3.3000000000000e-01   2.2370771856166e-02   2.2103054271530e+00
3.3000000000000e-01   2.7323722447293e-02   1.8143336479157e+00
3.3000000000000e-01   3.3373269960326e-02   1.4901356246643e+00
3.3000000000000e-01   4.0762203978366e-02   1.2246886267961e+00
3.3000000000000e-01   4.9787068367864e-02   1.0073394427038e+00
3.3000000000000e-01   6.0810062625218e-02   8.2935102007874e-01
3.3000000000000e-01   7.4273578214334e-02   6.8357793618034e-01
3.3000000000000e-01   9.0717953289413e-02   5.6416695605683e-01
3.3000000000000e-01   1.1080315836233e-01   4.6632493837389e-01
3.3000000000000e-01   1.3533528323661e-01   3.8612679386031e-01
3.3000000000000e-01   1.6529888822159e-01   3.2035837694042e-01
3.3000000000000e-01   2.0189651799466e-01   2.6638794970796e-01
3.3000000000000e-01   2.4659696394161e-01   2.2206105400362e-01
3.3000000000000e-01   3.0119421191220e-01   1.8561454232548e-01
3.3000000000000e-01   3.6787944117144e-01   1.5560610816472e-01
3.3000000000000e-01   4.4932896411722e-01   1.3085644421888e-01
3.3000000000000e-01   5.4881163609403e-01   1.1040133449204e-01
3.3000000000000e-01   6.7032004603564e-01   9.3451500541143e-02
3.3000000000000e-01   8.1873075307798e-01   7.9358246235163e-02
3.3000000000000e-01   1.0000000000000e+00   6.7583121966152e-02
3.3000000000000e-01   1.2214027581602e+00   5.7669980679440e-02
3.3000000000000e-01   1.4918246976413e+00   4.9217723479679e-02
3.3000000000000e-01   1.8221188003905e+00   4.1852312113872e-02
3.3000000000000e-01   2.2255409284925e+00   3.5199548259506e-02
3.3000000000000e-01   2.7182818284590e+00   2.8875114983548e-02
3.3000000000000e-01   3.3201169227365e+00   2.2558216989461e-02
3.3000000000000e-01   4.0551999668447e+00   1.6281431362401e-02
3.3000000000000e-01   4.9530324243951e+00   1.0771411787462e-02
3.3000000000000e-01   6.0496474644130e+00   6.8390712990070e-03
3.3000000000000e-01   7.3890560989307e+00   4.3700279662515e-03
3.3000000000000e-01   9.0250134994341e+00   2.8334005918061e-03
3.3000000000000e-01   1.1023176380642e+01   1.8579732220394e-03
3.3000000000000e-01   1.3463738035002e+01   1.2284016385501e-03
3.3000000000000e-01   1.6444646771097e+01   8.1692315152132e-04
3.3000000000000e-01   2.0085536923188e+01   5.4548758547731e-04
3.3000000000000e-01   2.4532530197109e+01   3.6523884629502e-04
3.3000000000000e-01   2.9964100047397e+01   2.4498620642997e-04
3.3000000000000e-01   3.6598234443678e+01   1.6450687945083e-04
3.3000000000000e-01   4.4701184493301e+01   1.1053495234839e-04
3.3000000000000e-01   5.4598150033144e+01   7.4293251562391e-05
3.3000000000000e-01   6.6686331040925e+01   4.9939154994433e-05
3.3000000000000e-01   8.1450868664968e+01   3.3567258646383e-05
3.3000000000000e-01   9.9484315641934e+01   2.2559885510214e-05
3.3000000000000e-01   1.2151041751873e+02   1.5159439941751e-05
3.3000000000000e-01   1.4841315910258e+02   1.0184599696673e-05
3.3000000000000e-01   1.8127224187515e+02   6.8409351103394e-06
3.3000000000000e-01   2.2140641620419e+02   4.5940770310024e-06
3.3000000000000e-01   2.7042640742615e+02   3.0845780992096e-06
3.3000000000000e-01   3.3029955990965e+02   2.0706802281899e-06
3.3000000000000e-01   4.0342879349274e+02   1.3898120601835e-06
3.3000000000000e-01   4.9274904109326e+02   9.3267699352280e-07
3.3000000000000e-01   6.0184503787208e+02   6.2581365332016e-07
3.3000000000000e-01   7.3509518924197e+02   4.1985922712679e-07
3.3000000000000e-01   8.9784729165042e+02   2.8165223293981e-07
3.6000000000000e-01   -8.9784729165042e+02   0.0000000000000e+00
3.6000000000000e-01   -7.3509518924197e+02   0.0000000000000e+00
3.6000000000000e-01   -6.0184503787208e+02   0.0000000000000e+00
3.6000000000000e-01   -4.9274904109326e+02   0.0000000000000e+00
3.6000000000000e-01   -4.0342879349274e+02   0.0000000000000e+00
3.6000000000000e-01   -3.3029955990965e+02   0.0000000000000e+00
3.6000000000000e-01   -2.7042640742615e+02   0.0000000000000e+00
3.6000000000000e-01   -2.2140641620419e+02   0.0000000000000e+00
3.6000000000000e-01   -1.8127224187515e+02   1.5315786458229e-84
3.6000000000000e-01   -1.4841315910258e+02   4.2508758289172e-70
3.6000000000000e-01   -1.2151041751873e+02   3.0543528524780e-58
3.6000000000000e-01   -9.9484315641934e+01   1.6725262507667e-48
3.6000000000000e-01   -8.1450868664968e+01   1.6895026425437e-40
3.6000000000000e-01   -6.6686331040925e+01   6.4925514425633e-34
3.6000000000000e-01   -5.4598150033144e+01   1.7168008732082e-28
3.6000000000000e-01   -4.4701184493301e+01   5.0748636041106e-24
3.6000000000000e-01   -3.6598234443678e+01   2.4952934972329e-20
3.6000000000000e-01   -2.9964100047397e+01   2.8260728940968e-17
3.6000000000000e-01   -2.4532530197109e+01   9.6260488009545e-15
3.6000000000000e-01   -2.0085536923188e+01   1.2271229895406e-12
3.6000000000000e-01   -1.6444646771097e+01   7.0055564779241e-11
3.6000000000000e-01   -1.3463738035002e+01   2.0757249398539e-09
3.6000000000000e-01   -1.1023176380642e+01   3.6044817063258e-08
3.6000000000000e-01   -9.0250134994341e+00   4.0559503737836e-07
3.6000000000000e-01   -7.3890560989307e+00   3.2149653072365e-06
3.6000000000000e-01   -6.0496474644130e+00   1.9222713765031e-05
3.6000000000000e-01   -4.9530324243951e+00   9.0133836209379e-05
3.6000000000000e-01   -4.0551999668447e+00   3.2818541428200e-04
3.6000000000000e-01   -3.3201169227365e+00   9.2865927797710e-04
3.6000000000000e-01   -2.7182818284590e+00   2.1389216580151e-03
3.6000000000000e-01   -2.2255409284925e+00   4.2338833689386e-03
3.6000000000000e-01   -1.8221188003905e+00   7.5055306297149e-03
3.6000000000000e-01   -1.4918246976413e+00   1.2257086481600e-02
3.6000000000000e-01   -1.2214027581602e+00   1.8803469183715e-02
3.6000000000000e-01   -1.0000000000000e+00   2.7480387759885e-02
3.6000000000000e-01   -8.1873075307798e-01   3.8661328532281e-02
3.6000000000000e-01   -6.7032004603564e-01   5.2781166620979e-02
3.6000000000000e-01   -5.4881163609403e-01   7.0364674692926e-02
3.6000000000000e-01   -4.4932896411722e-01   9.2058849528208e-02
3.6000000000000e-01   -3.6787944117144e-01   1.1866867689097e-01
3.6000000000000e-01   -3.0119421191220e-01   1.5119683398756e-01
3.6000000000000e-01   -2.4659696394161e-01   1.9088871868505e-01
3.6000000000000e-01   -2.0189651799466e-01   2.3928491058262e-01
3.6000000000000e-01   -1.6529888822159e-01   2.9828378238263e-01
3.6000000000000e-01   -1.3533528323661e-01   3.7021725451712e-01
3.6000000000000e-01   -1.1080315836233e-01   4.5794356303910e-01
3.6000000000000e-01   -9.0717953289413e-02   5.6496065195460e-01
3.6000000000000e-01   -7.4273578214334e-02   6.9554539557462e-01
3.6000000000000e-01   -6.0810062625218e-02   8.5492411850203e-01
3.6000000000000e-01   -4.9787068367864e-02   1.0494815470020e+00
3.6000000000000e-01   -4.0762203978366e-02   1.2870159646379e+00
3.6000000000000e-01   -3.3373269960326e-02   1.5770518501996e+00
3.6000000000000e-01   -2.7323722447293e-02   1.9312214515850e+00
3.6000000000000e-01   -2.2370771856166e-02   2.3637312738811e+00
3.6000000000000e-01   -1.8315638888734e-02   2.8919317288059e+00
3.6000000000000e-01   -1.4995576820478e-02   3.5370134007758e+00
3.6000000000000e-01   -1.2277339903068e-02   4.3248570070462e+00
3.6000000000000e-01   -1.0051835744634e-02   5.2870718928748e+00
3.6000000000000e-01   -8.2297470490200e-03   6.4622643240966e+00
3.6000000000000e-01   -6.7379469990855e-03   7.8975869662930e+00
3.6000000000000e-01   6.7379469990855e-03   7.9509801669669e+00
3.6000000000000e-01   8.2297470490200e-03   6.5156665669178e+00
3.6000000000000e-01   1.0051835744634e-02   5.3404846696091e+00
3.6000000000000e-01   1.2277339903068e-02   4.3782820340871e+00
3.6000000000000e-01   1.4995576820478e-02   3.5904526315967e+00
3.6000000000000e-01   1.8315638888734e-02   2.9453873486007e+00
3.6000000000000e-01   2.2370771856166e-02   2.4172056685876e+00
3.6000000000000e-01   2.7323722447293e-02   1.9847171328678e+00
3.6000000000000e-01   3.3373269960326e-02   1.6305713198972e+00
3.6000000000000e-01   4.0762203978366e-02   1.3405614745379e+00
3.6000000000000e-01   4.9787068367864e-02   1.1030547162942e+00
3.6000000000000e-01   6.0810062625218e-02   9.0852533796153e-01
3.6000000000000e-01   7.4273578214334e-02   7.4917294484941e-01
3.6000000000000e-01   9.0717953289413e-02   6.1860938992531e-01
3.6000000000000e-01   1.1080315836233e-01   5.1160309026446e-01
3.6000000000000e-01   1.3533528323661e-01   4.2386935846486e-01
3.6000000000000e-01   1.6529888822159e-01   3.5189900311576e-01
3.6000000000000e-01   2.0189651799466e-01   2.9281805821990e-01
3.6000000000000e-01   2.4659696394161e-01   2.4427327974346e-01
3.6000000000000e-01   3.0119421191220e-01   2.0433825556493e-01
3.6000000000000e-01   3.6787944117144e-01   1.7143682361293e-01
3.6000000000000e-01   4.4932896411722e-01   1.4428016583768e-01
3.6000000000000e-01   5.4881163609403e-01   1.2181493823882e-01
3.6000000000000e-01   6.7032004603564e-01   1.0317994268527e-01
3.6000000000000e-01   8.1873075307798e-01   8.7669195647714e-02
3.6000000000000e-01   1.0000000000000e+00   7.4699438686703e-02
3.6000000000000e-01   1.2214027581602e+00   6.3780285763043e-02
3.6000000000000e-01   1.4918246976413e+00   5.4485191854947e-02
3.6000000000000e-01   1.8221188003905e+00   4.6421326035171e-02
3.6000000000000e-01   2.2255409284925e+00   3.9199365267877e-02
3.6000000000000e-01   2.7182818284590e+00   3.2413779719541e-02
3.6000000000000e-01   3.3201169227365e+00   2.5690044753004e-02
3.6000000000000e-01   4.0551999668447e+00   1.8935215152494e-02
3.6000000000000e-01   4.9530324243951e+00   1.2763286151501e-02
3.6000000000000e-01   6.0496474644130e+00   8.1497298043003e-03
3.6000000000000e-01   7.3890560989307e+00   5.2023861049329e-03
3.6000000000000e-01   9.0250134994341e+00   3.3698160503598e-03
3.6000000000000e-01   1.1023176380642e+01   2.2087547723124e-03
3.6000000000000e-01   1.3463738035002e+01   1.4601482013014e-03
3.6000000000000e-01   1.6444646771097e+01   9.7109560409629e-04
3.6000000000000e-01   2.0085536923188e+01   6.4852383809633e-04
3.6000000000000e-01   2.4532530197109e+01   4.3430072145653e-04
3.6000000000000e-01   2.9964100047397e+01   2.9135781087555e-04
3.6000000000000e-01   3.6598234443678e+01   1.9567390001942e-04
3.6000000000000e-01   4.4701184493301e+01   1.3149284874048e-04
3.6000000000000e-01   5.4598150033144e+01   8.8388386695871e-05
3.6000000000000e-01   6.6686331040925e+01   5.9418404889355e-05
3.6000000000000e-01   8.1450868664968e+01   3.9941252795739e-05
3.6000000000000e-01   9.9484315641934e+01   2.6844929148951e-05
3.6000000000000e-01   1.2151041751873e+02   1.8039439079177e-05
3.6000000000000e-01   1.4841315910258e+02   1.2119772260238e-05
3.6000000000000e-01   1.8127224187515e+02   8.1409234517541e-06
3.6000000000000e-01   2.2140641620419e+02   5.4671629169450e-06
3.6000000000000e-01   2.7042640742615e+02   3.6708232445008e-06
3.6000000000000e-01   3.3029955990965e+02   2.4642431116729e-06
3.6000000000000e-01   4.0342879349274e+02   1.6539736177650e-06
3.6000000000000e-01   4.9274904109326e+02   1.1099544700657e-06
3.6000000000000e-01   6.0184503787208e+02   7.4476612491806e-07
3.6000000000000e-01   7.3509518924197e+02   4.9966538985102e-07
3.6000000000000e-01   8.9784729165042e+02   3.3518860248049e-07
3.9000000000000e-01   -8.9784729165042e+02   0.0000000000000e+00
3.9000000000000e-01   -7.3509518924197e+02   0.0000000000000e+00
3.9000000000000e-01   -6.0184503787208e+02   0.0000000000000e+00
3.9000000000000e-01   -4.9274904109326e+02   0.0000000000000e+00
3.9000000000000e-01   -4.0342879349274e+02   0.0000000000000e+00
3.9000000000000e-01   -3.3029955990965e+02   0.0000000000000e+00
3.9000000000000e-01   -2.7042640742615e+02   0.0000000000000e+00
3.9000000000000e-01   -2.2140641620419e+02   0.0000000000000e+00
3.9000000000000e-01   -1.8127224187515e+02   1.7973994065446e-84
3.9000000000000e-01   -1.4841315910258e+02   4.9885692603505e-70
3.9000000000000e-01   -1.2151041751873e+02   3.5843150256609e-58
3.9000000000000e-01   -9.9484315641934e+01   1.9626615257163e-48
3.9000000000000e-01   -8.1450868664968e+01   1.9824935534419e-40
3.9000000000000e-01   -6.6686331040925e+01   7.6180235323970e-34
3.9000000000000e-01   -5.4598150033144e+01   2.0142478072038e-28
3.9000000000000e-01   -4.4701184493301e+01   5.9535233203422e-24
3.9000000000000e-01   -3.6598234443678e+01   2.9269559749558e-20
3.9000000000000e-01   -2.9964100047397e+01   3.3144834235987e-17
3.9000000000000e-01   -2.4532530197109e+01   1.1287804503428e-14
3.9000000000000e-01   -2.0085536923188e+01   1.4387247890707e-12
3.9000000000000e-01   -1.6444646771097e+01   8.2124621982049e-11
3.9000000000000e-01   -1.3463738035002e+01   2.4332063892287e-09
3.9000000000000e-01   -1.1023176380642e+01   4.2257939565780e-08
3.9000000000000e-01   -9.0250134994341e+00   4.7572612262329e-07
3.9000000000000e-01   -7.3890560989307e+00   3.7745652288032e-06
3.9000000000000e-01   -6.0496474644130e+00   2.2578266680017e-05
3.9000000000000e-01   -4.9530324243951e+00   1.0505530489574e-04
3.9000000000000e-01   -4.0551999668447e+00   3.7542166937361e-04
3.9000000000000e-01   -3.3201169227365e+00   1.0430346119455e-03
3.9000000000000e-01   -2.7182818284590e+00   2.3741346669206e-03
3.9000000000000e-01   -2.2255409284925e+00   4.6695450184754e-03
3.9000000000000e-01   -1.8221188003905e+00   8.2512602669420e-03
3.9000000000000e-01   -1.4918246976413e+00   1.3453224626254e-02
3.9000000000000e-01   -1.2214027581602e+00   2.0620053299271e-02
3.9000000000000e-01   -1.0000000000000e+00   3.0116127285642e-02
3.9000000000000e-01   -8.1873075307798e-01   4.2344446621461e-02
3.9000000000000e-01   -6.7032004603564e-01   5.7773184330019e-02
3.9000000000000e-01   -5.4881163609403e-01   7.6967740214575e-02
3.9000000000000e-01   -4.4932896411722e-01   1.0062666764080e-01
3.9000000000000e-01   -3.6787944117144e-01   1.2962088399988e-01
3.9000000000000e-01   -3.0119421191220e-01   1.6503673407148e-01
3.9000000000000e-01   -2.4659696394161e-01   2.0822455937440e-01
3.9000000000000e-01   -2.0189651799466e-01   2.6085523829901e-01
3.9000000000000e-01   -1.6529888822159e-01   3.2498769657601e-01
3.9000000000000e-01   -1.3533528323661e-01   4.0315083727490e-01
3.9000000000000e-01   -1.1080315836233e-01   4.9844372512018e-01
3.9000000000000e-01   -9.0717953289413e-02   6.1465849386175e-01
3.9000000000000e-01   -7.4273578214334e-02   7.5643108539055e-01
3.9000000000000e-01   -6.0810062625218e-02   9.2942596989984e-01
3.9000000000000e-01   -4.9787068367864e-02   1.1405625564909e+00
3.9000000000000e-01   -4.0762203978366e-02   1.3982915925499e+00
3.9000000000000e-01   -3.3373269960326e-02   1.7129339304371e+00
3.9000000000000e-01   -2.7323722447293e-02   2.0970939409616e+00
3.9000000000000e-01   -2.2370771856166e-02   2.5661647479095e+00
3.9000000000000e-01   -1.8315638888734e-02   3.1389457236394e+00
3.9000000000000e-01   -1.4995576820478e-02   3.8383956898969e+00
3.9000000000000e-01   -1.2277339903068e-02   4.6925575067662e+00
3.9000000000000e-01   -1.0051835744634e-02   5.7356757820628e+00
3.9000000000000e-01   -8.2297470490200e-03   7.0095787001057e+00
3.9000000000000e-01   -6.7379469990855e-03   8.5653520456996e+00
3.9000000000000e-01   6.7379469990855e-03   8.6232598044327e+00
3.9000000000000e-01   8.2297470490200e-03   7.0675037872027e+00
3.9000000000000e-01   1.0051835744634e-02   5.7936205908672e+00
3.9000000000000e-01   1.2277339903068e-02   4.7505247438984e+00
3.9000000000000e-01   1.4995576820478e-02   3.8963883775156e+00
3.9000000000000e-01   1.8315638888734e-02   3.1969672486595e+00
3.9000000000000e-01   2.2370771856166e-02   2.6242187695861e+00
3.9000000000000e-01   2.7323722447293e-02   2.1551843629553e+00
3.9000000000000e-01   3.3373269960326e-02   1.7710647493904e+00
3.9000000000000e-01   4.0762203978366e-02   1.4564666567054e+00
3.9000000000000e-01   4.9787068367864e-02   1.1987851627881e+00
3.9000000000000e-01   6.0810062625218e-02   9.8769823559665e-01
3.9000000000000e-01   7.4273578214334e-02   8.1475300882339e-01
3.9000000000000e-01   9.0717953289413e-02   6.7302654545008e-01
3.9000000000000e-01   1.1080315836233e-01   5.5684885797299e-01
3.9000000000000e-01   1.3533528323661e-01   4.6157569555522e-01
3.9000000000000e-01   1.6529888822159e-01   3.8340283047398e-01
3.9000000000000e-01   2.0189651799466e-01   3.1921412917023e-01
3.9000000000000e-01   2.4659696394161e-01   2.6645731812702e-01
3.9000000000000e-01   3.0119421191220e-01   2.2304249007669e-01
3.9000000000000e-01   3.6787944117144e-01   1.8725912523029e-01
3.9000000000000e-01   4.4932896411722e-01   1.5770816569307e-01
3.9000000000000e-01   5.4881163609403e-01   1.3324612899208e-01
3.9000000000000e-01   6.7032004603564e-01   1.1293865273427e-01
3.9000000000000e-01   8.1873075307798e-01   9.6021107302389e-02
3.9000000000000e-01   1.0000000000000e+00   8.1864121544119e-02
3.9000000000000e-01   1.2214027581602e+00   6.9942034580284e-02
3.9000000000000e-01   1.4918246976413e+00   5.9802264259904e-02
3.9000000000000e-01   1.8221188003905e+00   5.1033625995250e-02
3.9000000000000e-01   2.2255409284925e+00   4.3232934132500e-02
3.9000000000000e-01   2.7182818284590e+00   3.5978259339102e-02
3.9000000000000e-01   3.3201169227365e+00   2.8854076511443e-02
3.9000000000000e-01   4.0551999668447e+00   2.1660591157137e-02
3.9000000000000e-01   4.9530324243951e+00   1.4876221566812e-02
3.9000000000000e-01   6.0496474644130e+00   9.5723619016953e-03
3.9000000000000e-01   7.3890560989307e+00   6.1079183822880e-03
3.9000000000000e-01   9.0250134994341e+00   3.9524880135452e-03
3.9000000000000e-01   1.1023176380642e+01   2.5894825744350e-03
3.9000000000000e-01   1.3463738035002e+01   1.7116149950376e-03
3.9000000000000e-01   1.6444646771097e+01   1.1383943537697e-03
3.9000000000000e-01   2.0085536923188e+01   7.6035355064268e-04
3.9000000000000e-01   2.4532530197109e+01   5.0927454668760e-04
3.9000000000000e-01   2.9964100047397e+01   3.4171115561110e-04
3.9000000000000e-01   3.6598234443678e+01   2.2952365781414e-04
3.9000000000000e-01   4.4701184493301e+01   1.5425946439242e-04
3.9000000000000e-01   5.4598150033144e+01   1.0370225042566e-04
3.9000000000000e-01   6.6686331040925e+01   6.9718478276067e-05
3.9000000000000e-01   8.1450868664968e+01   4.6867802505907e-05
3.9000000000000e-01   9.9484315641934e+01   3.1501753456528e-05
3.9000000000000e-01   1.2151041751873e+02   2.1169470479985e-05
3.9000000000000e-01   1.4841315910258e+02   1.4223027388517e-05
3.9000000000000e-01   1.8127224187515e+02   9.5538619716429e-06
3.9000000000000e-01   2.2140641620419e+02   6.4161254888985e-06
3.9000000000000e-01   2.7042640742615e+02   4.3080255100003e-06
3.9000000000000e-01   3.3029955990965e+02   2.8920190981360e-06
3.9000000000000e-01   4.0342879349274e+02   1.9411011666989e-06
3.9000000000000e-01   4.9274904109326e+02   1.3026452367003e-06
3.9000000000000e-01   6.0184503787208e+02   8.7406128961826e-07
3.9000000000000e-01   7.3509518924197e+02   5.8641075315457e-07
3.9000000000000e-01   8.9784729165042e+02   3.9338009202750e-07
4.2000000000000e-01   -8.9784729165042e+02   0.0000000000000e+00
4.2000000000000e-01   -7.3509518924197e+02   0.0000000000000e+00
4.2000000000000e-01   -6.0184503787208e+02   0.0000000000000e+00
4.2000000000000e-01   -4.9274904109326e+02   0.0000000000000e+00
4.2000000000000e-01   -4.0342879349274e+02   0.0000000000000e+00
4.2000000000000e-01   -3.3029955990965e+02   0.0000000000000e+00
4.2000000000000e-01   -2.7042640742615e+02   0.0000000000000e+00
4.2000000000000e-01   -2.2140641620419e+02   0.0000000000000e+00
4.2000000000000e-01   -1.8127224187515e+02   2.0844670772346e-84
4.2000000000000e-01   -1.4841315910258e+02   5.7852049442837e-70
4.2000000000000e-01   -1.2151041751873e+02   4.1566005894961e-58
4.2000000000000e-01   -9.9484315641934e+01   2.2759516623911e-48
4.2000000000000e-01   -8.1450868664968e+01   2.2988458803149e-40
4.2000000000000e-01   -6.6686331040925e+01   8.8331253820794e-34
4.2000000000000e-01   -5.4598150033144e+01   2.3353451209531e-28
4.2000000000000e-01   -4.4701184493301e+01   6.9019051413801e-24
4.2000000000000e-01   -3.6598234443678e+01   3.3928072501530e-20
4.2000000000000e-01   -2.9964100047397e+01   3.8414383364103e-17
4.2000000000000e-01   -2.4532530197109e+01   1.3080271207394e-14
4.2000000000000e-01   -2.0085536923188e+01   1.6669170475648e-12
4.2000000000000e-01   -1.6444646771097e+01   9.5137593195149e-11
4.2000000000000e-01   -1.3463738035002e+01   2.8186345426883e-09
4.2000000000000e-01   -1.1023176380642e+01   4.8958641364633e-08
4.2000000000000e-01   -9.0250134994341e+00   5.5142395108320e-07
4.2000000000000e-01   -7.3890560989307e+00   4.3794402671230e-06
4.2000000000000e-01   -6.0496474644130e+00   2.6188361836065e-05
4.2000000000000e-01   -4.9530324243951e+00   1.2070886116746e-04
4.2000000000000e-01   -4.0551999668447e+00   4.2360763439650e-04
4.2000000000000e-01   -3.3201169227365e+00   1.1583336584841e-03
4.2000000000000e-01   -2.7182818284590e+00   2.6109007594905e-03
4.2000000000000e-01   -2.2255409284925e+00   5.1085524511052e-03
4.2000000000000e-01   -1.8221188003905e+00   9.0031578581473e-03
4.2000000000000e-01   -1.4918246976413e+00   1.4658756250956e-02
4.2000000000000e-01   -1.2214027581602e+00   2.2448678751659e-02
4.2000000000000e-01   -1.0000000000000e+00   3.2765024945945e-02
4.2000000000000e-01   -8.1873075307798e-01   4.6039602181735e-02
4.2000000000000e-01   -6.7032004603564e-01   6.2773712250426e-02
4.2000000000000e-01   -5.4881163609403e-01   8.3573712729357e-02
4.2000000000000e-01   -4.4932896411722e-01   1.0919046347204e-01
4.2000000000000e-01   -3.6787944117144e-01   1.4056174901430e-01
4.2000000000000e-01   -3.0119421191220e-01   1.7885851754233e-01
4.2000000000000e-01   -2.4659696394161e-01   2.2553687670986e-01
4.2000000000000e-01   -2.0189651799466e-01   2.8239863341044e-01
4.2000000000000e-01   -1.6529888822159e-01   3.5166372850103e-01
4.2000000000000e-01   -1.3533528323661e-01   4.3605827301499e-01
4.2000000000000e-01   -1.1080315836233e-01   5.3892233780891e-01
4.2000000000000e-01   -9.0717953289413e-02   6.6434242719711e-01
4.2000000000000e-01   -7.4273578214334e-02   8.1731344414469e-01
4.2000000000000e-01   -6.0810062625218e-02   1.0039380961489e+00
4.2000000000000e-01   -4.9787068367864e-02   1.2316703546987e+00
4.2000000000000e-01   -4.0762203978366e-02   1.5096135395622e+00
4.2000000000000e-01   -3.3373269960326e-02   1.8488848595784e+00
4.2000000000000e-01   -2.7323722447293e-02   2.2630608683148e+00
4.2000000000000e-01   -2.2370771856166e-02   2.7687214348819e+00
4.2000000000000e-01   -1.8315638888734e-02   3.3861148478763e+00
4.2000000000000e-01   -1.4995576820478e-02   4.1399696772832e+00
4.2000000000000e-01   -1.2277339903068e-02   5.0604868904514e+00
4.2000000000000e-01   -1.0051835744634e-02   6.1845511924255e+00
4.2000000000000e-01   -8.2297470490200e-03   7.5572108966774e+00
4.2000000000000e-01   -6.7379469990855e-03   9.2334853094226e+00
4.2000000000000e-01   6.7379469990855e-03   9.2959101153981e+00
4.2000000000000e-01   8.2297470490200e-03   7.6196614544255e+00
4.2000000000000e-01   1.0051835744634e-02   6.2470307763494e+00
4.2000000000000e-01   1.2277339903068e-02   5.1229991650821e+00
4.2000000000000e-01   1.4995576820478e-02   4.2025187179872e+00
4.2000000000000e-01   1.8315638888734e-02   3.4487051455956e+00
4.2000000000000e-01   2.2370771856166e-02   2.8313578709595e+00
4.2000000000000e-01   2.7323722447293e-02   2.3257486469927e+00
4.2000000000000e-01   3.3373269960326e-02   1.9116293642717e+00
4.2000000000000e-01   4.0762203978366e-02   1.5724200850510e+00
4.2000000000000e-01   4.9787068367864e-02   1.2945437654918e+00
4.2000000000000e-01   6.0810062625218e-02   1.0668820522859e+00
4.2000000000000e-01   7.4273578214334e-02   8.8032948490592e-01
4.2000000000000e-01   9.0717953289413e-02   7.2742847164324e-01
4.2000000000000e-01   1.1080315836233e-01   6.0207055123961e-01
4.2000000000000e-01   1.3533528323661e-01   4.9925209638659e-01
4.2000000000000e-01   1.6529888822159e-01   4.1487376384661e-01
4.2000000000000e-01   2.0189651799466e-01   3.4557724211634e-01
4.2000000000000e-01   2.4659696394161e-01   2.8861125453890e-01
4.2000000000000e-01   3.0119421191220e-01   2.4172224049701e-01
4.2000000000000e-01   3.6787944117144e-01   2.0306504128829e-01
4.2000000000000e-01   4.4932896411722e-01   1.7112986158719e-01
4.2000000000000e-01   5.4881163609403e-01   1.4468235231589e-01
4.2000000000000e-01   6.7032004603564e-01   1.2271399907947e-01
4.2000000000000e-01   8.1873075307798e-01   1.0440031536535e-01
4.2000000000000e-01   1.0000000000000e+00   8.9064571919568e-02
4.2000000000000e-01   1.2214027581602e+00   7.6144626919354e-02
4.2000000000000e-01   1.4918246976413e+00   6.5161092555493e-02
4.2000000000000e-01   1.8221188003905e+00   5.5684074437658e-02
4.2000000000000e-01   2.2255409284925e+00   4.7297479895196e-02
4.2000000000000e-01   2.7182818284590e+00   3.9566274795797e-02
4.2000000000000e-01   3.3201169227365e+00   3.2043661470963e-02
4.2000000000000e-01   4.0551999668447e+00   2.4440762290077e-02
4.2000000000000e-01   4.9530324243951e+00   1.7092823304704e-02
4.2000000000000e-01   6.0496474644130e+00   1.1102910629062e-02
4.2000000000000e-01   7.3890560989307e+00   7.0867138571545e-03
4.2000000000000e-01   9.0250134994341e+00   4.5814102976304e-03
4.2000000000000e-01   1.1023176380642e+01   3.0000882670672e-03
4.2000000000000e-01   1.3463738035002e+01   1.9827406216558e-03
4.2000000000000e-01   1.6444646771097e+01   1.3187774422666e-03
4.2000000000000e-01   2.0085536923188e+01   8.8095117660503e-04
4.2000000000000e-01   2.4532530197109e+01   5.9014569110174e-04
4.2000000000000e-01   2.9964100047397e+01   3.9603828572427e-04
4.2000000000000e-01   3.6598234443678e+01   2.6605440497792e-04
4.2000000000000e-01   4.4701184493301e+01   1.7883262281996e-04
4.2000000000000e-01   5.4598150033144e+01   1.2023373871740e-04
4.2000000000000e-01   6.6686331040925e+01   8.0838823540167e-05
4.2000000000000e-01   8.1450868664968e+01   5.4346635590850e-05
4.2000000000000e-01   9.9484315641934e+01   3.6530225516830e-05
4.2000000000000e-01   1.2151041751873e+02   2.4549469800078e-05
4.2000000000000e-01   1.4841315910258e+02   1.6494334162046e-05
4.2000000000000e-01   1.8127224187515e+02   1.1079735905009e-05
4.2000000000000e-01   2.2140641620419e+02   7.4409577337397e-06
4.2000000000000e-01   2.7042640742615e+02   4.9961815798309e-06
4.2000000000000e-01   3.3029955990965e+02   3.3540066259700e-06
4.2000000000000e-01   4.0342879349274e+02   2.2511939740474e-06
4.2000000000000e-01   4.9274904109326e+02   1.5107489504381e-06
4.2000000000000e-01   6.0184503787208e+02   1.0136989873263e-06
4.2000000000000e-01   7.3509518924197e+02   6.8009524247871e-07
4.2000000000000e-01   8.9784729165042e+02   4.5622666692576e-07
4.5000000000000e-01   -8.9784729165042e+02   0.0000000000000e+00
4.5000000000000e-01   -7.3509518924197e+02   0.0000000000000e+00
4.5000000000000e-01   -6.0184503787208e+02   0.0000000000000e+00
4.5000000000000e-01   -4.9274904109326e+02   0.0000000000000e+00
4.5000000000000e-01   -4.0342879349274e+02   0.0000000000000e+00
4.5000000000000e-01   -3.3029955990965e+02   0.0000000000000e+00
4.5000000000000e-01   -2.7042640742615e+02   0.0000000000000e+00
4.5000000000000e-01   -2.2140641620419e+02   0.0000000000000e+00
4.5000000000000e-01   -1.8127224187515e+02   2.3927788804960e-84
4.5000000000000e-01   -1.4841315910258e+02   6.6407720382515e-70
4.5000000000000e-01   -1.2151041751873e+02   4.7711986527176e-58
4.5000000000000e-01   -9.9484315641934e+01   2.6123883830711e-48
4.5000000000000e-01   -8.1450868664968e+01   2.6385481167318e-40
4.5000000000000e-01   -6.6686331040925e+01   1.0137796770103e-33
4.5000000000000e-01   -5.4598150033144e+01   2.6800713973668e-28
4.5000000000000e-01   -4.4701184493301e+01   7.9199252307137e-24
4.5000000000000e-01   -3.6598234443678e+01   3.8927623652013e-20
4.5000000000000e-01   -2.9964100047397e+01   4.4068607762346e-17
4.5000000000000e-01   -2.4532530197109e+01   1.5003130569956e-14
4.5000000000000e-01   -2.0085536923188e+01   1.9116518704085e-12
4.5000000000000e-01   -1.6444646771097e+01   1.0909149757993e-10
4.5000000000000e-01   -1.3463738035002e+01   3.2319245407134e-09
4.5000000000000e-01   -1.1023176380642e+01   5.6145883072981e-08
4.5000000000000e-01   -9.0250134994341e+00   6.3268912927608e-07
4.5000000000000e-01   -7.3890560989307e+00   5.0295503021003e-06
4.5000000000000e-01   -6.0496474644130e+00   3.0040364625487e-05
4.5000000000000e-01   -4.9530324243951e+00   1.3698071957806e-04
4.5000000000000e-01   -4.0551999668447e+00   4.7252620750796e-04
4.5000000000000e-01   -3.3201169227365e+00   1.2743946459443e-03
4.5000000000000e-01   -2.7182818284590e+00   2.8490950503123e-03
4.5000000000000e-01   -2.2255409284925e+00   5.5506016972133e-03
4.5000000000000e-01   -1.8221188003905e+00   9.7604263691198e-03
4.5000000000000e-01   -1.4918246976413e+00   1.5872050882612e-02
4.5000000000000e-01   -1.2214027581602e+00   2.4286656408867e-02
4.5000000000000e-01   -1.0000000000000e+00   3.5423259213287e-02
4.5000000000000e-01   -8.1873075307798e-01   4.9742051438684e-02
4.5000000000000e-01   -6.7032004603564e-01   6.7777460748892e-02
4.5000000000000e-01   -5.4881163609403e-01   9.0177365750503e-02
4.5000000000000e-01   -4.4932896411722e-01   1.1774565053636e-01
4.5000000000000e-01   -3.6787944117144e-01   1.5148783916221e-01
4.5000000000000e-01   -3.0119421191220e-01   1.9266027947170e-01
4.5000000000000e-01   -2.4659696394161e-01   2.4282549120358e-01
4.5000000000000e-01   -2.0189651799466e-01   3.0391668920467e-01
4.5000000000000e-01   -1.6529888822159e-01   3.7831514905990e-01
4.5000000000000e-01   -1.3533528323661e-01   4.6894439323138e-01
4.5000000000000e-01   -1.1080315836233e-01   5.7938565480271e-01
4.5000000000000e-01   -9.0717953289413e-02   7.1401963407406e-01
4.5000000000000e-01   -7.4273578214334e-02   8.7820047800500e-01
4.5000000000000e-01   -6.0810062625218e-02   1.0784689810443e+00
4.5000000000000e-01   -4.9787068367864e-02   1.3228137977706e+00
4.5000000000000e-01   -4.0762203978366e-02   1.6209907762133e+00
4.5000000000000e-01   -3.3373269960326e-02   1.9849135702051e+00
4.5000000000000e-01   -2.7323722447293e-02   2.4291308801097e+00
4.5000000000000e-01   -2.2370771856166e-02   2.9714094625368e+00
4.5000000000000e-01   -1.8315638888734e-02   3.6334467315964e+00
4.5000000000000e-01   -1.4995576820478e-02   4.4417403415149e+00
4.5000000000000e-01   -1.2277339903068e-02   5.4286517224831e+00
4.5000000000000e-01   -1.0051835744634e-02   6.6337033998380e+00
4.5000000000000e-01   -8.2297470490200e-03   8.1051651439037e+00
4.5000000000000e-01   -6.7379469990855e-03   9.9019899701398e+00
4.5000000000000e-01   6.7379469990855e-03   9.9689343342604e+00
4.5000000000000e-01   8.2297470490200e-03   8.1721438336342e+00
4.5000000000000e-01   1.0051835744634e-02   6.7007205552307e+00
4.5000000000000e-01   1.2277339903068e-02   5.4957119431093e+00
4.5000000000000e-01   1.4995576820478e-02   4.5088487068111e+00
4.5000000000000e-01   1.8315638888734e-02   3.7006088105260e+00
4.5000000000000e-01   2.2370771856166e-02   3.0386312843192e+00
4.5000000000000e-01   2.7323722447293e-02   2.4964188709561e+00
4.5000000000000e-01   3.3373269960326e-02   2.0522744002624e+00
4.5000000000000e-01   4.0762203978366e-02   1.6884311033268e+00
4.5000000000000e-01   4.9787068367864e-02   1.3903398326327e+00
4.5000000000000e-01   6.0810062625218e-02   1.1460858037332e+00
4.5000000000000e-01   7.4273578214334e-02   9.4591099655203e-01
4.5000000000000e-01   9.0717953289413e-02   7.8182303263262e-01
4.5000000000000e-01   1.1080315836233e-01   6.4727515653856e-01
4.5000000000000e-01   1.3533528323661e-01   5.3690409263592e-01
4.5000000000000e-01   1.6529888822159e-01   4.4631566206639e-01
4.5000000000000e-01   2.0189651799466e-01   3.7190934679855e-01
4.5000000000000e-01   2.4659696394161e-01   3.1073485929507e-01
4.5000000000000e-01   3.0119421191220e-01   2.6037493236886e-01
4.5000000000000e-01   3.6787944117144e-01   2.1884961257146e-01
4.5000000000000e-01   4.4932896411722e-01   1.8453806530404e-01
4.5000000000000e-01   5.4881163609403e-01   1.5611456014506e-01
4.5000000000000e-01   6.7032004603564e-01   1.3249564121313e-01
4.5000000000000e-01   8.1873075307798e-01   1.1279606275960e-01
4.5000000000000e-01   1.0000000000000e+00   9.6290401824272e-02
4.5000000000000e-01   1.2214027581602e+00   8.2378941399174e-02
4.5000000000000e-01   1.4918246976413e+00   7.0554428963912e-02
4.5000000000000e-01   1.8221188003905e+00   6.0367741746249e-02
4.5000000000000e-01   2.2255409284925e+00   5.1390188256438e-02
4.5000000000000e-01   2.7182818284590e+00   4.3175933543334e-02
4.5000000000000e-01   3.3201169227365e+00   3.5254324447836e-02
4.5000000000000e-01   4.0551999668447e+00   2.7263202491586e-02
4.5000000000000e-01   4.9530324243951e+00   1.9396978923120e-02
4.5000000000000e-01   6.0496474644130e+00   1.2736019373381e-02
4.5000000000000e-01   7.3890560989307e+00   8.1387076080763e-03
4.5000000000000e-01   9.0250134994341e+00   5.2565879417648e-03
4.5000000000000e-01   1.1023176380642e+01   3.4405081586487e-03
4.5000000000000e-01   1.3463738035002e+01   2.2734653875656e-03
4.5000000000000e-01   1.6444646771097e+01   1.5122035498248e-03
4.5000000000000e-01   2.0085536923188e+01   1.0102914040959e-03
4.5000000000000e-01   2.4532530197109e+01   6.7689979194707e-04
4.5000000000000e-01   2.9964100047397e+01   4.5433127761108e-04
4.5000000000000e-01   3.6598234443678e+01   3.0525947937284e-04
4.5000000000000e-01   4.4701184493301e+01   2.0521015176736e-04
4.5000000000000e-01   5.4598150033144e+01   1.3798174892603e-04
4.5000000000000e-01   6.6686331040925e+01   9.2778889547642e-05
4.5000000000000e-01   8.1450868664968e+01   6.2377480028937e-05
4.5000000000000e-01   9.9484315641934e+01   4.1930212468077e-05
4.5000000000000e-01   1.2151041751873e+02   2.8179372714101e-05
4.5000000000000e-01   1.4841315910258e+02   1.8933661667617e-05
4.5000000000000e-01   1.8127224187515e+02   1.2718530488929e-05
4.5000000000000e-01   2.2140641620419e+02   8.5416526390288e-06
4.5000000000000e-01   2.7042640742615e+02   5.7352881383395e-06
4.5000000000000e-01   3.3029955990965e+02   3.8502041336388e-06
4.5000000000000e-01   4.0342879349274e+02   2.5842513068968e-06
4.5000000000000e-01   4.9274904109326e+02   1.7342652682982e-06
4.5000000000000e-01   6.0184503787208e+02   1.1636790579502e-06
4.5000000000000e-01   7.3509518924197e+02   7.8071878326545e-07
4.5000000000000e-01   8.9784729165042e+02   5.2372829252059e-07
