1.5000000000000e-01   -8.9784729165042e+02   0.0000000000000e+00
1.5000000000000e-01   -7.3509518924197e+02   0.0000000000000e+00
1.5000000000000e-01   -6.0184503787208e+02   0.0000000000000e+00
1.5000000000000e-01   -4.9274904109326e+02   0.0000000000000e+00
1.5000000000000e-01   -4.0342879349274e+02   0.0000000000000e+00
1.5000000000000e-01   -3.3029955990965e+02   0.0000000000000e+00
1.5000000000000e-01   -2.7042640742615e+02   0.0000000000000e+00
1.5000000000000e-01   -2.2140641620419e+02   0.0000000000000e+00
1.5000000000000e-01   -1.8127224187515e+02   5.1083926759343e-85
1.5000000000000e-01   -1.4841315910258e+02   1.4102145695275e-70
1.5000000000000e-01   -1.2151041751873e+02   1.0072099185998e-58
1.5000000000000e-01   -9.9484315641934e+01   5.4787087437856e-49
1.5000000000000e-01   -8.1450868664968e+01   5.4936037002898e-41
1.5000000000000e-01   -6.6686331040925e+01   2.0939877154621e-34
1.5000000000000e-01   -5.4598150033144e+01   5.4876283558796e-29
1.5000000000000e-01   -4.4701184493301e+01   1.6062740489097e-24
1.5000000000000e-01   -3.6598234443678e+01   7.8135774137958e-21
1.5000000000000e-01   -2.9964100047397e+01   8.7462725108211e-18
1.5000000000000e-01   -2.4532530197109e+01   2.9413605254928e-15
1.5000000000000e-01   -2.0085536923188e+01   3.6979343763836e-13
1.5000000000000e-01   -1.6444646771097e+01   2.0794053671280e-11
1.5000000000000e-01   -1.3463738035002e+01   6.0598502524715e-10
1.5000000000000e-01   -1.1023176380642e+01   1.0331682632479e-08
1.5000000000000e-01   -9.0250134994341e+00   1.1389418361727e-07
1.5000000000000e-01   -7.3890560989307e+00   8.8192337641622e-07
1.5000000000000e-01   -6.0496474644130e+00   5.1396369986080e-06
1.5000000000000e-01   -4.9530324243951e+00   2.3888132036654e-05
1.5000000000000e-01   -4.0551999668447e+00   9.2936817448986e-05
1.5000000000000e-01   -3.3201169227365e+00   3.1068527067913e-04
1.5000000000000e-01   -2.7182818284590e+00   8.7065320492367e-04
1.5000000000000e-01   -2.2255409284925e+00   1.9965971712917e-03
1.5000000000000e-01   -1.8221188003905e+00   3.8642042080616e-03
1.5000000000000e-01   -1.4918246976413e+00   6.6284522018926e-03
1.5000000000000e-01   -1.2214027581602e+00   1.0466956656754e-02
1.5000000000000e-01   -1.0000000000000e+00   1.5599536650428e-02
1.5000000000000e-01   -8.1873075307798e-01   2.2302166298927e-02
1.5000000000000e-01   -6.7032004603564e-01   3.0924385220538e-02
1.5000000000000e-01   -5.4881163609403e-01   4.1910600670323e-02
1.5000000000000e-01   -4.4932896411722e-01   5.5824033262434e-02
1.5000000000000e-01   -3.6787944117144e-01   7.3372579325438e-02
1.5000000000000e-01   -3.0119421191220e-01   9.5436939413601e-02
1.5000000000000e-01   -2.4659696394161e-01   1.2310247962089e-01
1.5000000000000e-01   -2.0189651799466e-01   1.5769723566250e-01
1.5000000000000e-01   -1.6529888822159e-01   2.0083902248834e-01
1.5000000000000e-01   -1.3533528323661e-01   2.5449486267789e-01
1.5000000000000e-01   -1.1080315836233e-01   3.2105615625475e-01
1.5000000000000e-01   -9.0717953289413e-02   4.0343267454014e-01
1.5000000000000e-01   -7.4273578214334e-02   5.0516951335746e-01
1.5000000000000e-01   -6.0810062625218e-02   6.3059092062778e-01
1.5000000000000e-01   -4.9787068367864e-02   7.8497644819107e-01
1.5000000000000e-01   -4.0762203978366e-02   9.7477630756521e-01
1.5000000000000e-01   -3.3373269960326e-02   1.2078724074274e+00
1.5000000000000e-01   -2.7323722447293e-02   1.4939002988676e+00
1.5000000000000e-01   -2.2370771856166e-02   1.8446367208535e+00
1.5000000000000e-01   -1.8315638888734e-02   2.2744763848189e+00
1.5000000000000e-01   -1.4995576820478e-02   2.8010120263421e+00
1.5000000000000e-01   -1.2277339903068e-02   3.4457430490425e+00
1.5000000000000e-01   -1.0051835744634e-02   4.2349407869097e+00
1.5000000000000e-01   -8.2297470490200e-03   5.2007052493828e+00
1.5000000000000e-01   -6.7379469990855e-03   6.3822551728237e+00
1.5000000000000e-01   6.7379469990855e-03   6.4254036728211e+00
1.5000000000000e-01   8.2297470490200e-03   5.2436823407923e+00
1.5000000000000e-01   1.0051835744634e-02   4.2777243826915e+00
1.5000000000000e-01   1.2277339903068e-02   3.4883083674499e+00
1.5000000000000e-01   1.4995576820478e-02   2.8433313254929e+00
1.5000000000000e-01   1.8315638888734e-02   2.3165187137052e+00
1.5000000000000e-01   2.2370771856166e-02   1.8863677049087e+00
1.5000000000000e-01   2.7323722447293e-02   1.5352819924020e+00
1.5000000000000e-01   3.3373269960326e-02   1.2488632541771e+00
1.5000000000000e-01   4.0762203978366e-02   1.0153312780249e+00
1.5000000000000e-01   4.9787068367864e-02   8.2504735393442e-01
1.5000000000000e-01   6.0810062625218e-02   6.7012711055883e-01
1.5000000000000e-01   7.4273578214334e-02   5.4411880860412e-01
1.5000000000000e-01   9.0717953289413e-02   4.4174269448640e-01
1.5000000000000e-01   1.1080315836233e-01   3.5867590451170e-01
1.5000000000000e-01   1.3533528323661e-01   2.9137640901309e-01
1.5000000000000e-01   1.6529888822159e-01   2.3693896877616e-01
1.5000000000000e-01   2.0189651799466e-01   1.9297747702063e-01
1.5000000000000e-01   2.4659696394161e-01   1.5752972018824e-01
1.5000000000000e-01   3.0119421191220e-01   1.2898033114790e-01
1.5000000000000e-01   3.6787944117144e-01   1.0599900723085e-01
1.5000000000000e-01   4.4932896411722e-01   8.7490782451764e-02
1.5000000000000e-01   5.4881163609403e-01   7.2555401620016e-02
1.5000000000000e-01   6.7032004603564e-01   6.0452932341287e-02
1.5000000000000e-01   8.1873075307798e-01   5.0572834790090e-02
1.5000000000000e-01   1.0000000000000e+00   4.2403937009239e-02
1.5000000000000e-01   1.2214027581602e+00   3.5503314846567e-02
1.5000000000000e-01   1.4918246976413e+00   2.9464790875353e-02
1.5000000000000e-01   1.8221188003905e+00   2.3899906916471e-02
1.5000000000000e-01   2.2255409284925e+00   1.8485474206602e-02
1.5000000000000e-01   2.7182818284590e+00   1.3194106988798e-02
1.5000000000000e-01   3.3201169227365e+00   8.5946683537497e-03
1.5000000000000e-01   4.0551999668447e+00   5.3621476074269e-03
1.5000000000000e-01   4.9530324243951e+00   3.3826482665221e-03
1.5000000000000e-01   6.0496474644130e+00   2.1790187037503e-03
1.5000000000000e-01   7.3890560989307e+00   1.4271089982700e-03
1.5000000000000e-01   9.0250134994341e+00   9.4627007883746e-04
1.5000000000000e-01   1.1023176380642e+01   6.3310498373332e-04
1.5000000000000e-01   1.3463738035002e+01   4.2627417903091e-04
1.5000000000000e-01   1.6444646771097e+01   2.8824282803449e-04
1.5000000000000e-01   2.0085536923188e+01   1.9543261883623e-04
1.5000000000000e-01   2.4532530197109e+01   1.3270605880978e-04
1.5000000000000e-01   2.9964100047397e+01   9.0170880496282e-05
1.5000000000000e-01   3.6598234443678e+01   6.1271877130144e-05
1.5000000000000e-01   4.4701184493301e+01   4.1619552174361e-05
1.5000000000000e-01   5.4598150033144e+01   2.8252700981932e-05
1.5000000000000e-01   6.6686331040925e+01   1.9163715684252e-05
1.5000000000000e-01   8.1450868664968e+01   1.2987337730501e-05
1.5000000000000e-01   9.9484315641934e+01   8.7936167212466e-06
1.5000000000000e-01   1.2151041751873e+02   5.9487239504052e-06
1.5000000000000e-01   1.4841315910258e+02   4.0206959950407e-06
1.5000000000000e-01   1.8127224187515e+02   2.7153051428147e-06
1.5000000000000e-01   2.2140641620419e+02   1.8323092677342e-06
1.5000000000000e-01   2.7042640742615e+02   1.2355674048841e-06
1.5000000000000e-01   3.3029955990965e+02   8.3262056921606e-07
1.5000000000000e-01   4.0342879349274e+02   5.6074617685242e-07
1.5000000000000e-01   4.9274904109326e+02   3.7744030939474e-07
1.5000000000000e-01   6.0184503787208e+02   2.5393150968841e-07
1.5000000000000e-01   7.3509518924197e+02   1.7076276171489e-07
1.5000000000000e-01   8.9784729165042e+02   1.1478849226361e-07
1.8000000000000e-01   -8.9784729165042e+02   0.0000000000000e+00
1.8000000000000e-01   -7.3509518924197e+02   0.0000000000000e+00
1.8000000000000e-01   -6.0184503787208e+02   0.0000000000000e+00
1.8000000000000e-01   -4.9274904109326e+02   0.0000000000000e+00
1.8000000000000e-01   -4.0342879349274e+02   0.0000000000000e+00
1.8000000000000e-01   -3.3029955990965e+02   0.0000000000000e+00
1.8000000000000e-01   -2.7042640742615e+02   0.0000000000000e+00
1.8000000000000e-01   -2.2140641620419e+02   0.0000000000000e+00
1.8000000000000e-01   -1.8127224187515e+02   7.3557279503865e-85
1.8000000000000e-01   -1.4841315910258e+02   2.0305693389499e-70
1.8000000000000e-01   -1.2151041751873e+02   1.4502418626087e-58
1.8000000000000e-01   -9.9484315641934e+01   7.8882714223970e-49
1.8000000000000e-01   -8.1450868664968e+01   7.9092989067061e-41
1.8000000000000e-01   -6.6686331040925e+01   3.0145589172284e-34
1.8000000000000e-01   -5.4598150033144e+01   7.8993811871317e-29
1.8000000000000e-01   -4.4701184493301e+01   2.3119269938347e-24
1.8000000000000e-01   -3.6598234443678e+01   1.1244382643359e-20
1.8000000000000e-01   -2.9964100047397e+01   1.2584143415458e-17
1.8000000000000e-01   -2.4532530197109e+01   4.2310494798047e-15
1.8000000000000e-01   -2.0085536923188e+01   5.3179902328429e-13
1.8000000000000e-01   -1.6444646771097e+01   2.9896247566583e-11
1.8000000000000e-01   -1.3463738035002e+01   8.7106989424961e-10
1.8000000000000e-01   -1.1023176380642e+01   1.4850534024311e-08
1.8000000000000e-01   -9.0250134994341e+00   1.6375250647124e-07
1.8000000000000e-01   -7.3890560989307e+00   1.2690440597617e-06
1.8000000000000e-01   -6.0496474644130e+00   7.4087814457220e-06
1.8000000000000e-01   -4.9530324243951e+00   3.4545338315347e-05
1.8000000000000e-01   -4.0551999668447e+00   1.3469279997364e-04
1.8000000000000e-01   -3.3201169227365e+00   4.4255299374314e-04
1.8000000000000e-01   -2.7182818284590e+00   1.1851199091956e-03
1.8000000000000e-01   -2.2255409284925e+00   2.5968699102488e-03
1.8000000000000e-01   -1.8221188003905e+00   4.8810524679752e-03
1.8000000000000e-01   -1.4918246976413e+00   8.2464498437316e-03
1.8000000000000e-01   -1.2214027581602e+00   1.2936846510815e-02
1.8000000000000e-01   -1.0000000000000e+00   1.9246503562774e-02
1.8000000000000e-01   -8.1873075307798e-01   2.7535569273625e-02
1.8000000000000e-01   -6.7032004603564e-01   3.8249427043766e-02
1.8000000000000e-01   -5.4881163609403e-01   5.1941735076930e-02
1.8000000000000e-01   -4.4932896411722e-01   6.9300417508268e-02
1.8000000000000e-01   -3.6787944117144e-01   9.1176748964111e-02
1.8000000000000e-01   -3.0119421191220e-01   1.1861867099647e-01
1.8000000000000e-01   -2.4659696394161e-01   1.5291034689223e-01
1.8000000000000e-01   -2.0189651799466e-01   1.9562059709283e-01
1.8000000000000e-01   -1.6529888822159e-01   2.4866306570603e-01
1.8000000000000e-01   -1.3533528323661e-01   3.1437125143167e-01
1.8000000000000e-01   -1.1080315836233e-01   3.9559165085072e-01
1.8000000000000e-01   -9.0717953289413e-02   4.9579867782685e-01
1.8000000000000e-01   -7.4273578214334e-02   6.1923574548768e-01
1.8000000000000e-01   -6.0810062625218e-02   7.7108779601601e-01
1.8000000000000e-01   -4.9787068367864e-02   9.5769195288924e-01
1.8000000000000e-01   -4.0762203978366e-02   1.1867944517500e+00
1.8000000000000e-01   -3.3373269960326e-02   1.4678641816527e+00
1.8000000000000e-01   -2.7323722447293e-02   1.8124751742415e+00
1.8000000000000e-01   -2.2370771856166e-02   2.2347732861805e+00
1.8000000000000e-01   -1.8315638888734e-02   2.7520464414475e+00
1.8000000000000e-01   -1.4995576820478e-02   3.3854204881163e+00
1.8000000000000e-01   -1.2277339903068e-02   4.1607091844967e+00
1.8000000000000e-01   -1.0051835744634e-02   5.1094523832891e+00
1.8000000000000e-01   -8.2297470490200e-03   6.2701839982785e+00
1.8000000000000e-01   -6.7379469990855e-03   7.6899808516644e+00
1.8000000000000e-01   6.7379469990855e-03   7.7419704900872e+00
1.8000000000000e-01   8.2297470490200e-03   6.3219989460455e+00
1.8000000000000e-01   1.0051835744634e-02   5.1610707544618e+00
1.8000000000000e-01   1.2277339903068e-02   4.2121064908883e+00
1.8000000000000e-01   1.4995576820478e-02   3.4365693661077e+00
1.8000000000000e-01   1.8315638888734e-02   2.8029163657844e+00
1.8000000000000e-01   2.2370771856166e-02   2.2853302805839e+00
1.8000000000000e-01   2.7323722447293e-02   1.8626815315573e+00
1.8000000000000e-01   3.3373269960326e-02   1.5176782144508e+00
1.8000000000000e-01   4.0762203978366e-02   1.2361703070707e+00
1.8000000000000e-01   4.9787068367864e-02   1.0065795138649e+00
1.8000000000000e-01   6.0810062625218e-02   8.1943272544578e-01
1.8000000000000e-01   7.4273578214334e-02   6.6697971110823e-01
1.8000000000000e-01   9.0717953289413e-02   5.4287978561893e-01
1.8000000000000e-01   1.1080315836233e-01   4.4194509409616e-01
1.8000000000000e-01   1.3533528323661e-01   3.5993011951304e-01
1.8000000000000e-01   1.6529888822159e-01   2.9335917707190e-01
1.8000000000000e-01   2.0189651799466e-01   2.3938510476515e-01
1.8000000000000e-01   2.4659696394161e-01   1.9567375274651e-01
1.8000000000000e-01   3.0119421191220e-01   1.6030978737850e-01
1.8000000000000e-01   3.6787944117144e-01   1.3172011889981e-01
1.8000000000000e-01   4.4932896411722e-01   1.0861178237568e-01
1.8000000000000e-01   5.4881163609403e-01   8.9921246392819e-02
1.8000000000000e-01   6.7032004603564e-01   7.4772384598096e-02
1.8000000000000e-01   8.1873075307798e-01   6.2440203209907e-02
1.8000000000000e-01   1.0000000000000e+00   5.2317420896062e-02
1.8000000000000e-01   1.2214027581602e+00   4.3881039146063e-02
1.8000000000000e-01   1.4918246976413e+00   3.6657112808366e-02
1.8000000000000e-01   1.8221188003905e+00   3.0189061798454e-02
1.8000000000000e-01   2.2255409284925e+00   2.4043093135681e-02
1.8000000000000e-01   2.7182818284590e+00   1.7959617891548e-02
1.8000000000000e-01   3.3201169227365e+00   1.2242602302540e-02
1.8000000000000e-01   4.0551999668447e+00   7.7713299738584e-03
1.8000000000000e-01   4.9530324243951e+00   4.8917482785815e-03
1.8000000000000e-01   6.0496474644130e+00   3.1410532196337e-03
1.8000000000000e-01   7.3890560989307e+00   2.0535391682739e-03
1.8000000000000e-01   9.0250134994341e+00   1.3605093103707e-03
1.8000000000000e-01   1.1023176380642e+01   9.1001121853435e-04
1.8000000000000e-01   1.3463738035002e+01   6.1274551115906e-04
1.8000000000000e-01   1.6444646771097e+01   4.1441553832832e-04
1.8000000000000e-01   2.0085536923188e+01   2.8105116326222e-04
1.8000000000000e-01   2.4532530197109e+01   1.9089326052609e-04
1.8000000000000e-01   2.9964100047397e+01   1.2973793014789e-04
1.8000000000000e-01   3.6598234443678e+01   8.8175287098554e-05
1.8000000000000e-01   4.4701184493301e+01   5.9903455583142e-05
1.8000000000000e-01   5.4598150033144e+01   4.0669455026635e-05
1.8000000000000e-01   6.6686331040925e+01   2.7588581144299e-05
1.8000000000000e-01   8.1450868664968e+01   1.8698242850582e-05
1.8000000000000e-01   9.9484315641934e+01   1.2661092006470e-05
1.8000000000000e-01   1.2151041751873e+02   8.5653331472089e-06
1.8000000000000e-01   1.4841315910258e+02   5.7894040986288e-06
1.8000000000000e-01   1.8127224187515e+02   3.9098493792234e-06
1.8000000000000e-01   2.2140641620419e+02   2.6384351019314e-06
1.8000000000000e-01   2.7042640742615e+02   1.7791743935900e-06
1.8000000000000e-01   3.3029955990965e+02   1.1989535215845e-06
1.8000000000000e-01   4.0342879349274e+02   8.0746505983586e-07
1.8000000000000e-01   4.9274904109326e+02   5.4350962950655e-07
1.8000000000000e-01   6.0184503787208e+02   3.6565931238539e-07
1.8000000000000e-01   7.3509518924197e+02   2.4589741666679e-07
1.8000000000000e-01   8.9784729165042e+02   1.6529498254487e-07
2.1000000000000e-01   -8.9784729165042e+02   0.0000000000000e+00
2.1000000000000e-01   -7.3509518924197e+02   0.0000000000000e+00
2.1000000000000e-01   -6.0184503787208e+02   0.0000000000000e+00
2.1000000000000e-01   -4.9274904109326e+02   0.0000000000000e+00
2.1000000000000e-01   -4.0342879349274e+02   0.0000000000000e+00
2.1000000000000e-01   -3.3029955990965e+02   0.0000000000000e+00
2.1000000000000e-01   -2.7042640742615e+02   0.0000000000000e+00
2.1000000000000e-01   -2.2140641620419e+02   0.0000000000000e+00
2.1000000000000e-01   -1.8127224187515e+02   1.0011476479361e-84
2.1000000000000e-01   -1.4841315910258e+02   2.7636404427154e-70
2.1000000000000e-01   -1.2151041751873e+02   1.9737492155153e-58
2.1000000000000e-01   -9.9484315641934e+01   1.0735358950448e-48
2.1000000000000e-01   -8.1450868664968e+01   1.0763406647247e-40
2.1000000000000e-01   -6.6686331040925e+01   4.1020838446984e-34
2.1000000000000e-01   -5.4598150033144e+01   1.0748121957451e-28
2.1000000000000e-01   -4.4701184493301e+01   3.1452833347234e-24
2.1000000000000e-01   -3.6598234443678e+01   1.5295109926837e-20
2.1000000000000e-01   -2.9964100047397e+01   1.7114169026990e-17
2.1000000000000e-01   -2.4532530197109e+01   5.7528116913483e-15
2.1000000000000e-01   -2.0085536923188e+01   7.2288411172783e-13
2.1000000000000e-01   -1.6444646771097e+01   4.0628308313582e-11
2.1000000000000e-01   -1.3463738035002e+01   1.1835375296789e-09
2.1000000000000e-01   -1.1023176380642e+01   2.0177042498191e-08
2.1000000000000e-01   -9.0250134994341e+00   2.2255179716081e-07
2.1000000000000e-01   -7.3890560989307e+00   1.7262444809262e-06
2.1000000000000e-01   -6.0496474644130e+00   1.0096775281731e-05
2.1000000000000e-01   -4.9530324243951e+00   4.7223041245834e-05
2.1000000000000e-01   -4.0551999668447e+00   1.8370699948315e-04
2.1000000000000e-01   -3.3201169227365e+00   5.8811213671439e-04
2.1000000000000e-01   -2.7182818284590e+00   1.5110647230489e-03
2.1000000000000e-01   -2.2255409284925e+00   3.2042881347865e-03
2.1000000000000e-01   -1.8221188003905e+00   5.9102301055344e-03
2.1000000000000e-01   -1.4918246976413e+00   9.8946017797456e-03
2.1000000000000e-01   -1.2214027581602e+00   1.5466853197386e-02
2.1000000000000e-01   -1.0000000000000e+00   2.2993923378530e-02
2.1000000000000e-01   -8.1873075307798e-01   3.2916446480012e-02
2.1000000000000e-01   -6.7032004603564e-01   4.5769420459670e-02
2.1000000000000e-01   -5.4881163609403e-01   6.2207147592422e-02
2.1000000000000e-01   -4.4932896411722e-01   8.3032379503235e-02
2.1000000000000e-01   -3.6787944117144e-01   1.0923032838728e-01
2.1000000000000e-01   -3.0119421191220e-01   1.4200897585646e-01
2.1000000000000e-01   -2.4659696394161e-01   1.8284768411470e-01
2.1000000000000e-01   -2.0189651799466e-01   2.3355656861231e-01
2.1000000000000e-01   -1.6529888822159e-01   2.9634939773167e-01
2.1000000000000e-01   -1.3533528323661e-01   3.7393314743872e-01
2.1000000000000e-01   -1.1080315836233e-01   4.6961782648309e-01
2.1000000000000e-01   -9.0717953289413e-02   5.8745090042858e-01
2.1000000000000e-01   -7.4273578214334e-02   7.3238157803760e-01
2.1000000000000e-01   -6.0810062625218e-02   9.1046139868581e-01
2.1000000000000e-01   -4.9787068367864e-02   1.1290891064236e+00
2.1000000000000e-01   -4.0762203978366e-02   1.3973096232935e+00
2.1000000000000e-01   -3.3373269960326e-02   1.7261789373565e+00
2.1000000000000e-01   -2.7323722447293e-02   2.1292096733608e+00
2.1000000000000e-01   -2.2370771856166e-02   2.6229161025258e+00
2.1000000000000e-01   -1.8315638888734e-02   3.2274771462032e+00
2.1000000000000e-01   -1.4995576820478e-02   3.9675497713920e+00
2.1000000000000e-01   -1.2277339903068e-02   4.8732600357949e+00
2.1000000000000e-01   -1.0051835744634e-02   5.9814141204667e+00
2.1000000000000e-01   -8.2297470490200e-03   7.3369778163158e+00
2.1000000000000e-01   -6.7379469990855e-03   8.9948834330739e+00
2.1000000000000e-01   6.7379469990855e-03   9.0556951238131e+00
2.1000000000000e-01   8.2297470490200e-03   7.3976084329650e+00
2.1000000000000e-01   1.0051835744634e-02   6.0418415070136e+00
2.1000000000000e-01   1.2277339903068e-02   4.9334594941275e+00
2.1000000000000e-01   1.4995576820478e-02   4.0274937930857e+00
2.1000000000000e-01   1.8315638888734e-02   3.2871351213571e+00
2.1000000000000e-01   2.2370771856166e-02   2.6822540029455e+00
2.1000000000000e-01   2.7323722447293e-02   2.1881897152286e+00
2.1000000000000e-01   3.3373269960326e-02   1.7847592442239e+00
2.1000000000000e-01   4.0762203978366e-02   1.4554438332203e+00
2.1000000000000e-01   4.9787068367864e-02   1.1867260244020e+00
2.1000000000000e-01   6.0810062625218e-02   9.6754464172949e-01
2.1000000000000e-01   7.4273578214334e-02   7.8884924990208e-01
2.1000000000000e-01   9.0717953289413e-02   6.4323531535857e-01
2.1000000000000e-01   1.1080315836233e-01   5.2464528527832e-01
2.1000000000000e-01   1.3533528323661e-01   4.2812376079103e-01
2.1000000000000e-01   1.6529888822159e-01   3.4961692118400e-01
2.1000000000000e-01   2.0189651799466e-01   2.8580816374522e-01
2.1000000000000e-01   2.4659696394161e-01   2.3398346324430e-01
2.1000000000000e-01   3.0119421191220e-01   1.9192112450885e-01
2.1000000000000e-01   3.6787944117144e-01   1.5780154486864e-01
2.1000000000000e-01   4.4932896411722e-01   1.3013333911970e-01
2.1000000000000e-01   5.4881163609403e-01   1.0769267214058e-01
2.1000000000000e-01   6.7032004603564e-01   8.9472940484221e-02
2.1000000000000e-01   8.1873075307798e-01   7.4641987123492e-02
2.1000000000000e-01   1.0000000000000e+00   6.2503964084837e-02
2.1000000000000e-01   1.2214027581602e+00   5.2462676283091e-02
2.1000000000000e-01   1.4918246976413e+00   4.3983476587770e-02
2.1000000000000e-01   1.8221188003905e+00   3.6554473255453e-02
2.1000000000000e-01   2.2255409284925e+00   2.9666868468913e-02
2.1000000000000e-01   2.7182818284590e+00   2.2899071076932e-02
2.1000000000000e-01   3.3201169227365e+00   1.6269290007944e-02
2.1000000000000e-01   4.0551999668447e+00   1.0599287502898e-02
2.1000000000000e-01   4.9530324243951e+00   6.6869581248557e-03
2.1000000000000e-01   6.0496474644130e+00   4.2806646057717e-03
2.1000000000000e-01   7.3890560989307e+00   2.7933708276954e-03
2.1000000000000e-01   9.0250134994341e+00   1.8490330230774e-03
2.1000000000000e-01   1.1023176380642e+01   1.2364090745922e-03
2.1000000000000e-01   1.3463738035002e+01   8.3254778220035e-04
2.1000000000000e-01   1.6444646771097e+01   5.6318112243497e-04
2.1000000000000e-01   2.0085536923188e+01   3.8203797225907e-04
2.1000000000000e-01   2.4532530197109e+01   2.5955096630181e-04
2.1000000000000e-01   2.9964100047397e+01   1.7644084245221e-04
2.1000000000000e-01   3.6598234443678e+01   1.1993995150986e-04
2.1000000000000e-01   4.4701184493301e+01   8.1496232813774e-05
2.1000000000000e-01   5.4598150033144e+01   5.5336013317276e-05
2.1000000000000e-01   6.6686331040925e+01   3.7541370435125e-05
2.1000000000000e-01   8.1450868664968e+01   2.5445591798176e-05
2.1000000000000e-01   9.9484315641934e+01   1.7230817769301e-05
2.1000000000000e-01   1.2151041751873e+02   1.1657241468345e-05
2.1000000000000e-01   1.4841315910258e+02   7.8794803995550e-06
2.1000000000000e-01   1.8127224187515e+02   5.3214808054289e-06
2.1000000000000e-01   2.2140641620419e+02   3.5910805081095e-06
2.1000000000000e-01   2.7042640742615e+02   2.4215959600012e-06
2.1000000000000e-01   3.3029955990965e+02   1.6318816049031e-06
2.1000000000000e-01   4.0342879349274e+02   1.0990368231494e-06
2.1000000000000e-01   4.9274904109326e+02   7.3977098509435e-07
2.1000000000000e-01   6.0184503787208e+02   4.9770014697247e-07
2.1000000000000e-01   7.3509518924197e+02   3.3469239908383e-07
2.1000000000000e-01   8.9784729165042e+02   2.2498422987125e-07
2.4000000000000e-01   -8.9784729165042e+02   0.0000000000000e+00
2.4000000000000e-01   -7.3509518924197e+02   0.0000000000000e+00
2.4000000000000e-01   -6.0184503787208e+02   0.0000000000000e+00
2.4000000000000e-01   -4.9274904109326e+02   0.0000000000000e+00
2.4000000000000e-01   -4.0342879349274e+02   0.0000000000000e+00
2.4000000000000e-01   -3.3029955990965e+02   0.0000000000000e+00
2.4000000000000e-01   -2.7042640742615e+02   0.0000000000000e+00
2.4000000000000e-01   -2.2140641620419e+02   0.0000000000000e+00
2.4000000000000e-01   -1.8127224187515e+02   1.3075578713033e-84
2.4000000000000e-01   -1.4841315910258e+02   3.6094046264400e-70
2.4000000000000e-01   -1.2151041751873e+02   2.5777086014843e-58
2.4000000000000e-01   -9.9484315641934e+01   1.4019793433647e-48
2.4000000000000e-01   -8.1450868664968e+01   1.4055679118447e-40
2.4000000000000e-01   -6.6686331040925e+01   5.3564323842400e-34
2.4000000000000e-01   -5.4598150033144e+01   1.4033385710236e-28
2.4000000000000e-01   -4.4701184493301e+01   4.1061597805854e-24
2.4000000000000e-01   -3.6598234443678e+01   1.9964579908322e-20
2.4000000000000e-01   -2.9964100047397e+01   2.2334627125962e-17
2.4000000000000e-01   -2.4532530197109e+01   7.5059081005420e-15
2.4000000000000e-01   -2.0085536923188e+01   9.4293523568716e-13
2.4000000000000e-01   -1.6444646771097e+01   5.2982759892692e-11
2.4000000000000e-01   -1.3463738035002e+01   1.5431503737800e-09
2.4000000000000e-01   -1.1023176380642e+01   2.6307325694871e-08
2.4000000000000e-01   -9.0250134994341e+00   2.9026221088198e-07
2.4000000000000e-01   -7.3890560989307e+00   2.2535519192822e-06
2.4000000000000e-01   -6.0496474644130e+00   1.3206744744779e-05
2.4000000000000e-01   -4.9530324243951e+00   6.1915676562003e-05
2.4000000000000e-01   -4.0551999668447e+00   2.3900352669156e-04
2.4000000000000e-01   -3.3201169227365e+00   7.4264684586812e-04
2.4000000000000e-01   -2.7182818284590e+00   1.8431399011593e-03
2.4000000000000e-01   -2.2255409284925e+00   3.8171363232666e-03
2.4000000000000e-01   -1.8221188003905e+00   6.9521215312765e-03
2.4000000000000e-01   -1.4918246976413e+00   1.1571427078667e-02
2.4000000000000e-01   -1.2214027581602e+00   1.8048890701688e-02
2.4000000000000e-01   -1.0000000000000e+00   2.6821433147156e-02
2.4000000000000e-01   -8.1873075307798e-01   3.8405707077663e-02
2.4000000000000e-01   -6.7032004603564e-01   5.3420184653694e-02
2.4000000000000e-01   -5.4881163609403e-01   7.2612842350046e-02
2.4000000000000e-01   -4.4932896411722e-01   9.6894747949997e-02
2.4000000000000e-01   -3.6787944117144e-01   1.2738032427643e-01
2.4000000000000e-01   -3.0119421191220e-01   1.6543554521966e-01
2.4000000000000e-01   -2.4659696394161e-01   2.1273584726223e-01
2.4000000000000e-01   -2.0189651799466e-01   2.7133604157684e-01
2.4000000000000e-01   -1.6529888822159e-01   3.4375512419452e-01
2.4000000000000e-01   -1.3533528323661e-01   4.3307932530386e-01
2.4000000000000e-01   -1.1080315836233e-01   5.4308776201271e-01
2.4000000000000e-01   -9.0717953289413e-02   6.7840571878399e-01
2.4000000000000e-01   -7.4273578214334e-02   8.4469179438711e-01
2.4000000000000e-01   -6.0810062625218e-02   1.0488665962838e+00
2.4000000000000e-01   -4.9787068367864e-02   1.2993914750417e+00
2.4000000000000e-01   -4.0762203978366e-02   1.6066105334158e+00
2.4000000000000e-01   -3.3373269960326e-02   1.9831664084593e+00
2.4000000000000e-01   -2.7323722447293e-02   2.4445097671086e+00
2.4000000000000e-01   -2.2370771856166e-02   3.0095208984023e+00
2.4000000000000e-01   -1.8315638888734e-02   3.7012693111573e+00
2.4000000000000e-01   -1.4995576820478e-02   4.5479405612700e+00
2.4000000000000e-01   -1.2277339903068e-02   5.5839742337981e+00
2.4000000000000e-01   -1.0051835744634e-02   6.8514385497158e+00
2.4000000000000e-01   -8.2297470490200e-03   8.4017307607291e+00
2.4000000000000e-01   -6.7379469990855e-03   1.0297637447282e+01
2.4000000000000e-01   6.7379469990855e-03   1.0367256664524e+01
2.4000000000000e-01   8.2297470490200e-03   8.4711601810841e+00
2.4000000000000e-01   1.0051835744634e-02   6.9206553799348e+00
2.4000000000000e-01   1.2277339903068e-02   5.6529531558643e+00
2.4000000000000e-01   1.4995576820478e-02   4.6166534605087e+00
2.4000000000000e-01   1.8315638888734e-02   3.7696850497050e+00
2.4000000000000e-01   2.2370771856166e-02   3.0776049103950e+00
2.4000000000000e-01   2.7323722447293e-02   2.5122237598703e+00
2.4000000000000e-01   3.3373269960326e-02   2.0504679461287e+00
2.4000000000000e-01   4.0762203978366e-02   1.6734525793470e+00
2.4000000000000e-01   4.9787068367864e-02   1.3657218642401e+00
2.4000000000000e-01   6.0810062625218e-02   1.1146274368010e+00
2.4000000000000e-01   7.4273578214334e-02   9.0981874528596e-01
2.4000000000000e-01   9.0717953289413e-02   7.4282721525274e-01
2.4000000000000e-01   1.1080315836233e-01   6.0672405893559e-01
2.4000000000000e-01   1.3533528323661e-01   4.9584143780758e-01
2.4000000000000e-01   1.6529888822159e-01   4.0554362209614e-01
2.4000000000000e-01   2.0189651799466e-01   3.3203971209948e-01
2.4000000000000e-01   2.4659696394161e-01   2.7223024748512e-01
2.4000000000000e-01   3.0119421191220e-01   2.2358147209219e-01
2.4000000000000e-01   3.6787944117144e-01   1.8402226060716e-01
2.4000000000000e-01   4.4932896411722e-01   1.5185927669824e-01
2.4000000000000e-01   5.4881163609403e-01   1.2570695373520e-01
2.4000000000000e-01   6.7032004603564e-01   1.0442913530853e-01
2.4000000000000e-01   8.1873075307798e-01   8.7089543365513e-02
2.4000000000000e-01   1.0000000000000e+00   7.2908214337144e-02
2.4000000000000e-01   1.2214027581602e+00   6.1220798960683e-02
2.4000000000000e-01   1.4918246976413e+00   5.1437299178981e-02
2.4000000000000e-01   1.8221188003905e+00   4.2998518847131e-02
2.4000000000000e-01   2.2255409284925e+00   3.5340917067000e-02
2.4000000000000e-01   2.7182818284590e+00   2.7931425409903e-02
2.4000000000000e-01   3.3201169227365e+00   2.0544274050207e-02
2.4000000000000e-01   4.0551999668447e+00   1.3789714603894e-02
2.4000000000000e-01   4.9530324243951e+00   8.7674898845855e-03
2.4000000000000e-01   6.0496474644130e+00   5.5991782731589e-03
2.4000000000000e-01   7.3890560989307e+00   3.6466481194149e-03
2.4000000000000e-01   9.0250134994341e+00   2.4115932565776e-03
2.4000000000000e-01   1.1023176380642e+01   1.6120606486460e-03
2.4000000000000e-01   1.3463738035002e+01   1.0855138844991e-03
2.4000000000000e-01   1.6444646771097e+01   7.3443594933273e-04
2.4000000000000e-01   2.0085536923188e+01   4.9833307935419e-04
2.4000000000000e-01   2.4532530197109e+01   3.3864583181093e-04
2.4000000000000e-01   2.9964100047397e+01   2.3026186195462e-04
2.4000000000000e-01   3.6598234443678e+01   1.5655662218664e-04
2.4000000000000e-01   4.4701184493301e+01   1.0639313468355e-04
2.4000000000000e-01   5.4598150033144e+01   7.2249982054748e-05
2.4000000000000e-01   6.6686331040925e+01   4.9020892785344e-05
2.4000000000000e-01   8.1450868664968e+01   3.3228798745201e-05
2.4000000000000e-01   9.9484315641934e+01   2.2502508480011e-05
2.4000000000000e-01   1.2151041751873e+02   1.5224310852828e-05
2.4000000000000e-01   1.4841315910258e+02   1.0290858596697e-05
2.4000000000000e-01   1.8127224187515e+02   6.9501677684331e-06
2.4000000000000e-01   2.2140641620419e+02   4.6902304516365e-06
2.4000000000000e-01   2.7042640742615e+02   3.1628249945043e-06
2.4000000000000e-01   3.3029955990965e+02   2.1314014701314e-06
2.4000000000000e-01   4.0342879349274e+02   1.4354598945295e-06
2.4000000000000e-01   4.9274904109326e+02   9.6622364022202e-07
2.4000000000000e-01   6.0184503787208e+02   6.5005366987713e-07
2.4000000000000e-01   7.3509518924197e+02   4.3714754893927e-07
2.4000000000000e-01   8.9784729165042e+02   2.9385615985921e-07
2.7000000000000e-01   -8.9784729165042e+02   0.0000000000000e+00
2.7000000000000e-01   -7.3509518924197e+02   0.0000000000000e+00
2.7000000000000e-01   -6.0184503787208e+02   0.0000000000000e+00
2.7000000000000e-01   -4.9274904109326e+02   0.0000000000000e+00
2.7000000000000e-01   -4.0342879349274e+02   0.0000000000000e+00
2.7000000000000e-01   -3.3029955990965e+02   0.0000000000000e+00
2.7000000000000e-01   -2.7042640742615e+02   0.0000000000000e+00
2.7000000000000e-01   -2.2140641620419e+02   0.0000000000000e+00
2.7000000000000e-01   -1.8127224187515e+02   1.6547975110642e-84
2.7000000000000e-01   -1.4841315910258e+02   4.5678386407281e-70
2.7000000000000e-01   -1.2151041751873e+02   3.2620966520151e-58
2.7000000000000e-01   -9.9484315641934e+01   1.7741397056273e-48
2.7000000000000e-01   -8.1450868664968e+01   1.7785868676671e-40
2.7000000000000e-01   -6.6686331040925e+01   6.7774745425123e-34
2.7000000000000e-01   -5.4598150033144e+01   1.7754708105507e-28
2.7000000000000e-01   -4.4701184493301e+01   5.1943733884745e-24
2.7000000000000e-01   -3.6598234443678e+01   2.5251607722888e-20
2.7000000000000e-01   -2.9964100047397e+01   2.8243802380884e-17
2.7000000000000e-01   -2.4532530197109e+01   9.4896092841176e-15
2.7000000000000e-01   -2.0085536923188e+01   1.1918399329550e-12
2.7000000000000e-01   -1.6444646771097e+01   6.6952229648667e-11
2.7000000000000e-01   -1.3463738035002e+01   1.9496763471102e-09
2.7000000000000e-01   -1.1023176380642e+01   3.3237671287691e-08
2.7000000000000e-01   -9.0250134994341e+00   3.6685735584836e-07
2.7000000000000e-01   -7.3890560989307e+00   2.8510442745164e-06
2.7000000000000e-01   -6.0496474644130e+00   1.6741740329095e-05
2.7000000000000e-01   -4.9530324243951e+00   7.8566991511409e-05
2.7000000000000e-01   -4.0551999668447e+00   2.9940192340379e-04
2.7000000000000e-01   -3.3201169227365e+00   9.0287302829076e-04
2.7000000000000e-01   -2.7182818284590e+00   2.1788624407819e-03
2.7000000000000e-01   -2.2255409284925e+00   4.4349743557845e-03
2.7000000000000e-01   -1.8221188003905e+00   8.0064892114763e-03
2.7000000000000e-01   -1.4918246976413e+00   1.3274023354265e-02
2.7000000000000e-01   -1.2214027581602e+00   2.0674001963771e-02
2.7000000000000e-01   -1.0000000000000e+00   3.0710166412059e-02
2.7000000000000e-01   -8.1873075307798e-01   4.3970712465451e-02
2.7000000000000e-01   -6.7032004603564e-01   6.1152370102517e-02
2.7000000000000e-01   -5.4881163609403e-01   8.3091836210794e-02
2.7000000000000e-01   -4.4932896411722e-01   1.1080485970801e-01
2.7000000000000e-01   -3.6787944117144e-01   1.4553347027961e-01
2.7000000000000e-01   -3.0119421191220e-01   1.8880226040438e-01
2.7000000000000e-01   -2.4659696394161e-01   2.4248526734709e-01
2.7000000000000e-01   -2.0189651799466e-01   3.0888577096062e-01
2.7000000000000e-01   -1.6529888822159e-01   3.9083091986612e-01
2.7000000000000e-01   -1.3533528323661e-01   4.9179400148957e-01
2.7000000000000e-01   -1.1080315836233e-01   6.1602282356794e-01
2.7000000000000e-01   -9.0717953289413e-02   7.6872425416913e-01
2.7000000000000e-01   -7.4273578214334e-02   9.5626789982499e-01
2.7000000000000e-01   -6.0810062625218e-02   1.1864440040201e+00
2.7000000000000e-01   -4.9787068367864e-02   1.4687772692251e+00
2.7000000000000e-01   -4.0762203978366e-02   1.8149098811945e+00
2.7000000000000e-01   -3.3373269960326e-02   2.2390707805281e+00
2.7000000000000e-01   -2.7323722447293e-02   2.7586474610385e+00
2.7000000000000e-01   -2.2370771856166e-02   3.3948854939004e+00
2.7000000000000e-01   -1.8315638888734e-02   4.1737443138386e+00
2.7000000000000e-01   -1.4995576820478e-02   5.1269380210985e+00
2.7000000000000e-01   -1.2277339903068e-02   6.2932133468977e+00
2.7000000000000e-01   -1.0051835744634e-02   7.7199053026607e+00
2.7000000000000e-01   -8.2297470490200e-03   9.4648397665357e+00
2.7000000000000e-01   -6.7379469990855e-03   1.1598656733479e+01
2.7000000000000e-01   6.7379469990855e-03   1.1677071749250e+01
2.7000000000000e-01   8.2297470490200e-03   9.5430544055735e+00
2.7000000000000e-01   1.0051835744634e-02   7.7978958400877e+00
2.7000000000000e-01   1.2277339903068e-02   6.3709535109505e+00
2.7000000000000e-01   1.4995576820478e-02   5.2043987466513e+00
2.7000000000000e-01   1.8315638888734e-02   4.2508934688269e+00
2.7000000000000e-01   2.2370771856166e-02   3.4716875605693e+00
2.7000000000000e-01   2.7323722447293e-02   2.8350632057095e+00
2.7000000000000e-01   3.3373269960326e-02   2.3150567925125e+00
2.7000000000000e-01   4.0762203978366e-02   1.8904180937429e+00
2.7000000000000e-01   4.9787068367864e-02   1.5437543410197e+00
2.7000000000000e-01   6.0810062625218e-02   1.2608305420293e+00
2.7000000000000e-01   7.4273578214334e-02   1.0299975287522e+00
2.7000000000000e-01   9.0717953289413e-02   8.4172241066192e-01
2.7000000000000e-01   1.1080315836233e-01   6.8820528477192e-01
2.7000000000000e-01   1.3533528323661e-01   5.6306507966557e-01
2.7000000000000e-01   1.6529888822159e-01   4.6108108858322e-01
2.7000000000000e-01   2.0189651799466e-01   3.7799011832473e-01
2.7000000000000e-01   2.4659696394161e-01   3.1029948732629e-01
2.7000000000000e-01   3.0119421191220e-01   2.5516092844193e-01
2.7000000000000e-01   3.6787944117144e-01   2.1024752721418e-01
2.7000000000000e-01   4.4932896411722e-01   1.7366004046568e-01
2.7000000000000e-01   5.4881163609403e-01   1.4384813033443e-01
2.7000000000000e-01   6.7032004603564e-01   1.1954449752041e-01
2.7000000000000e-01   8.1873075307798e-01   9.9708859996476e-02
2.7000000000000e-01   1.0000000000000e+00   8.3478887306855e-02
2.7000000000000e-01   1.2214027581602e+00   7.0125025346761e-02
2.7000000000000e-01   1.4918246976413e+00   5.9005678896845e-02
2.7000000000000e-01   1.8221188003905e+00   4.9519729439455e-02
2.7000000000000e-01   2.2255409284925e+00   4.1061164084367e-02
2.7000000000000e-01   2.7182818284590e+00   3.3019052815719e-02
2.7000000000000e-01   3.3201169227365e+00   2.4976704646289e-02
2.7000000000000e-01   4.0551999668447e+00   1.7274502735365e-02
2.7000000000000e-01   4.9530324243951e+00   1.1125377958986e-02
2.7000000000000e-01   6.0496474644130e+00   7.0978875201323e-03
2.7000000000000e-01   7.3890560989307e+00   4.6134970989910e-03
2.7000000000000e-01   9.0250134994341e+00   3.0479707392897e-03
2.7000000000000e-01   1.1023176380642e+01   2.0367384566940e-03
2.7000000000000e-01   1.3463738035002e+01   1.3714805640641e-03
2.7000000000000e-01   1.6444646771097e+01   9.2807782081479e-04
2.7000000000000e-01   2.0085536923188e+01   6.2987704924818e-04
2.7000000000000e-01   2.4532530197109e+01   4.2814494749125e-04
2.7000000000000e-01   2.9964100047397e+01   2.9118330421289e-04
2.7000000000000e-01   3.6598234443678e+01   1.9801600775128e-04
2.7000000000000e-01   4.4701184493301e+01   1.3458942102779e-04
2.7000000000000e-01   5.4598150033144e+01   9.1408970614588e-05
2.7000000000000e-01   6.6686331040925e+01   6.2025958524450e-05
2.7000000000000e-01   8.1450868664968e+01   4.2047278241435e-05
2.7000000000000e-01   9.9484315641934e+01   2.8475878734981e-05
2.7000000000000e-01   1.2151041751873e+02   1.9266403282998e-05
2.7000000000000e-01   1.4841315910258e+02   1.3023472403155e-05
2.7000000000000e-01   1.8127224187515e+02   8.7958786200553e-06
2.7000000000000e-01   2.2140641620419e+02   5.9358698994713e-06
2.7000000000000e-01   2.7042640742615e+02   4.0028543880083e-06
2.7000000000000e-01   3.3029955990965e+02   2.6975097683997e-06
2.7000000000000e-01   4.0342879349274e+02   1.8167327017682e-06
2.7000000000000e-01   4.9274904109326e+02   1.2228668589714e-06
2.7000000000000e-01   6.0184503787208e+02   8.2271953753266e-07
2.7000000000000e-01   7.3509518924197e+02   5.5326270620817e-07
2.7000000000000e-01   8.9784729165042e+02   3.7191069812582e-07
3.0000000000000e-01   -8.9784729165042e+02   0.0000000000000e+00
3.0000000000000e-01   -7.3509518924197e+02   0.0000000000000e+00
3.0000000000000e-01   -6.0184503787208e+02   0.0000000000000e+00
3.0000000000000e-01   -4.9274904109326e+02   0.0000000000000e+00
3.0000000000000e-01   -4.0342879349274e+02   0.0000000000000e+00
3.0000000000000e-01   -3.3029955990965e+02   0.0000000000000e+00
3.0000000000000e-01   -2.7042640742615e+02   0.0000000000000e+00
3.0000000000000e-01   -2.2140641620419e+02   0.0000000000000e+00
3.0000000000000e-01   -1.8127224187515e+02   2.0428606140490e-84
3.0000000000000e-01   -1.4841315910258e+02   5.6389192412967e-70
3.0000000000000e-01   -1.2151041751873e+02   4.0268900059411e-58
3.0000000000000e-01   -9.9484315641934e+01   2.1899992086724e-48
3.0000000000000e-01   -8.1450868664968e+01   2.1953727838037e-40
3.0000000000000e-01   -6.6686331040925e+01   8.3650804463833e-34
3.0000000000000e-01   -5.4598150033144e+01   2.1911624965278e-28
3.0000000000000e-01   -4.4701184493301e+01   6.4097415648683e-24
3.0000000000000e-01   -3.6598234443678e+01   3.1155019767965e-20
3.0000000000000e-01   -2.9964100047397e+01   3.4839986336746e-17
3.0000000000000e-01   -2.4532530197109e+01   1.1703188812386e-14
3.0000000000000e-01   -2.0085536923188e+01   1.4694867434053e-12
3.0000000000000e-01   -1.6444646771097e+01   8.2529448140620e-11
3.0000000000000e-01   -1.3463738035002e+01   2.4028888438438e-09
3.0000000000000e-01   -1.1023176380642e+01   4.0964537922859e-08
3.0000000000000e-01   -9.0250134994341e+00   4.5231435094188e-07
3.0000000000000e-01   -7.3890560989307e+00   3.5188491398892e-06
3.0000000000000e-01   -6.0496474644130e+00   2.0703660116162e-05
3.0000000000000e-01   -4.9530324243951e+00   9.7061230748168e-05
3.0000000000000e-01   -4.0551999668447e+00   3.6374915882955e-04
3.0000000000000e-01   -3.3201169227365e+00   1.0666917062496e-03
3.0000000000000e-01   -2.7182818284590e+00   2.5170977112089e-03
3.0000000000000e-01   -2.2255409284925e+00   5.0576383243460e-03
3.0000000000000e-01   -1.8221188003905e+00   9.0725552074737e-03
3.0000000000000e-01   -1.4918246976413e+00   1.4998874093603e-02
3.0000000000000e-01   -1.2214027581602e+00   2.3333483552882e-02
3.0000000000000e-01   -1.0000000000000e+00   3.4643689893004e-02
3.0000000000000e-01   -8.1873075307798e-01   4.9585200207692e-02
3.0000000000000e-01   -6.7032004603564e-01   6.8928965394616e-02
3.0000000000000e-01   -5.4881163609403e-01   9.3597253957602e-02
3.0000000000000e-01   -4.4932896411722e-01   1.2470890644139e-01
3.0000000000000e-01   -3.6787944117144e-01   1.6363378836024e-01
3.0000000000000e-01   -3.0119421191220e-01   2.1205687269667e-01
3.0000000000000e-01   -2.4659696394161e-01   2.7205360707498e-01
3.0000000000000e-01   -2.0189651799466e-01   3.4617896375712e-01
3.0000000000000e-01   -1.6529888822159e-01   4.3757381565667e-01
3.0000000000000e-01   -1.3533528323661e-01   5.5009358017228e-01
3.0000000000000e-01   -1.1080315836233e-01   6.8846423440372e-01
3.0000000000000e-01   -9.0717953289413e-02   8.5847292552598e-01
3.0000000000000e-01   -7.4273578214334e-02   1.0672008593204e+00
3.0000000000000e-01   -6.0810062625218e-02   1.3233081264824e+00
3.0000000000000e-01   -4.9787068367864e-02   1.6373820596895e+00
3.0000000000000e-01   -4.0762203978366e-02   2.0223630630288e+00
3.0000000000000e-01   -3.3373269960326e-02   2.4940651485765e+00
3.0000000000000e-01   -2.7323722447293e-02   3.0718120208551e+00
3.0000000000000e-01   -2.2370771856166e-02   3.7792143022443e+00
3.0000000000000e-01   -1.8315638888734e-02   4.6451182936534e+00
3.0000000000000e-01   -1.4995576820478e-02   5.7047679923425e+00
3.0000000000000e-01   -1.2277339903068e-02   7.0012174842764e+00
3.0000000000000e-01   -1.0051835744634e-02   8.5870653042333e+00
3.0000000000000e-01   -8.2297470490200e-03   1.0526566385623e+01
3.0000000000000e-01   -6.7379469990855e-03   1.2898213302696e+01
3.0000000000000e-01   6.7379469990855e-03   1.2985414228010e+01
3.0000000000000e-01   8.2297470490200e-03   1.0613554819709e+01
3.0000000000000e-01   1.0051835744634e-02   8.6738163473799e+00
3.0000000000000e-01   1.2277339903068e-02   7.0877036346411e+00
3.0000000000000e-01   1.4995576820478e-02   5.7909589051210e+00
3.0000000000000e-01   1.8315638888734e-02   4.7309805133366e+00
3.0000000000000e-01   2.2370771856166e-02   3.8647109911072e+00
3.0000000000000e-01   2.7323722447293e-02   3.1569025611935e+00
3.0000000000000e-01   3.3373269960326e-02   2.5787047526111e+00
3.0000000000000e-01   4.0762203978366e-02   2.1065022379794e+00
3.0000000000000e-01   4.9787068367864e-02   1.7209659459716e+00
3.0000000000000e-01   6.0810062625218e-02   1.4062756411016e+00
3.0000000000000e-01   7.4273578214334e-02   1.1494835787998e+00
3.0000000000000e-01   9.0717953289413e-02   9.3999362767958e-01
3.0000000000000e-01   1.1080315836233e-01   7.6913501637629e-01
3.0000000000000e-01   1.3533528323661e-01   6.2981346784441e-01
3.0000000000000e-01   1.6529888822159e-01   5.1622581787440e-01
3.0000000000000e-01   2.0189651799466e-01   4.2362659524632e-01
3.0000000000000e-01   2.4659696394161e-01   3.4813700528784e-01
3.0000000000000e-01   3.0119421191220e-01   2.8658888089519e-01
3.0000000000000e-01   3.6787944117144e-01   2.3639647501931e-01
3.0000000000000e-01   4.4932896411722e-01   1.9545129876173e-01
3.0000000000000e-01   5.4881163609403e-01   1.6203505182003e-01
3.0000000000000e-01   6.7032004603564e-01   1.3474667488582e-01
3.0000000000000e-01   8.1873075307798e-01   1.1244038379616e-01
3.0000000000000e-01   1.0000000000000e+00   9.4171312706923e-02
3.0000000000000e-01   1.2214027581602e+00   7.9145833904895e-02
3.0000000000000e-01   1.4918246976413e+00   6.6672984140635e-02
3.0000000000000e-01   1.8221188003905e+00   5.6113293521290e-02
3.0000000000000e-01   2.2255409284925e+00   4.6826091980552e-02
3.0000000000000e-01   2.7182818284590e+00   3.8144758803087e-02
3.0000000000000e-01   3.3201169227365e+00   2.9508516547536e-02
3.0000000000000e-01   4.0551999668447e+00   2.0987125826555e-02
3.0000000000000e-01   4.9530324243951e+00   1.3744230960923e-02
3.0000000000000e-01   6.0496474644130e+00   8.7775970640386e-03
3.0000000000000e-01   7.3890560989307e+00   5.6941242350294e-03
3.0000000000000e-01   9.0250134994341e+00   3.7579753674111e-03
3.0000000000000e-01   1.1023176380642e+01   2.5102254916121e-03
3.0000000000000e-01   1.3463738035002e+01   1.6902884172662e-03
3.0000000000000e-01   1.6444646771097e+01   1.1440059694101e-03
3.0000000000000e-01   2.0085536923188e+01   7.7661097623282e-04
3.0000000000000e-01   2.4532530197109e+01   5.2801553884262e-04
3.0000000000000e-01   2.9964100047397e+01   3.5918755567883e-04
3.0000000000000e-01   3.6598234443678e+01   2.4430890514242e-04
3.0000000000000e-01   4.4701184493301e+01   1.6608036073563e-04
3.0000000000000e-01   5.4598150033144e+01   1.1281058920635e-04
3.0000000000000e-01   6.6686331040925e+01   7.6555379082063e-05
3.0000000000000e-01   8.1450868664968e+01   5.1900445214322e-05
3.0000000000000e-01   9.9484315641934e+01   3.5150643265610e-05
3.0000000000000e-01   1.2151041751873e+02   2.3783380784505e-05
3.0000000000000e-01   1.4841315910258e+02   1.6077255546606e-05
3.0000000000000e-01   1.8127224187515e+02   1.0858581716932e-05
3.0000000000000e-01   2.2140641620419e+02   7.3279838201639e-06
3.0000000000000e-01   2.7042640742615e+02   4.9416770319450e-06
3.0000000000000e-01   3.3029955990965e+02   3.3302031510091e-06
3.0000000000000e-01   4.0342879349274e+02   2.2428536727131e-06
3.0000000000000e-01   4.9274904109326e+02   1.5096999054425e-06
3.0000000000000e-01   6.0184503787208e+02   1.0156974063782e-06
3.0000000000000e-01   7.3509518924197e+02   6.8303771086757e-07
3.0000000000000e-01   8.9784729165042e+02   4.5914777028876e-07
3.3000000000000e-01   -8.9784729165042e+02   0.0000000000000e+00
3.3000000000000e-01   -7.3509518924197e+02   0.0000000000000e+00
3.3000000000000e-01   -6.0184503787208e+02   0.0000000000000e+00
3.3000000000000e-01   -4.9274904109326e+02   0.0000000000000e+00
3.3000000000000e-01   -4.0342879349274e+02   0.0000000000000e+00
3.3000000000000e-01   -3.3029955990965e+02   0.0000000000000e+00
3.3000000000000e-01   -2.7042640742615e+02   0.0000000000000e+00
3.3000000000000e-01   -2.2140641620419e+02   0.0000000000000e+00
3.3000000000000e-01   -1.8127224187515e+02   2.4717412279940e-84
3.3000000000000e-01   -1.4841315910258e+02   6.8226231889457e-70
3.3000000000000e-01   -1.2151041751873e+02   4.8720653094267e-58
3.3000000000000e-01   -9.9484315641934e+01   2.6495400869606e-48
3.3000000000000e-01   -8.1450868664968e+01   2.6559009278335e-40
3.3000000000000e-01   -6.6686331040925e+01   1.0119120342849e-33
3.3000000000000e-01   -5.4598150033144e+01   2.6503673994577e-28
3.3000000000000e-01   -4.4701184493301e+01   7.7520820648526e-24
3.3000000000000e-01   -3.6598234443678e+01   3.7673643230738e-20
3.3000000000000e-01   -2.9964100047397e+01   4.2121477407090e-17
3.3000000000000e-01   -2.4532530197109e+01   1.4145924453651e-14
3.3000000000000e-01   -2.0085536923188e+01   1.7757652112990e-12
3.3000000000000e-01   -1.6444646771097e+01   9.9707249006694e-11
3.3000000000000e-01   -1.3463738035002e+01   2.9025667554498e-09
3.3000000000000e-01   -1.1023176380642e+01   4.9484555451909e-08
3.3000000000000e-01   -9.0250134994341e+00   5.4661383170222e-07
3.3000000000000e-01   -7.3890560989307e+00   4.2571369926613e-06
3.3000000000000e-01   -6.0496474644130e+00   2.5091685067063e-05
3.3000000000000e-01   -4.9530324243951e+00   1.1723144189540e-04
3.3000000000000e-01   -4.0551999668447e+00   4.3105373566008e-04
3.3000000000000e-01   -3.3201169227365e+00   1.2328163046817e-03
3.3000000000000e-01   -2.7182818284590e+00   2.8573200761985e-03
3.3000000000000e-01   -2.2255409284925e+00   5.6849437117564e-03
3.3000000000000e-01   -1.8221188003905e+00   1.0149195902307e-02
3.3000000000000e-01   -1.4918246976413e+00   1.6742314440544e-02
3.3000000000000e-01   -1.2214027581602e+00   2.6019379979759e-02
3.3000000000000e-01   -1.0000000000000e+00   3.8608157726020e-02
3.3000000000000e-01   -8.1873075307798e-01   5.5228484143151e-02
3.3000000000000e-01   -6.7032004603564e-01   7.6722626296263e-02
3.3000000000000e-01   -5.4881163609403e-01   1.0409668673608e-01
3.3000000000000e-01   -4.4932896411722e-01   1.3857235046053e-01
3.3000000000000e-01   -3.6787944117144e-01   1.8164841358187e-01
3.3000000000000e-01   -3.0119421191220e-01   2.3517235524608e-01
3.3000000000000e-01   -2.4659696394161e-01   3.0142356110368e-01
3.3000000000000e-01   -2.0189651799466e-01   3.8321116430977e-01
3.3000000000000e-01   -1.6529888822159e-01   4.8399073582615e-01
3.3000000000000e-01   -1.3533528323661e-01   6.0800512841147e-01
3.3000000000000e-01   -1.1080315836233e-01   7.6045576494680e-01
3.3000000000000e-01   -9.0717953289413e-02   9.4771187333577e-01
3.3000000000000e-01   -7.4273578214334e-02   1.1775663778517e+00
3.3000000000000e-01   -6.0810062625218e-02   1.4595489999736e+00
3.3000000000000e-01   -4.9787068367864e-02   1.8053093341999e+00
3.3000000000000e-01   -4.0762203978366e-02   2.2290828177726e+00
3.3000000000000e-01   -3.3373269960326e-02   2.7482754954415e+00
3.3000000000000e-01   -2.7323722447293e-02   3.3841391974178e+00
3.3000000000000e-01   -2.2370771856166e-02   4.1626509694280e+00
3.3000000000000e-01   -1.8315638888734e-02   5.1155452873784e+00
3.3000000000000e-01   -1.4995576820478e-02   6.2815917118881e+00
3.3000000000000e-01   -1.2277339903068e-02   7.7081541325173e+00
3.3000000000000e-01   -1.0051835744634e-02   9.4530933577636e+00
3.3000000000000e-01   -8.2297470490200e-03   1.1587092389767e+01
3.3000000000000e-01   -6.7379469990855e-03   1.4196496133717e+01
3.3000000000000e-01   6.7379469990855e-03   1.4292474357214e+01
3.3000000000000e-01   8.2297470490200e-03   1.1682844697373e+01
3.3000000000000e-01   1.0051835744634e-02   9.5485934710961e+00
3.3000000000000e-01   1.2277339903068e-02   7.8033730824836e+00
3.3000000000000e-01   1.4995576820478e-02   6.3764976088634e+00
3.3000000000000e-01   1.8315638888734e-02   5.2101030672878e+00
3.3000000000000e-01   2.2370771856166e-02   4.2568220976879e+00
3.3000000000000e-01   2.7323722447293e-02   3.4778813375401e+00
3.3000000000000e-01   3.3373269960326e-02   2.8415420846663e+00
3.3000000000000e-01   4.0762203978366e-02   2.3218224413410e+00
3.3000000000000e-01   4.9787068367864e-02   1.8974654496286e+00
3.3000000000000e-01   6.0810062625218e-02   1.5510584153315e+00
3.3000000000000e-01   7.4273578214334e-02   1.2683584373698e+00
3.3000000000000e-01   9.0717953289413e-02   1.0377067177350e+00
3.3000000000000e-01   1.1080315836233e-01   8.4956215297426e-01
3.3000000000000e-01   1.3533528323661e-01   6.9611759197786e-01
3.3000000000000e-01   1.6529888822159e-01   5.7098597883545e-01
3.3000000000000e-01   2.0189651799466e-01   4.6894369038213e-01
3.3000000000000e-01   2.4659696394161e-01   3.8572065635913e-01
3.3000000000000e-01   3.0119421191220e-01   3.1782880342608e-01
3.3000000000000e-01   3.6787944117144e-01   2.6242162510513e-01
3.3000000000000e-01   4.4932896411722e-01   2.1717892204199e-01
3.3000000000000e-01   5.4881163609403e-01   1.8021161216135e-01
3.3000000000000e-01   6.7032004603564e-01   1.4998221317763e-01
3.3000000000000e-01   8.1873075307798e-01   1.2523720641493e-01
3.3000000000000e-01   1.0000000000000e+00   1.0494785357692e-01
3.3000000000000e-01   1.2214027581602e+00   8.8256240073165e-02
3.3000000000000e-01   1.4918246976413e+00   7.4422923894538e-02
3.3000000000000e-01   1.8221188003905e+00   6.2772261578754e-02
3.3000000000000e-01   2.2255409284925e+00   5.2633992405020e-02
3.3000000000000e-01   2.7182818284590e+00   4.3300577742556e-02
3.3000000000000e-01   3.3201169227365e+00   3.4104118475502e-02
3.3000000000000e-01   4.0551999668447e+00   2.4870377755413e-02
3.3000000000000e-01   4.9530324243951e+00   1.6600407813424e-02
3.3000000000000e-01   6.0496474644130e+00   1.0637959662239e-02
3.3000000000000e-01   7.3890560989307e+00   6.8888053900818e-03
3.3000000000000e-01   9.0250134994341e+00   4.5414462546802e-03
3.3000000000000e-01   1.1023176380642e+01   3.0323152373985e-03
3.3000000000000e-01   1.3463738035002e+01   2.0417819074937e-03
3.3000000000000e-01   1.6444646771097e+01   1.3821210565078e-03
3.3000000000000e-01   2.0085536923188e+01   9.3847648540973e-04
3.3000000000000e-01   2.4532530197109e+01   6.3822502076667e-04
3.3000000000000e-01   2.9964100047397e+01   4.3425707361649e-04
3.3000000000000e-01   3.6598234443678e+01   2.9542611749172e-04
3.3000000000000e-01   4.4701184493301e+01   2.0086123172883e-04
3.3000000000000e-01   5.4598150033144e+01   1.3645245773415e-04
3.3000000000000e-01   6.6686331040925e+01   9.2607966987184e-05
3.3000000000000e-01   8.1450868664968e+01   6.2787714968783e-05
3.3000000000000e-01   9.9484315641934e+01   4.2526516925613e-05
3.3000000000000e-01   1.2151041751873e+02   2.8775105426301e-05
3.3000000000000e-01   1.4841315910258e+02   1.9452141769219e-05
3.3000000000000e-01   1.8127224187515e+02   1.3138245420517e-05
3.3000000000000e-01   2.2140641620419e+02   8.8665571838555e-06
3.3000000000000e-01   2.7042640742615e+02   5.9792858182687e-06
3.3000000000000e-01   3.3029955990965e+02   4.0294782694316e-06
3.3000000000000e-01   4.0342879349274e+02   2.7138212352675e-06
3.3000000000000e-01   4.9274904109326e+02   1.8267220437532e-06
3.3000000000000e-01   6.0184503787208e+02   1.2289869328586e-06
3.3000000000000e-01   7.3509518924197e+02   8.2647240289623e-07
3.3000000000000e-01   8.9784729165042e+02   5.5556730196626e-07
3.6000000000000e-01   -8.9784729165042e+02   0.0000000000000e+00
3.6000000000000e-01   -7.3509518924197e+02   0.0000000000000e+00
3.6000000000000e-01   -6.0184503787208e+02   0.0000000000000e+00
3.6000000000000e-01   -4.9274904109326e+02   0.0000000000000e+00
3.6000000000000e-01   -4.0342879349274e+02   0.0000000000000e+00
3.6000000000000e-01   -3.3029955990965e+02   0.0000000000000e+00
3.6000000000000e-01   -2.7042640742615e+02   0.0000000000000e+00
3.6000000000000e-01   -2.2140641620419e+02   0.0000000000000e+00
3.6000000000000e-01   -1.8127224187515e+02   2.9414334015416e-84
3.6000000000000e-01   -1.4841315910258e+02   8.1189272495565e-70
3.6000000000000e-01   -1.2151041751873e+02   5.7975992159658e-58
3.6000000000000e-01   -9.9484315641934e+01   3.1527445830656e-48
3.6000000000000e-01   -8.1450868664968e+01   3.1601465832943e-40
3.6000000000000e-01   -6.6686331040925e+01   1.2039464598950e-33
3.6000000000000e-01   -5.4598150033144e+01   3.1530392607347e-28
3.6000000000000e-01   -4.4701184493301e+01   9.2212129917209e-24
3.6000000000000e-01   -3.6598234443678e+01   4.4806308538013e-20
3.6000000000000e-01   -2.9964100047397e+01   5.0086581459660e-17
3.6000000000000e-01   -2.4532530197109e+01   1.6817098602532e-14
3.6000000000000e-01   -2.0085536923188e+01   2.1105658774363e-12
3.6000000000000e-01   -1.6444646771097e+01   1.1847856894390e-10
3.6000000000000e-01   -1.3463738035002e+01   3.4484944428625e-09
3.6000000000000e-01   -1.1023176380642e+01   5.8794525996743e-08
3.6000000000000e-01   -9.0250134994341e+00   6.4974001794355e-07
3.6000000000000e-01   -7.3890560989307e+00   5.0661017071682e-06
3.6000000000000e-01   -6.0496474644130e+00   2.9900678055600e-05
3.6000000000000e-01   -4.9530324243951e+00   1.3887854032139e-04
3.6000000000000e-01   -4.0551999668447e+00   5.0052761394197e-04
3.6000000000000e-01   -3.3201169227365e+00   1.4004721953908e-03
3.6000000000000e-01   -2.7182818284590e+00   3.1992679519740e-03
3.6000000000000e-01   -2.2255409284925e+00   6.3166181005102e-03
3.6000000000000e-01   -1.8221188003905e+00   1.1235106088156e-02
3.6000000000000e-01   -1.4918246976413e+00   1.8500789510221e-02
3.6000000000000e-01   -1.2214027581602e+00   2.8724660967284e-02
3.6000000000000e-01   -1.0000000000000e+00   4.2592142412801e-02
3.6000000000000e-01   -8.1873075307798e-01   6.0884489739690e-02
3.6000000000000e-01   -6.7032004603564e-01   8.4513363568634e-02
3.6000000000000e-01   -5.4881163609403e-01   1.1456796864438e-01
3.6000000000000e-01   -4.4932896411722e-01   1.5237335942089e-01
3.6000000000000e-01   -3.6787944117144e-01   1.9955877523321e-01
3.6000000000000e-01   -3.0119421191220e-01   2.5813620613086e-01
3.6000000000000e-01   -2.4659696394161e-01   3.3059107958912e-01
3.6000000000000e-01   -2.0189651799466e-01   4.1998856730566e-01
3.6000000000000e-01   -1.6529888822159e-01   5.3010031236345e-01
3.6000000000000e-01   -1.3533528323661e-01   6.6555762413224e-01
3.6000000000000e-01   -1.1080315836233e-01   8.3203788638848e-01
3.6000000000000e-01   -9.0717953289413e-02   1.0364925395868e+00
3.6000000000000e-01   -7.4273578214334e-02   1.2874260973308e+00
3.6000000000000e-01   -6.0810062625218e-02   1.5952376298957e+00
3.6000000000000e-01   -4.9787068367864e-02   1.9726385609736e+00
3.6000000000000e-01   -4.0762203978366e-02   2.4351637333247e+00
3.6000000000000e-01   -3.3373269960326e-02   3.0017959642374e+00
3.6000000000000e-01   -2.7323722447293e-02   3.6957293856510e+00
3.6000000000000e-01   -2.2370771856166e-02   4.5453020679312e+00
3.6000000000000e-01   -1.8315638888734e-02   5.5851355132602e+00
3.6000000000000e-01   -1.4995576820478e-02   6.8575255171810e+00
3.6000000000000e-01   -1.2277339903068e-02   8.4141454120348e+00
3.6000000000000e-01   -1.0051835744634e-02   1.0318116382028e+01
3.6000000000000e-01   -8.2297470490200e-03   1.2646549883175e+01
3.6000000000000e-01   -6.7379469990855e-03   1.5493642698083e+01
3.6000000000000e-01   6.7379469990855e-03   1.5598390537806e+01
3.6000000000000e-01   8.2297470490200e-03   1.2751057234444e+01
3.6000000000000e-01   1.0051835744634e-02   1.0422355412213e+01
3.6000000000000e-01   1.2277339903068e-02   8.5180854834481e+00
3.6000000000000e-01   1.4995576820478e-02   6.9611329530173e+00
3.6000000000000e-01   1.8315638888734e-02   5.6883733862451e+00
3.6000000000000e-01   2.2370771856166e-02   4.6481298637668e+00
3.6000000000000e-01   2.7323722447293e-02   3.7981027106573e+00
3.6000000000000e-01   3.3373269960326e-02   3.1036661266712e+00
3.6000000000000e-01   4.0762203978366e-02   2.5364772269981e+00
3.6000000000000e-01   4.9787068367864e-02   2.0733363768439e+00
3.6000000000000e-01   6.0810062625218e-02   1.6952543219501e+00
3.6000000000000e-01   7.4273578214334e-02   1.3866884990541e+00
3.6000000000000e-01   9.0717953289413e-02   1.1349180077544e+00
3.6000000000000e-01   1.1080315836233e-01   9.2953190796811e-01
3.6000000000000e-01   1.3533528323661e-01   7.6201062948913e-01
3.6000000000000e-01   1.6529888822159e-01   6.2538355247475e-01
3.6000000000000e-01   2.0189651799466e-01   5.1394898430313e-01
3.6000000000000e-01   2.4659696394161e-01   4.2304525810352e-01
3.6000000000000e-01   3.0119421191220e-01   3.4886380004007e-01
3.6000000000000e-01   3.6787944117144e-01   2.8829614896189e-01
3.6000000000000e-01   4.4932896411722e-01   2.3880869334299e-01
3.6000000000000e-01   5.4881163609403e-01   1.9833943787087e-01
3.6000000000000e-01   6.7032004603564e-01   1.6521203617513e-01
3.6000000000000e-01   8.1873075307798e-01   1.3806287692476e-01
3.6000000000000e-01   1.0000000000000e+00   1.1577744675586e-01
3.6000000000000e-01   1.2214027581602e+00   9.7432397556010e-02
3.6000000000000e-01   1.4918246976413e+00   8.2239695986935e-02
3.6000000000000e-01   1.8221188003905e+00   6.9488560967719e-02
3.6000000000000e-01   2.2255409284925e+00   5.8482343183121e-02
3.6000000000000e-01   2.7182818284590e+00   4.8482545524974e-02
3.6000000000000e-01   3.3201169227365e+00   3.8742081437337e-02
3.6000000000000e-01   4.0551999668447e+00   2.8878791217735e-02
3.6000000000000e-01   4.9530324243951e+00   1.9665717392822e-02
3.6000000000000e-01   6.0496474644130e+00   1.2676797360517e-02
3.6000000000000e-01   7.3890560989307e+00   8.1978542873308e-03
3.6000000000000e-01   9.0250134994341e+00   5.3982522941590e-03
3.6000000000000e-01   1.1023176380642e+01   3.6028117344372e-03
3.6000000000000e-01   1.3463738035002e+01   2.4258093455764e-03
3.6000000000000e-01   1.6444646771097e+01   1.6423251720773e-03
3.6000000000000e-01   2.0085536923188e+01   1.1154157285429e-03
3.6000000000000e-01   2.4532530197109e+01   7.5874101689171e-04
3.6000000000000e-01   2.9964100047397e+01   5.1637439214003e-04
3.6000000000000e-01   3.6598234443678e+01   3.5135847333504e-04
3.6000000000000e-01   4.4701184493301e+01   2.3892732095144e-04
3.6000000000000e-01   5.4598150033144e+01   1.6233219460349e-04
3.6000000000000e-01   6.6686331040925e+01   1.1018253586745e-04
3.6000000000000e-01   8.1450868664968e+01   7.4708503187019e-05
3.6000000000000e-01   9.9484315641934e+01   5.0603214698924e-05
3.6000000000000e-01   1.2151041751873e+02   3.4241439320625e-05
3.6000000000000e-01   1.4841315910258e+02   2.3148064827650e-05
3.6000000000000e-01   1.8127224187515e+02   1.5634838097078e-05
3.6000000000000e-01   2.2140641620419e+02   1.0551574962278e-05
3.6000000000000e-01   2.7042640742615e+02   7.1156736394563e-06
3.6000000000000e-01   3.3029955990965e+02   4.7953317753100e-06
3.6000000000000e-01   4.0342879349274e+02   3.2296338173900e-06
3.6000000000000e-01   4.9274904109326e+02   2.1739325380393e-06
3.6000000000000e-01   6.0184503787208e+02   1.4625877734246e-06
3.6000000000000e-01   7.3509518924197e+02   9.8356662227499e-07
3.6000000000000e-01   8.9784729165042e+02   6.6116921877719e-07
3.9000000000000e-01   -8.9784729165042e+02   0.0000000000000e+00
3.9000000000000e-01   -7.3509518924197e+02   0.0000000000000e+00
3.9000000000000e-01   -6.0184503787208e+02   0.0000000000000e+00
3.9000000000000e-01   -4.9274904109326e+02   0.0000000000000e+00
3.9000000000000e-01   -4.0342879349274e+02   0.0000000000000e+00
3.9000000000000e-01   -3.3029955990965e+02   0.0000000000000e+00
3.9000000000000e-01   -2.7042640742615e+02   0.0000000000000e+00
3.9000000000000e-01   -2.2140641620419e+02   0.0000000000000e+00
3.9000000000000e-01   -1.8127224187515e+02   3.4519311842400e-84
3.9000000000000e-01   -1.4841315910258e+02   9.5278081940913e-70
3.9000000000000e-01   -1.2151041751873e+02   6.8034683863796e-58
3.9000000000000e-01   -9.9484315641934e+01   3.6995949475546e-48
3.9000000000000e-01   -8.1450868664968e+01   3.7080850496749e-40
3.9000000000000e-01   -6.6686331040925e+01   1.4125983701693e-33
3.9000000000000e-01   -5.4598150033144e+01   3.6991318420540e-28
3.9000000000000e-01   -4.4701184493301e+01   1.0816952796574e-23
3.9000000000000e-01   -3.6598234443678e+01   5.2551849351574e-20
3.9000000000000e-01   -2.9964100047397e+01   5.8733609494112e-17
3.9000000000000e-01   -2.4532530197109e+01   1.9715997646453e-14
3.9000000000000e-01   -2.0085536923188e+01   2.4737802785321e-12
3.9000000000000e-01   -1.6444646771097e+01   1.3883644740707e-10
3.9000000000000e-01   -1.3463738035002e+01   4.0404617565377e-09
3.9000000000000e-01   -1.1023176380642e+01   6.8891424390103e-08
3.9000000000000e-01   -9.0250134994341e+00   7.6168069923534e-07
3.9000000000000e-01   -7.3890560989307e+00   5.9459209653328e-06
3.9000000000000e-01   -6.0496474644130e+00   3.5120061525136e-05
3.9000000000000e-01   -4.9530324243951e+00   1.6179236554657e-04
3.9000000000000e-01   -4.0551999668447e+00   5.7157432230442e-04
3.9000000000000e-01   -3.3201169227365e+00   1.5691944551492e-03
3.9000000000000e-01   -2.7182818284590e+00   3.5427858672026e-03
3.9000000000000e-01   -2.2255409284925e+00   6.9523056424341e-03
3.9000000000000e-01   -1.8221188003905e+00   1.2328912333909e-02
3.9000000000000e-01   -1.4918246976413e+00   2.0270989636713e-02
3.9000000000000e-01   -1.2214027581602e+00   3.1443248317807e-02
3.9000000000000e-01   -1.0000000000000e+00   4.6586329888640e-02
3.9000000000000e-01   -8.1873075307798e-01   6.6540850132984e-02
3.9000000000000e-01   -6.7032004603564e-01   9.2286696820019e-02
3.9000000000000e-01   -5.4881163609403e-01   1.2499613940360e-01
3.9000000000000e-01   -4.4932896411722e-01   1.6609854310894e-01
3.9000000000000e-01   -3.6787944117144e-01   2.1735515764913e-01
3.9000000000000e-01   -3.0119421191220e-01   2.8094426897979e-01
3.9000000000000e-01   -2.4659696394161e-01   3.5955901132318e-01
3.9000000000000e-01   -2.0189651799466e-01   4.5652192762517e-01
3.9000000000000e-01   -1.6529888822159e-01   5.7592169109966e-01
3.9000000000000e-01   -1.3533528323661e-01   7.2277857953977e-01
3.9000000000000e-01   -1.1080315836233e-01   9.0324615865712e-01
3.9000000000000e-01   -9.0717953289413e-02   1.1248580726043e+00
3.9000000000000e-01   -7.4273578214334e-02   1.3968301778302e+00
3.9000000000000e-01   -6.0810062625218e-02   1.7304305320592e+00
3.9000000000000e-01   -4.9787068367864e-02   2.1394319954403e+00
3.9000000000000e-01   -4.0762203978366e-02   2.6406658850831e+00
3.9000000000000e-01   -3.3373269960326e-02   3.2546987318742e+00
3.9000000000000e-01   -2.7323722447293e-02   4.0066591317391e+00
3.9000000000000e-01   -2.2370771856166e-02   4.9272482064848e+00
3.9000000000000e-01   -1.8315638888734e-02   6.0539741368902e+00
3.9000000000000e-01   -1.4995576820478e-02   7.4326588010177e+00
3.9000000000000e-01   -1.2277339903068e-02   9.1192831990396e+00
3.9000000000000e-01   -1.0051835744634e-02   1.1182230038597e+01
3.9000000000000e-01   -8.2297470490200e-03   1.3705038237149e+01
3.9000000000000e-01   -6.7379469990855e-03   1.6789756138458e+01
3.9000000000000e-01   6.7379469990855e-03   1.6903266609769e+01
3.9000000000000e-01   8.2297470490200e-03   1.3818292623400e+01
3.9000000000000e-01   1.0051835744634e-02   1.1295198798724e+01
3.9000000000000e-01   1.2277339903068e-02   9.2319338486932e+00
3.9000000000000e-01   1.4995576820478e-02   7.5449556809769e+00
3.9000000000000e-01   1.8315638888734e-02   6.1658782100348e+00
3.9000000000000e-01   2.2370771856166e-02   5.0387167216759e+00
3.9000000000000e-01   2.7323722447293e-02   4.1176453470924e+00
3.9000000000000e-01   3.3373269960326e-02   3.3651515049604e+00
3.9000000000000e-01   4.0762203978366e-02   2.7505291697488e+00
3.9000000000000e-01   4.9787068367864e-02   2.2486441610169e+00
3.9000000000000e-01   6.0810062625218e-02   1.8389234201425e+00
3.9000000000000e-01   7.4273578214334e-02   1.5045277913386e+00
3.9000000000000e-01   9.0717953289413e-02   1.2316747434337e+00
3.9000000000000e-01   1.1080315836233e-01   1.0090840080201e+00
3.9000000000000e-01   1.3533528323661e-01   8.2752407966847e-01
3.9000000000000e-01   1.6529888822159e-01   6.7944112600376e-01
3.9000000000000e-01   2.0189651799466e-01   5.5865563798622e-01
3.9000000000000e-01   2.4659696394161e-01   4.6011445601531e-01
3.9000000000000e-01   3.0119421191220e-01   3.7968825351869e-01
3.9000000000000e-01   3.6787944117144e-01   3.1400601068041e-01
3.9000000000000e-01   4.4932896411722e-01   2.6031962671673e-01
3.9000000000000e-01   5.4881163609403e-01   2.1639262979597e-01
3.9000000000000e-01   6.7032004603564e-01   1.8040783669827e-01
3.9000000000000e-01   8.1873075307798e-01   1.5088935197876e-01
3.9000000000000e-01   1.0000000000000e+00   1.2663477399089e-01
3.9000000000000e-01   1.2214027581602e+00   1.0665368945667e-01
3.9000000000000e-01   1.4918246976413e+00   9.0108588293307e-02
3.9000000000000e-01   1.8221188003905e+00   7.6253697086463e-02
3.9000000000000e-01   2.2255409284925e+00   6.4367849698234e-02
3.9000000000000e-01   2.7182818284590e+00   5.3688306096995e-02
3.9000000000000e-01   3.3201169227365e+00   4.3409543989871e-02
3.9000000000000e-01   4.0551999668447e+00   3.2977951784218e-02
3.9000000000000e-01   4.9530324243951e+00   2.2910400194242e-02
3.9000000000000e-01   6.0496474644130e+00   1.4889625660501e-02
3.9000000000000e-01   7.3890560989307e+00   9.6215584477537e-03
3.9000000000000e-01   9.0250134994341e+00   6.3282920376024e-03
3.9000000000000e-01   1.1023176380642e+01   4.2215296064893e-03
3.9000000000000e-01   1.3463738035002e+01   2.8422229038934e-03
3.9000000000000e-01   1.6444646771097e+01   1.9245218304957e-03
3.9000000000000e-01   2.0085536923188e+01   1.3073713837284e-03
3.9000000000000e-01   2.4532530197109e+01   8.8953133099022e-04
3.9000000000000e-01   2.9964100047397e+01   6.0552209827174e-04
3.9000000000000e-01   3.6598234443678e+01   4.1209682657605e-04
3.9000000000000e-01   4.4701184493301e+01   2.8027392435941e-04
3.9000000000000e-01   5.4598150033144e+01   1.9044741926504e-04
3.9000000000000e-01   6.6686331040925e+01   1.2927790044837e-04
3.9000000000000e-01   8.1450868664968e+01   8.7662225928325e-05
3.9000000000000e-01   9.9484315641934e+01   5.9380451697778e-05
3.9000000000000e-01   1.2151041751873e+02   4.0182244622993e-05
3.9000000000000e-01   1.4841315910258e+02   2.7164958493044e-05
3.9000000000000e-01   1.8127224187515e+02   1.8348328117699e-05
3.9000000000000e-01   2.2140641620419e+02   1.2383022128753e-05
3.9000000000000e-01   2.7042640742615e+02   8.3508333885071e-06
3.9000000000000e-01   3.3029955990965e+02   5.6277603204576e-06
3.9000000000000e-01   4.0342879349274e+02   3.7902898470950e-06
3.9000000000000e-01   4.9274904109326e+02   2.5513306524548e-06
3.9000000000000e-01   6.0184503787208e+02   1.7164995845328e-06
3.9000000000000e-01   7.3509518924197e+02   1.1543202089863e-06
3.9000000000000e-01   8.9784729165042e+02   7.7595344634101e-07
4.2000000000000e-01   -8.9784729165042e+02   0.0000000000000e+00
4.2000000000000e-01   -7.3509518924197e+02   0.0000000000000e+00
4.2000000000000e-01   -6.0184503787208e+02   0.0000000000000e+00
4.2000000000000e-01   -4.9274904109326e+02   0.0000000000000e+00
4.2000000000000e-01   -4.0342879349274e+02   0.0000000000000e+00
4.2000000000000e-01   -3.3029955990965e+02   0.0000000000000e+00
4.2000000000000e-01   -2.7042640742615e+02   0.0000000000000e+00
4.2000000000000e-01   -2.2140641620419e+02   0.0000000000000e+00
4.2000000000000e-01   -1.8127224187515e+02   4.0032286265430e-84
4.2000000000000e-01   -1.4841315910258e+02   1.1049242798592e-69
4.2000000000000e-01   -1.2151041751873e+02   7.8896494888147e-58
4.2000000000000e-01   -9.9484315641934e+01   4.2900734389847e-48
4.2000000000000e-01   -8.1450868664968e+01   4.2996916424066e-40
4.2000000000000e-01   -6.6686331040925e+01   1.6378548257965e-33
4.2000000000000e-01   -5.4598150033144e+01   4.2885990401154e-28
4.2000000000000e-01   -4.4701184493301e+01   1.2539120276842e-23
4.2000000000000e-01   -3.6598234443678e+01   6.0909102560261e-20
4.2000000000000e-01   -2.9964100047397e+01   6.8060880956987e-17
4.2000000000000e-01   -2.4532530197109e+01   2.2841912358890e-14
4.2000000000000e-01   -2.0085536923188e+01   2.8653009554284e-12
4.2000000000000e-01   -1.6444646771097e+01   1.6077402660608e-10
4.2000000000000e-01   -1.3463738035002e+01   4.6782640318730e-09
4.2000000000000e-01   -1.1023176380642e+01   7.9772398934468e-08
4.2000000000000e-01   -9.0250134994341e+00   8.8242720824550e-07
4.2000000000000e-01   -7.3890560989307e+00   6.8966938980890e-06
4.2000000000000e-01   -6.0496474644130e+00   4.0733491556436e-05
4.2000000000000e-01   -4.9530324243951e+00   1.8576886791953e-04
4.2000000000000e-01   -4.0551999668447e+00   6.4375573692926e-04
4.2000000000000e-01   -3.3201169227365e+00   1.7387015636678e-03
4.2000000000000e-01   -2.7182818284590e+00   3.8877539869993e-03
4.2000000000000e-01   -2.2255409284925e+00   7.5915901348682e-03
4.2000000000000e-01   -1.8221188003905e+00   1.3429249245617e-02
4.2000000000000e-01   -1.4918246976413e+00   2.2049910596837e-02
4.2000000000000e-01   -1.2214027581602e+00   3.4169959653210e-02
4.2000000000000e-01   -1.0000000000000e+00   5.0583204032746e-02
4.2000000000000e-01   -8.1873075307798e-01   7.2188116066415e-02
4.2000000000000e-01   -6.7032004603564e-01   1.0003223688236e-01
4.2000000000000e-01   -5.4881163609403e-01   1.3537129022469e-01
4.2000000000000e-01   -4.4932896411722e-01   1.7974006988275e-01
4.2000000000000e-01   -3.6787944117144e-01   2.3503332597192e-01
4.2000000000000e-01   -3.0119421191220e-01   3.0359714251099e-01
4.2000000000000e-01   -2.4659696394161e-01   3.8833364359905e-01
4.2000000000000e-01   -2.0189651799466e-01   4.9282368841463e-01
4.2000000000000e-01   -1.6529888822159e-01   6.2147358311638e-01
4.2000000000000e-01   -1.3533528323661e-01   7.7969282937706e-01
4.2000000000000e-01   -1.1080315836233e-01   9.7411128639967e-01
4.2000000000000e-01   -9.0717953289413e-02   1.2128445513934e+00
4.2000000000000e-01   -7.4273578214334e-02   1.5058196287048e+00
4.2000000000000e-01   -6.0810062625218e-02   1.8651731716134e+00
4.2000000000000e-01   -4.9787068367864e-02   2.3057391728031e+00
4.2000000000000e-01   -4.0762203978366e-02   2.8456449651752e+00
4.2000000000000e-01   -3.3373269960326e-02   3.5070404086746e+00
4.2000000000000e-01   -2.7323722447293e-02   4.3169881865960e+00
4.2000000000000e-01   -2.2370771856166e-02   5.3085521817413e+00
4.2000000000000e-01   -1.8315638888734e-02   6.5221265980819e+00
4.2000000000000e-01   -1.4995576820478e-02   8.0070599942233e+00
4.2000000000000e-01   -1.2277339903068e-02   9.8236385054003e+00
4.2000000000000e-01   -1.0051835744634e-02   1.2045508141483e+01
4.2000000000000e-01   -8.2297470490200e-03   1.4762634611702e+01
4.2000000000000e-01   -6.7379469990855e-03   1.8084916655181e+01
4.2000000000000e-01   6.7379469990855e-03   1.8207183315651e+01
4.2000000000000e-01   8.2297470490200e-03   1.4884628661880e+01
4.2000000000000e-01   1.0051835744634e-02   1.2167198190351e+01
4.2000000000000e-01   1.2277339903068e-02   9.9449900672985e+00
4.2000000000000e-01   1.4995576820478e-02   8.1280352574594e+00
4.2000000000000e-01   1.8315638888734e-02   6.6426841880859e+00
4.2000000000000e-01   2.2370771856166e-02   5.4286468887087e+00
4.2000000000000e-01   2.7323722447293e-02   4.4365706528856e+00
4.2000000000000e-01   3.3373269960326e-02   3.6260567510076e+00
4.2000000000000e-01   4.0762203978366e-02   2.9640362787574e+00
4.2000000000000e-01   4.9787068367864e-02   2.4234408659877e+00
4.2000000000000e-01   6.0810062625218e-02   1.9821140255885e+00
4.2000000000000e-01   7.4273578214334e-02   1.6219204854585e+00
4.2000000000000e-01   9.0717953289413e-02   1.3280164298451e+00
4.2000000000000e-01   1.1080315836233e-01   1.0882527555934e+00
4.2000000000000e-01   1.3533528323661e-01   8.9268637632454e-01
4.2000000000000e-01   1.6529888822159e-01   7.3318077374015e-01
4.2000000000000e-01   2.0189651799466e-01   6.0307887837547e-01
4.2000000000000e-01   2.4659696394161e-01   4.9693629571259e-01
4.2000000000000e-01   3.0119421191220e-01   4.1030297301261e-01
4.2000000000000e-01   3.6787944117144e-01   3.3954509229786e-01
4.2000000000000e-01   4.4932896411722e-01   2.8169944794295e-01
4.2000000000000e-01   5.4881163609403e-01   2.3435403389546e-01
4.2000000000000e-01   6.7032004603564e-01   1.9554930534821e-01
4.2000000000000e-01   8.1873075307798e-01   1.6369520425513e-01
4.2000000000000e-01   1.0000000000000e+00   1.3749940434745e-01
4.2000000000000e-01   1.2214027581602e+00   1.1590253744670e-01
4.2000000000000e-01   1.4918246976413e+00   9.8016246442951e-02
4.2000000000000e-01   1.8221188003905e+00   8.3059225042697e-02
4.2000000000000e-01   2.2255409284925e+00   7.0286658542346e-02
4.2000000000000e-01   2.7182818284590e+00   5.8916043449344e-02
4.2000000000000e-01   3.3201169227365e+00   4.8098718272693e-02
4.2000000000000e-01   4.0551999668447e+00   3.7142581156681e-02
4.2000000000000e-01   4.9530324243951e+00   2.6305562028775e-02
4.2000000000000e-01   6.0496474644130e+00   1.7269515336310e-02
4.2000000000000e-01   7.3890560989307e+00   1.1160078282846e-02
4.2000000000000e-01   9.0250134994341e+00   7.3314934739843e-03
4.2000000000000e-01   1.1023176380642e+01   4.8882941071968e-03
4.2000000000000e-01   1.3463738035002e+01   3.2908786131525e-03
4.2000000000000e-01   1.6444646771097e+01   2.2286159705087e-03
4.2000000000000e-01   2.0085536923188e+01   1.5142866597350e-03
4.2000000000000e-01   2.4532530197109e+01   1.0305639647214e-03
4.2000000000000e-01   2.9964100047397e+01   7.0168286611824e-04
4.2000000000000e-01   3.6598234443678e+01   4.7763205642403e-04
4.2000000000000e-01   4.4701184493301e+01   3.2489634688231e-04
4.2000000000000e-01   5.4598150033144e+01   2.2079575812010e-04
4.2000000000000e-01   6.6686331040925e+01   1.4989287655261e-04
4.2000000000000e-01   8.1450868664968e+01   1.0164829962890e-04
4.2000000000000e-01   9.9484315641934e+01   6.8857943162653e-05
4.2000000000000e-01   1.2151041751873e+02   4.6597383532184e-05
4.2000000000000e-01   1.4841315910258e+02   3.1502756551023e-05
4.2000000000000e-01   1.8127224187515e+02   2.1278683858279e-05
4.2000000000000e-01   2.2140641620419e+02   1.4360883658195e-05
4.2000000000000e-01   2.7042640742615e+02   9.6847579589429e-06
4.2000000000000e-01   3.3029955990965e+02   6.5267605568589e-06
4.2000000000000e-01   4.0342879349274e+02   4.3957877524525e-06
4.2000000000000e-01   4.9274904109326e+02   2.9589156511716e-06
4.2000000000000e-01   6.0184503787208e+02   1.9907220226455e-06
4.2000000000000e-01   7.3509518924197e+02   1.3387330030147e-06
4.2000000000000e-01   8.9784729165042e+02   8.9991991027776e-07
4.5000000000000e-01   -8.9784729165042e+02   0.0000000000000e+00
4.5000000000000e-01   -7.3509518924197e+02   0.0000000000000e+00
4.5000000000000e-01   -6.0184503787208e+02   0.0000000000000e+00
4.5000000000000e-01   -4.9274904109326e+02   0.0000000000000e+00
4.5000000000000e-01   -4.0342879349274e+02   0.0000000000000e+00
4.5000000000000e-01   -3.3029955990965e+02   0.0000000000000e+00
4.5000000000000e-01   -2.7042640742615e+02   0.0000000000000e+00
4.5000000000000e-01   -2.2140641620419e+02   0.0000000000000e+00
4.5000000000000e-01   -1.8127224187515e+02   4.5953197798103e-84
4.5000000000000e-01   -1.4841315910258e+02   1.2683207844178e-69
4.5000000000000e-01   -1.2151041751873e+02   9.0561191987410e-58
4.5000000000000e-01   -9.9484315641934e+01   4.9241623239007e-48
4.5000000000000e-01   -8.1450868664968e+01   4.9349416928556e-40
4.5000000000000e-01   -6.6686331040925e+01   1.8797028994456e-33
4.5000000000000e-01   -5.4598150033144e+01   4.9213947897386e-28
4.5000000000000e-01   -4.4701184493301e+01   1.4387534580037e-23
4.5000000000000e-01   -3.6598234443678e+01   6.9876908288049e-20
4.5000000000000e-01   -2.9964100047397e+01   7.8066721603206e-17
4.5000000000000e-01   -2.4532530197109e+01   2.6194130327749e-14
4.5000000000000e-01   -2.0085536923188e+01   3.2850214346931e-12
4.5000000000000e-01   -1.6444646771097e+01   1.8428455135835e-10
4.5000000000000e-01   -1.3463738035002e+01   5.3617021150348e-09
4.5000000000000e-01   -1.1023176380642e+01   9.1434772813176e-08
4.5000000000000e-01   -9.0250134994341e+00   1.0119742310721e-06
4.5000000000000e-01   -7.3890560989307e+00   7.9183609242444e-06
4.5000000000000e-01   -6.0496474644130e+00   4.6719323875105e-05
4.5000000000000e-01   -4.9530324243951e+00   2.1062130412703e-04
4.5000000000000e-01   -4.0551999668447e+00   7.1675569522158e-04
4.5000000000000e-01   -3.3201169227365e+00   1.9088190633528e-03
4.5000000000000e-01   -2.7182818284590e+00   4.2340579955072e-03
4.5000000000000e-01   -2.2255409284925e+00   8.2340198080655e-03
4.5000000000000e-01   -1.8221188003905e+00   1.4534804911671e-02
4.5000000000000e-01   -1.4918246976413e+00   2.3834871412290e-02
4.5000000000000e-01   -1.2214027581602e+00   3.6900426662288e-02
4.5000000000000e-01   -1.0000000000000e+00   5.4576754915587e-02
4.5000000000000e-01   -8.1873075307798e-01   7.7819149428552e-02
4.5000000000000e-01   -6.7032004603564e-01   1.0774263717670e-01
4.5000000000000e-01   -5.4881163609403e-01   1.4568705115952e-01
4.5000000000000e-01   -4.4932896411722e-01   1.9329378618681e-01
4.5000000000000e-01   -3.6787944117144e-01   2.5259241845543e-01
4.5000000000000e-01   -3.0119421191220e-01   3.2609806661110e-01
4.5000000000000e-01   -2.4659696394161e-01   4.1692281373220e-01
4.5000000000000e-01   -2.0189651799466e-01   5.2890650110339e-01
4.5000000000000e-01   -1.6529888822159e-01   6.6677341410047e-01
4.5000000000000e-01   -1.3533528323661e-01   8.3632250308140e-01
4.5000000000000e-01   -1.1080315836233e-01   1.0446595694372e+00
4.5000000000000e-01   -9.0717953289413e-02   1.3004822458909e+00
4.5000000000000e-01   -7.4273578214334e-02   1.6144283044432e+00
4.5000000000000e-01   -6.0810062625218e-02   1.9995027097402e+00
4.5000000000000e-01   -4.9787068367864e-02   2.4716001542724e+00
4.5000000000000e-01   -4.0762203978366e-02   3.0501437771806e+00
4.5000000000000e-01   -3.3373269960326e-02   3.7588663219621e+00
4.5000000000000e-01   -2.7323722447293e-02   4.6267586996468e+00
4.5000000000000e-01   -2.2370771856166e-02   5.6892638074428e+00
4.5000000000000e-01   -1.8315638888734e-02   6.9896451395183e+00
4.5000000000000e-01   -1.4995576820478e-02   8.5807823577142e+00
4.5000000000000e-01   -1.2277339903068e-02   1.0527267268838e+01
4.5000000000000e-01   -1.0051835744634e-02   1.2908010138607e+01
4.5000000000000e-01   -8.2297470490200e-03   1.5819400392819e+01
4.5000000000000e-01   -6.7379469990855e-03   1.9379188547474e+01
4.5000000000000e-01   6.7379469990855e-03   1.9510205389381e+01
4.5000000000000e-01   8.2297470490200e-03   1.5950127243144e+01
4.5000000000000e-01   1.0051835744634e-02   1.3038413635587e+01
4.5000000000000e-01   1.2277339903068e-02   1.0657310767985e+01
4.5000000000000e-01   1.4995576820478e-02   8.7104257480777e+00
4.5000000000000e-01   1.8315638888734e-02   7.1188445287560e+00
4.5000000000000e-01   2.2370771856166e-02   5.8179713055371e+00
4.5000000000000e-01   2.7323722447293e-02   4.7549219450196e+00
4.5000000000000e-01   3.3373269960326e-02   3.8864287303826e+00
4.5000000000000e-01   4.0762203978366e-02   3.1770431384200e+00
4.5000000000000e-01   4.9787068367864e-02   2.5977685979822e+00
4.5000000000000e-01   6.0810062625218e-02   2.1248656293669e+00
4.5000000000000e-01   7.4273578214334e-02   1.7389030461322e+00
4.5000000000000e-01   9.0717953289413e-02   1.4239762113626e+00
4.5000000000000e-01   1.1080315836233e-01   1.1670675321901e+00
4.5000000000000e-01   1.3533528323661e-01   9.5752285590582e-01
4.5000000000000e-01   1.6529888822159e-01   7.8662305356267e-01
4.5000000000000e-01   2.0189651799466e-01   6.4723418729532e-01
4.5000000000000e-01   2.4659696394161e-01   5.3352080632000e-01
4.5000000000000e-01   3.0119421191220e-01   4.4071233713722e-01
4.5000000000000e-01   3.6787944117144e-01   3.6491214887729e-01
4.5000000000000e-01   4.4932896411722e-01   3.0294164731963e-01
4.5000000000000e-01   5.4881163609403e-01   2.5221262255016e-01
4.5000000000000e-01   6.7032004603564e-01   2.1062208057055e-01
4.5000000000000e-01   8.1873075307798e-01   1.7646424723077e-01
4.5000000000000e-01   1.0000000000000e+00   1.4835500114330e-01
4.5000000000000e-01   1.2214027581602e+00   1.2516412446578e-01
4.5000000000000e-01   1.4918246976413e+00   1.0595075295309e-01
4.5000000000000e-01   1.8221188003905e+00   8.9897030729716e-02
4.5000000000000e-01   2.2255409284925e+00   7.6234587009940e-02
4.5000000000000e-01   2.7182818284590e+00   6.4164025209548e-02
4.5000000000000e-01   3.3201169227365e+00   5.2804778163353e-02
4.5000000000000e-01   4.0551999668447e+00   4.1354437796965e-02
4.5000000000000e-01   4.9530324243951e+00   2.9824759349318e-02
4.5000000000000e-01   6.0496474644130e+00   1.9807290004721e-02
4.5000000000000e-01   7.3890560989307e+00   1.2813317379633e-02
4.5000000000000e-01   9.0250134994341e+00   8.4078124536715e-03
4.5000000000000e-01   1.1023176380642e+01   5.6029412065531e-03
4.5000000000000e-01   1.3463738035002e+01   3.7716363805568e-03
4.5000000000000e-01   1.6444646771097e+01   2.5545139531868e-03
4.5000000000000e-01   2.0085536923188e+01   1.7361052862789e-03
4.5000000000000e-01   2.4532530197109e+01   1.1818067760201e-03
4.5000000000000e-01   2.9964100047397e+01   8.0483943482322e-04
4.5000000000000e-01   3.6598234443678e+01   5.4795506745736e-04
4.5000000000000e-01   4.4701184493301e+01   3.7278990252051e-04
4.5000000000000e-01   5.4598150033144e+01   2.5337483953254e-04
4.5000000000000e-01   6.6686331040925e+01   1.7202628109922e-04
4.5000000000000e-01   8.1450868664968e+01   1.1666614110163e-04
4.5000000000000e-01   9.9484315641934e+01   7.9035404462231e-05
4.5000000000000e-01   1.2151041751873e+02   5.3486718290233e-05
4.5000000000000e-01   1.4841315910258e+02   3.6161392801695e-05
4.5000000000000e-01   1.8127224187515e+02   2.4425873699530e-05
4.5000000000000e-01   2.2140641620419e+02   1.6485144527105e-05
4.5000000000000e-01   2.7042640742615e+02   1.1117440244808e-05
4.5000000000000e-01   3.3029955990965e+02   7.4923291366688e-06
4.5000000000000e-01   4.0342879349274e+02   5.0461259615878e-06
4.5000000000000e-01   4.9274904109326e+02   3.3966867983796e-06
4.5000000000000e-01   6.0184503787208e+02   2.2852547442309e-06
4.5000000000000e-01   7.3509518924197e+02   1.5368048443465e-06
4.5000000000000e-01   8.9784729165042e+02   1.0330685362082e-06
