-4.	0.001
-3.998	0.002
-3.996	0.002
-3.994	0.002
-3.992	0.002
-3.99	0.002
-3.988	0.002
-3.986	0.002
-3.984	0.002
-3.982	0.002
-3.98	0.002
-3.978	0.002
-3.976	0.002
-3.974	0.002
-3.972	0.002
-3.97	0.002
-3.968	0.002
-3.966	0.002
-3.964	0.002
-3.962	0.002
-3.96	0.002
-3.958	0.002
-3.956	0.002
-3.954	0.002
-3.952	0.002
-3.95	0.002
-3.948	0.002
-3.946	0.002
-3.944	0.002
-3.942	0.002
-3.94	0.002
-3.938	0.002
-3.936	0.002
-3.934	0.002
-3.932	0.002
-3.93	0.002
-3.928	0.002
-3.926	0.002
-3.924	0.002
-3.922	0.002
-3.92	0.002
-3.918	0.002
-3.916	0.002
-3.914	0.002
-3.912	0.002
-3.91	0.002
-3.908	0.002
-3.906	0.002
-3.904	0.002
-3.902	0.002
-3.9	0.002
-3.898	0.002
-3.896	0.002
-3.894	0.002
-3.892	0.002
-3.89	0.002
-3.888	0.002
-3.886	0.002
-3.884	0.002
-3.882	0.002
-3.88	0.002
-3.878	0.002
-3.876	0.002
-3.874	0.002
-3.872	0.002
-3.87	0.002
-3.868	0.002
-3.866	0.002
-3.864	0.002
-3.862	0.002
-3.86	0.002
-3.858	0.002
-3.856	0.002
-3.854	0.002
-3.852	0.002
-3.85	0.002
-3.848	0.002
-3.846	0.002
-3.844	0.002
-3.842	0.002
-3.84	0.002
-3.838	0.002
-3.836	0.002
-3.834	0.002
-3.832	0.002
-3.83	0.002
-3.828	0.002
-3.826	0.002
-3.824	0.002
-3.822	0.002
-3.82	0.002
-3.818	0.002
-3.816	0.002
-3.814	0.002
-3.812	0.002
-3.81	0.002
-3.808	0.002
-3.806	0.002
-3.804	0.002
-3.802	0.002
-3.8	0.002
-3.798	0.002
-3.796	0.002
-3.794	0.002
-3.792	0.002
-3.79	0.002
-3.788	0.002
-3.786	0.002
-3.784	0.002
-3.782	0.002
-3.78	0.002
-3.778	0.002
-3.776	0.002
-3.774	0.002
-3.772	0.002
-3.77	0.002
-3.768	0.002
-3.766	0.002
-3.764	0.002
-3.762	0.002
-3.76	0.002
-3.758	0.002
-3.7560000000000002	0.002
-3.754	0.002
-3.752	0.002
-3.75	0.002
-3.748	0.002
-3.746	0.002
-3.7439999999999998	0.002
-3.742	0.002
-3.74	0.002
-3.738	0.002
-3.7359999999999998	0.002
-3.734	0.002
-3.732	0.002
-3.73	0.002
-3.7279999999999998	0.002
-3.726	0.002
-3.724	0.002
-3.722	0.002
-3.7199999999999998	0.002
-3.718	0.002
-3.716	0.002
-3.714	0.002
-3.7119999999999997	0.002
-3.71	0.002
-3.708	0.002
-3.706	0.002
-3.704	0.002
-3.702	0.002
-3.7	0.002
-3.698	0.002
-3.696	0.002
-3.694	0.002
-3.692	0.002
-3.69	0.002
-3.688	0.002
-3.686	0.002
-3.684	0.002
-3.682	0.002
-3.68	0.002
-3.678	0.002
-3.676	0.002
-3.674	0.002
-3.672	0.002
-3.67	0.002
-3.668	0.002
-3.666	0.002
-3.664	0.002
-3.662	0.002
-3.66	0.002
-3.658	0.002
-3.656	0.002
-3.654	0.002
-3.652	0.002
-3.65	0.002
-3.648	0.002
-3.646	0.002
-3.644	0.002
-3.642	0.002
-3.64	0.002
-3.638	0.002
-3.636	0.002
-3.634	0.002
-3.632	0.002
-3.63	0.002
-3.628	0.002
-3.626	0.002
-3.624	0.002
-3.622	0.002
-3.62	0.002
-3.618	0.002
-3.616	0.002
-3.614	0.002
-3.612	0.002
-3.61	0.002
-3.608	0.002
-3.606	0.002
-3.604	0.002
-3.602	0.002
-3.6	0.002
-3.598	0.002
-3.596	0.002
-3.594	0.002
-3.592	0.002
-3.59	0.002
-3.588	0.002
-3.586	0.002
-3.584	0.002
-3.582	0.002
-3.58	0.002
-3.578	0.002
-3.576	0.002
-3.574	0.002
-3.572	0.002
-3.57	0.002
-3.568	0.002
-3.566	0.002
-3.564	0.002
-3.562	0.002
-3.56	0.002
-3.558	0.002
-3.556	0.002
-3.554	0.002
-3.552	0.002
-3.55	0.002
-3.548	0.002
-3.546	0.002
-3.544	0.002
-3.542	0.002
-3.54	0.002
-3.538	0.002
-3.536	0.002
-3.534	0.002
-3.532	0.002
-3.53	0.002
-3.528	0.002
-3.526	0.002
-3.524	0.002
-3.522	0.002
-3.52	0.002
-3.518	0.002
-3.516	0.002
-3.5140000000000002	0.002
-3.512	0.002
-3.51	0.002
-3.508	0.002
-3.5060000000000002	0.002
-3.504	0.002
-3.502	0.002
-3.5	0.002
-3.498	0.002
-3.496	0.002
-3.4939999999999998	0.002
-3.492	0.002
-3.49	0.002
-3.488	0.002
-3.4859999999999998	0.002
-3.484	0.002
-3.482	0.002
-3.48	0.002
-3.4779999999999998	0.002
-3.476	0.002
-3.474	0.002
-3.472	0.002
-3.4699999999999998	0.002
-3.468	0.002
-3.466	0.002
-3.464	0.002
-3.4619999999999997	0.002
-3.46	0.002
-3.458	0.002
-3.456	0.002
-3.4539999999999997	0.002
-3.452	0.002
-3.45	0.002
-3.448	0.002
-3.4459999999999997	0.002
-3.444	0.002
-3.442	0.002
-3.44	0.002
-3.4379999999999997	0.002
-3.436	0.002
-3.434	0.002
-3.432	0.002
-3.4299999999999997	0.002
-3.428	0.002
-3.426	0.002
-3.424	0.002
-3.422	0.002
-3.42	0.002
-3.418	0.002
-3.416	0.002
-3.414	0.002
-3.412	0.002
-3.41	0.002
-3.408	0.002
-3.406	0.002
-3.404	0.002
-3.402	0.002
-3.4	0.002
-3.398	0.002
-3.396	0.002
-3.394	0.002
-3.392	0.002
-3.39	0.002
-3.388	0.002
-3.386	0.002
-3.384	0.002
-3.382	0.002
-3.38	0.002
-3.378	0.002
-3.376	0.002
-3.374	0.002
-3.372	0.002
-3.37	0.002
-3.368	0.002
-3.366	0.002
-3.364	0.002
-3.362	0.002
-3.36	0.002
-3.358	0.002
-3.356	0.002
-3.354	0.002
-3.352	0.002
-3.35	0.002
-3.348	0.002
-3.346	0.002
-3.344	0.002
-3.342	0.002
-3.34	0.002
-3.338	0.002
-3.336	0.002
-3.334	0.002
-3.332	0.002
-3.33	0.002
-3.328	0.002
-3.326	0.002
-3.324	0.002
-3.322	0.002
-3.32	0.002
-3.318	0.002
-3.316	0.002
-3.314	0.002
-3.312	0.002
-3.31	0.002
-3.308	0.002
-3.306	0.002
-3.304	0.002
-3.302	0.002
-3.3	0.002
-3.298	0.002
-3.2960000000000003	0.002
-3.294	0.002
-3.292	0.002
-3.29	0.002
-3.2880000000000003	0.002
-3.286	0.002
-3.284	0.002
-3.282	0.002
-3.2800000000000002	0.002
-3.278	0.002
-3.276	0.002
-3.274	0.002
-3.2720000000000002	0.002
-3.27	0.002
-3.268	0.002
-3.266	0.002
-3.2640000000000002	0.002
-3.262	0.002
-3.26	0.002
-3.258	0.002
-3.2560000000000002	0.002
-3.254	0.002
-3.252	0.002
-3.25	0.002
-3.248	0.002
-3.246	0.002
-3.2439999999999998	0.002
-3.242	0.002
-3.24	0.002
-3.238	0.002
-3.2359999999999998	0.002
-3.234	0.002
-3.232	0.002
-3.23	0.002
-3.2279999999999998	0.002
-3.226	0.002
-3.224	0.002
-3.222	0.002
-3.2199999999999998	0.002
-3.218	0.002
-3.216	0.002
-3.214	0.002
-3.2119999999999997	0.002
-3.21	0.002
-3.208	0.002
-3.206	0.002
-3.2039999999999997	0.002
-3.202	0.002
-3.2	0.002
-3.198	0.002
-3.1959999999999997	0.002
-3.194	0.002
-3.192	0.002
-3.19	0.002
-3.1879999999999997	0.002
-3.186	0.002
-3.184	0.002
-3.182	0.002
-3.1799999999999997	0.002
-3.178	0.002
-3.176	0.002
-3.174	0.002
-3.1719999999999997	0.002
-3.17	0.002
-3.168	0.002
-3.166	0.002
-3.164	0.002
-3.162	0.002
-3.16	0.002
-3.158	0.002
-3.156	0.002
-3.154	0.002
-3.152	0.002
-3.15	0.002
-3.148	0.002
-3.146	0.002
-3.144	0.002
-3.142	0.002
-3.14	0.002
-3.138	0.002
-3.136	0.002
-3.134	0.002
-3.132	0.002
-3.13	0.002
-3.128	0.002
-3.126	0.002
-3.124	0.002
-3.122	0.002
-3.12	0.002
-3.118	0.002
-3.116	0.002
-3.114	0.002
-3.112	0.002
-3.11	0.002
-3.108	0.002
-3.106	0.002
-3.104	0.002
-3.102	0.002
-3.1	0.002
-3.098	0.002
-3.096	0.002
-3.094	0.002
-3.092	0.002
-3.09	0.002
-3.088	0.002
-3.086	0.002
-3.084	0.002
-3.082	0.002
-3.08	0.002
-3.078	0.002
-3.076	0.002
-3.074	0.002
-3.072	0.002
-3.07	0.002
-3.068	0.002
-3.066	0.002
-3.064	0.002
-3.062	0.002
-3.06	0.002
-3.058	0.002
-3.056	0.002
-3.054	0.002
-3.052	0.002
-3.05	0.002
-3.048	0.002
-3.046	0.002
-3.044	0.002
-3.042	0.002
-3.04	0.002
-3.0380000000000003	0.002
-3.036	0.002
-3.034	0.002
-3.032	0.002
-3.0300000000000002	0.002
-3.028	0.002
-3.026	0.002
-3.024	0.002
-3.0220000000000002	0.002
-3.02	0.002
-3.018	0.002
-3.016	0.002
-3.0140000000000002	0.002
-3.012	0.002
-3.01	0.002
-3.008	0.002
-3.0060000000000002	0.002
-3.004	0.002
-3.002	0.002
-3.	0.002
-2.998	0.002
-2.996	0.002
-2.9939999999999998	0.002
-2.992	0.002
-2.99	0.002
-2.988	0.002
-2.9859999999999998	0.002
-2.984	0.002
-2.982	0.002
-2.98	0.002
-2.9779999999999998	0.002
-2.976	0.002
-2.974	0.002
-2.972	0.002
-2.9699999999999998	0.002
-2.968	0.002
-2.966	0.002
-2.964	0.002
-2.9619999999999997	0.002
-2.96	0.002
-2.958	0.002
-2.956	0.002
-2.9539999999999997	0.002
-2.952	0.002
-2.95	0.002
-2.948	0.002
-2.9459999999999997	0.002
-2.944	0.002
-2.942	0.002
-2.94	0.002
-2.9379999999999997	0.002
-2.936	0.002
-2.934	0.002
-2.932	0.002
-2.9299999999999997	0.002
-2.928	0.002
-2.926	0.002
-2.924	0.002
-2.9219999999999997	0.002
-2.92	0.002
-2.918	0.002
-2.916	0.002
-2.9139999999999997	0.002
-2.912	0.002
-2.91	0.002
-2.908	0.002
-2.9059999999999997	0.002
-2.904	0.002
-2.902	0.002
-2.9	0.002
-2.8979999999999997	0.002
-2.896	0.002
-2.894	0.002
-2.892	0.002
-2.8899999999999997	0.002
-2.888	0.002
-2.886	0.002
-2.884	0.002
-2.8819999999999997	0.002
-2.88	0.002
-2.878	0.002
-2.876	0.002
-2.8739999999999997	0.002
-2.872	0.002
-2.87	0.002
-2.868	0.002
-2.8659999999999997	0.002
-2.864	0.002
-2.862	0.002
-2.86	0.002
-2.8579999999999997	0.002
-2.856	0.002
-2.854	0.002
-2.852	0.002
-2.8499999999999996	0.002
-2.848	0.002
-2.846	0.002
-2.8440000000000003	0.002
-2.842	0.002
-2.84	0.002
-2.838	0.002
-2.8360000000000003	0.002
-2.834	0.002
-2.832	0.002
-2.83	0.002
-2.8280000000000003	0.002
-2.826	0.002
-2.824	0.002
-2.822	0.002
-2.8200000000000003	0.002
-2.818	0.002
-2.816	0.002
-2.814	0.002
-2.8120000000000003	0.002
-2.81	0.002
-2.808	0.002
-2.806	0.002
-2.8040000000000003	0.002
-2.802	0.002
-2.8	0.002
-2.798	0.002
-2.7960000000000003	0.002
-2.794	0.002
-2.792	0.002
-2.79	0.002
-2.7880000000000003	0.002
-2.786	0.002
-2.784	0.002
-2.782	0.002
-2.7800000000000002	0.002
-2.778	0.002
-2.776	0.002
-2.774	0.002
-2.7720000000000002	0.002
-2.77	0.002
-2.768	0.002
-2.766	0.002
-2.7640000000000002	0.002
-2.762	0.002
-2.76	0.002
-2.758	0.002
-2.7560000000000002	0.002
-2.754	0.002
-2.752	0.002
-2.75	0.002
-2.748	0.002
-2.746	0.002
-2.7439999999999998	0.002
-2.742	0.002
-2.74	0.002
-2.738	0.002
-2.7359999999999998	0.002
-2.734	0.002
-2.732	0.002
-2.73	0.002
-2.7279999999999998	0.002
-2.726	0.002
-2.724	0.002
-2.722	0.002
-2.7199999999999998	0.002
-2.718	0.002
-2.716	0.002
-2.714	0.002
-2.7119999999999997	0.002
-2.71	0.002
-2.708	0.002
-2.706	0.002
-2.7039999999999997	0.002
-2.702	0.002
-2.7	0.002
-2.698	0.002
-2.6959999999999997	0.002
-2.694	0.002
-2.692	0.002
-2.69	0.002
-2.6879999999999997	0.002
-2.686	0.002
-2.684	0.002
-2.682	0.002
-2.6799999999999997	0.002
-2.678	0.002
-2.676	0.002
-2.674	0.002
-2.6719999999999997	0.002
-2.67	0.002
-2.668	0.002
-2.666	0.002
-2.6639999999999997	0.002
-2.662	0.002
-2.66	0.002
-2.658	0.002
-2.6559999999999997	0.002
-2.654	0.002
-2.652	0.002
-2.65	0.002
-2.6479999999999997	0.002
-2.646	0.002
-2.644	0.002
-2.642	0.002
-2.6399999999999997	0.002
-2.638	0.002
-2.636	0.002
-2.634	0.002
-2.6319999999999997	0.002
-2.63	0.002
-2.628	0.002
-2.626	0.002
-2.6239999999999997	0.002
-2.622	0.002
-2.62	0.002
-2.618	0.002
-2.6159999999999997	0.002
-2.614	0.002
-2.612	0.002
-2.61	0.002
-2.6079999999999997	0.002
-2.606	0.002
-2.604	0.002
-2.602	0.002
-2.5999999999999996	0.002
-2.598	0.002
-2.596	0.002
-2.594	0.002
-2.592	0.002
-2.59	0.002
-2.588	0.002
-2.5860000000000003	0.002
-2.584	0.002
-2.582	0.002
-2.58	0.002
-2.5780000000000003	0.002
-2.576	0.002
-2.574	0.002
-2.572	0.002
-2.5700000000000003	0.002
-2.568	0.002
-2.566	0.002
-2.564	0.002
-2.5620000000000003	0.002
-2.56	0.002
-2.558	0.002
-2.556	0.002
-2.5540000000000003	0.002
-2.552	0.002
-2.55	0.002
-2.548	0.002
-2.5460000000000003	0.002
-2.544	0.002
-2.542	0.002
-2.54	0.002
-2.5380000000000003	0.002
-2.536	0.002
-2.534	0.002
-2.532	0.002
-2.5300000000000002	0.002
-2.528	0.002
-2.526	0.002
-2.524	0.002
-2.5220000000000002	0.002
-2.52	0.002
-2.518	0.002
-2.516	0.002
-2.5140000000000002	0.002
-2.512	0.002
-2.51	0.002
-2.508	0.002
-2.5060000000000002	0.002
-2.504	0.002
-2.502	0.002
-2.5	0.002
-2.498	0.002
-2.496	0.002
-2.4939999999999998	0.002
-2.492	0.002
-2.49	0.002
-2.488	0.002
-2.4859999999999998	0.002
-2.484	0.002
-2.482	0.002
-2.48	0.002
-2.4779999999999998	0.002
-2.476	0.002
-2.474	0.002
-2.472	0.002
-2.4699999999999998	0.002
-2.468	0.002
-2.466	0.002
-2.464	0.002
-2.4619999999999997	0.002
-2.46	0.002
-2.458	0.002
-2.456	0.002
-2.4539999999999997	0.002
-2.452	0.002
-2.45	0.002
-2.448	0.002
-2.4459999999999997	0.002
-2.444	0.002
-2.442	0.002
-2.44	0.002
-2.4379999999999997	0.002
-2.436	0.002
-2.434	0.002
-2.432	0.002
-2.4299999999999997	0.002
-2.428	0.002
-2.426	0.002
-2.424	0.002
-2.4219999999999997	0.002
-2.42	0.002
-2.418	0.002
-2.416	0.002
-2.4139999999999997	0.002
-2.412	0.002
-2.41	0.002
-2.408	0.002
-2.4059999999999997	0.002
-2.404	0.002
-2.402	0.002
-2.4	0.002
-2.3979999999999997	0.002
-2.396	0.002
-2.394	0.002
-2.392	0.002
-2.3899999999999997	0.002
-2.388	0.002
-2.386	0.002
-2.384	0.002
-2.3819999999999997	0.002
-2.38	0.002
-2.378	0.002
-2.376	0.002
-2.3739999999999997	0.002
-2.372	0.002
-2.37	0.002
-2.368	0.002
-2.3659999999999997	0.002
-2.364	0.002
-2.362	0.002
-2.36	0.002
-2.3579999999999997	0.002
-2.356	0.002
-2.354	0.002
-2.352	0.002
-2.3499999999999996	0.002
-2.348	0.002
-2.346	0.002
-2.344	0.002
-2.3419999999999996	0.002
-2.34	0.002
-2.338	0.002
-2.336	0.002
-2.334	0.002
-2.332	0.002
-2.33	0.002
-2.3280000000000003	0.002
-2.326	0.002
-2.324	0.002
-2.322	0.002
-2.3200000000000003	0.002
-2.318	0.002
-2.316	0.002
-2.314	0.002
-2.3120000000000003	0.002
-2.31	0.002
-2.308	0.002
-2.306	0.002
-2.3040000000000003	0.002
-2.302	0.002
-2.3	0.002
-2.298	0.002
-2.2960000000000003	0.002
-2.294	0.002
-2.292	0.002
-2.29	0.002
-2.2880000000000003	0.002
-2.286	0.002
-2.284	0.002
-2.282	0.002
-2.2800000000000002	0.002
-2.278	0.002
-2.276	0.002
-2.274	0.002
-2.2720000000000002	0.002
-2.27	0.002
-2.268	0.002
-2.266	0.002
-2.2640000000000002	0.002
-2.262	0.002
-2.26	0.002
-2.258	0.002
-2.2560000000000002	0.002
-2.254	0.002
-2.252	0.002
-2.25	0.002
-2.248	0.002
-2.246	0.002
-2.2439999999999998	0.002
-2.242	0.002
-2.24	0.002
-2.238	0.002
-2.2359999999999998	0.002
-2.234	0.002
-2.232	0.002
-2.23	0.002
-2.2279999999999998	0.002
-2.226	0.002
-2.224	0.002
-2.222	0.002
-2.2199999999999998	0.002
-2.218	0.002
-2.216	0.002
-2.214	0.002
-2.2119999999999997	0.002
-2.21	0.002
-2.208	0.002
-2.206	0.002
-2.2039999999999997	0.002
-2.202	0.002
-2.2	0.002
-2.198	0.002
-2.1959999999999997	0.002
-2.194	0.002
-2.192	0.002
-2.19	0.002
-2.1879999999999997	0.002
-2.186	0.002
-2.184	0.002
-2.182	0.002
-2.1799999999999997	0.002
-2.178	0.002
-2.176	0.002
-2.174	0.002
-2.1719999999999997	0.002
-2.17	0.002
-2.168	0.002
-2.166	0.002
-2.1639999999999997	0.002
-2.162	0.002
-2.16	0.002
-2.158	0.002
-2.1559999999999997	0.002
-2.154	0.002
-2.152	0.002
-2.15	0.002
-2.1479999999999997	0.002
-2.146	0.002
-2.144	0.002
-2.142	0.002
-2.1399999999999997	0.002
-2.138	0.002
-2.136	0.002
-2.134	0.002
-2.1319999999999997	0.002
-2.13	0.002
-2.128	0.002
-2.126	0.002
-2.1239999999999997	0.002
-2.122	0.002
-2.12	0.002
-2.118	0.002
-2.1159999999999997	0.002
-2.114	0.002
-2.112	0.002
-2.11	0.002
-2.1079999999999997	0.002
-2.106	0.002
-2.104	0.002
-2.102	0.002
-2.0999999999999996	0.002
-2.098	0.002
-2.096	0.002
-2.094	0.002
-2.0919999999999996	0.002
-2.09	0.002
-2.088	0.002
-2.086	0.002
-2.0839999999999996	0.002
-2.082	0.002
-2.08	0.002
-2.0780000000000003	0.002
-2.076	0.002
-2.074	0.002
-2.072	0.002
-2.0700000000000003	0.002
-2.068	0.002
-2.066	0.002
-2.064	0.002
-2.0620000000000003	0.002
-2.06	0.002
-2.058	0.002
-2.056	0.002
-2.0540000000000003	0.002
-2.052	0.002
-2.05	0.002
-2.048	0.002
-2.0460000000000003	0.002
-2.044	0.002
-2.042	0.002
-2.04	0.002
-2.0380000000000003	0.002
-2.036	0.002
-2.034	0.002
-2.032	0.002
-2.0300000000000002	0.002
-2.028	0.002
-2.026	0.002
-2.024	0.002
-2.0220000000000002	0.002
-2.02	0.002
-2.018	0.002
-2.016	0.002
-2.0140000000000002	0.002
-2.012	0.002
-2.01	0.002
-2.008	0.002
-2.0060000000000002	0.002
-2.004	0.002
-2.002	0.002
-2.	0.002
-1.9979999999999998	0.002
-1.996	0.002
-1.9939999999999998	0.002
-1.992	0.002
-1.9899999999999998	0.002
-1.988	0.002
-1.9859999999999998	0.002
-1.984	0.002
-1.9819999999999998	0.002
-1.98	0.002
-1.9779999999999998	0.002
-1.976	0.002
-1.9739999999999998	0.002
-1.972	0.002
-1.9699999999999998	0.002
-1.968	0.002
-1.9659999999999997	0.002
-1.964	0.002
-1.9619999999999997	0.002
-1.96	0.002
-1.9579999999999997	0.002
-1.956	0.002
-1.9539999999999997	0.002
-1.952	0.002
-1.9500000000000002	0.002
-1.948	0.002
-1.9460000000000002	0.002
-1.944	0.002
-1.9420000000000002	0.002
-1.94	0.002
-1.9380000000000002	0.002
-1.936	0.002
-1.9340000000000002	0.002
-1.932	0.002
-1.9300000000000002	0.002
-1.928	0.002
-1.9260000000000002	0.002
-1.924	0.002
-1.9220000000000002	0.002
-1.92	0.002
-1.9180000000000001	0.002
-1.916	0.002
-1.9140000000000001	0.002
-1.912	0.002
-1.9100000000000001	0.002
-1.908	0.002
-1.9060000000000001	0.002
-1.904	0.002
-1.9020000000000001	0.002
-1.9	0.002
-1.8980000000000001	0.002
-1.896	0.002
-1.8940000000000001	0.002
-1.892	0.002
-1.8900000000000001	0.002
-1.888	0.002
-1.8860000000000001	0.002
-1.884	0.002
-1.8820000000000001	0.002
-1.88	0.002
-1.8780000000000001	0.002
-1.876	0.002
-1.874	0.002
-1.8719999999999999	0.002
-1.87	0.002
-1.8679999999999999	0.002
-1.866	0.002
-1.8639999999999999	0.002
-1.862	0.002
-1.8599999999999999	0.002
-1.858	0.002
-1.8559999999999999	0.002
-1.854	0.002
-1.8519999999999999	0.002
-1.85	0.002
-1.8479999999999999	0.002
-1.846	0.002
-1.8439999999999999	0.002
-1.842	0.002
-1.8399999999999999	0.002
-1.838	0.002
-1.8359999999999999	0.002
-1.834	0.002
-1.8319999999999999	0.002
-1.83	0.002
-1.8279999999999998	0.002
-1.826	0.002
-1.8239999999999998	0.002
-1.822	0.002
-1.8199999999999998	0.002
-1.818	0.002
-1.8159999999999998	0.002
-1.814	0.002
-1.8119999999999998	0.002
-1.81	0.002
-1.8079999999999998	0.002
-1.806	0.002
-1.8039999999999998	0.002
-1.802	0.002
-1.7999999999999998	0.002
-1.798	0.002
-1.7959999999999998	0.002
-1.794	0.002
-1.7919999999999998	0.002
-1.79	0.002
-1.7879999999999998	0.002
-1.786	0.002
-1.7839999999999998	0.002
-1.782	0.002
-1.7799999999999998	0.002
-1.778	0.002
-1.7759999999999998	0.002
-1.774	0.002
-1.7719999999999998	0.002
-1.77	0.002
-1.7679999999999998	0.002
-1.766	0.002
-1.7639999999999998	0.002
-1.762	0.002
-1.7599999999999998	0.002
-1.758	0.002
-1.7559999999999998	0.002
-1.754	0.002
-1.7519999999999998	0.002
-1.75	0.002
-1.7479999999999998	0.002
-1.746	0.002
-1.7439999999999998	0.002
-1.742	0.002
-1.7399999999999998	0.002
-1.738	0.002
-1.7359999999999998	0.002
-1.734	0.002
-1.7319999999999998	0.002
-1.73	0.002
-1.7279999999999998	0.002
-1.726	0.002
-1.7239999999999998	0.002
-1.722	0.002
-1.7199999999999998	0.002
-1.718	0.002
-1.7159999999999997	0.002
-1.714	0.002
-1.7119999999999997	0.002
-1.71	0.002
-1.7079999999999997	0.002
-1.706	0.002
-1.7039999999999997	0.002
-1.702	0.002
-1.6999999999999997	0.002
-1.698	0.002
-1.6959999999999997	0.002
-1.694	0.002
-1.6920000000000002	0.002
-1.69	0.002
-1.6880000000000002	0.002
-1.686	0.002
-1.6840000000000002	0.002
-1.682	0.002
-1.6800000000000002	0.002
-1.678	0.002
-1.6760000000000002	0.002
-1.674	0.002
-1.6720000000000002	0.002
-1.67	0.002
-1.6680000000000001	0.002
-1.666	0.002
-1.6640000000000001	0.002
-1.662	0.002
-1.6600000000000001	0.002
-1.658	0.002
-1.6560000000000001	0.002
-1.654	0.002
-1.6520000000000001	0.002
-1.65	0.002
-1.6480000000000001	0.002
-1.646	0.002
-1.6440000000000001	0.002
-1.642	0.002
-1.6400000000000001	0.002
-1.638	0.002
-1.6360000000000001	0.002
-1.634	0.002
-1.6320000000000001	0.002
-1.63	0.002
-1.6280000000000001	0.002
-1.626	0.002
-1.624	0.002
-1.6219999999999999	0.002
-1.62	0.002
-1.6179999999999999	0.002
-1.616	0.002
-1.6139999999999999	0.002
-1.612	0.002
-1.6099999999999999	0.002
-1.608	0.002
-1.6059999999999999	0.002
-1.604	0.002
-1.6019999999999999	0.002
-1.6	0.002
-1.5979999999999999	0.002
-1.596	0.002
-1.5939999999999999	0.002
-1.592	0.002
-1.5899999999999999	0.002
-1.588	0.002
-1.5859999999999999	0.002
-1.584	0.002
-1.5819999999999999	0.002
-1.58	0.002
-1.5779999999999998	0.002
-1.576	0.002
-1.5739999999999998	0.002
-1.572	0.002
-1.5699999999999998	0.002
-1.568	0.002
-1.5659999999999998	0.002
-1.564	0.002
-1.5619999999999998	0.002
-1.56	0.002
-1.5579999999999998	0.002
-1.556	0.002
-1.5539999999999998	0.002
-1.552	0.002
-1.5499999999999998	0.002
-1.548	0.002
-1.5459999999999998	0.002
-1.544	0.002
-1.5419999999999998	0.002
-1.54	0.002
-1.5379999999999998	0.002
-1.536	0.002
-1.5339999999999998	0.002
-1.532	0.002
-1.5299999999999998	0.002
-1.528	0.002
-1.5259999999999998	0.002
-1.524	0.002
-1.5219999999999998	0.002
-1.52	0.002
-1.5179999999999998	0.002
-1.516	0.002
-1.5139999999999998	0.002
-1.512	0.002
-1.5099999999999998	0.002
-1.508	0.002
-1.5059999999999998	0.002
-1.504	0.002
-1.5019999999999998	0.002
-1.5	0.002
-1.4979999999999998	0.002
-1.496	0.002
-1.4939999999999998	0.002
-1.492	0.002
-1.4899999999999998	0.002
-1.488	0.002
-1.4859999999999998	0.002
-1.484	0.002
-1.4819999999999998	0.002
-1.48	0.002
-1.4779999999999998	0.002
-1.476	0.002
-1.4739999999999998	0.002
-1.472	0.002
-1.4699999999999998	0.002
-1.468	0.002
-1.4659999999999997	0.002
-1.464	0.002
-1.4619999999999997	0.002
-1.46	0.002
-1.4579999999999997	0.002
-1.456	0.002
-1.4539999999999997	0.002
-1.452	0.002
-1.4499999999999997	0.002
-1.448	0.002
-1.4459999999999997	0.002
-1.444	0.002
-1.4419999999999997	0.002
-1.44	0.002
-1.4380000000000002	0.002
-1.436	0.002
-1.4340000000000002	0.002
-1.432	0.002
-1.4300000000000002	0.002
-1.428	0.002
-1.4260000000000002	0.002
-1.424	0.002
-1.4220000000000002	0.002
-1.42	0.002
-1.4180000000000001	0.002
-1.416	0.002
-1.4140000000000001	0.002
-1.412	0.002
-1.4100000000000001	0.002
-1.408	0.002
-1.4060000000000001	0.002
-1.404	0.002
-1.4020000000000001	0.002
-1.4	0.002
-1.3980000000000001	0.002
-1.396	0.002
-1.3940000000000001	0.002
-1.392	0.002
-1.3900000000000001	0.002
-1.388	0.002
-1.3860000000000001	0.002
-1.384	0.002
-1.3820000000000001	0.002
-1.38	0.002
-1.3780000000000001	0.002
-1.376	0.002
-1.374	0.002
-1.3719999999999999	0.002
-1.37	0.002
-1.3679999999999999	0.002
-1.366	0.002
-1.3639999999999999	0.002
-1.362	0.002
-1.3599999999999999	0.002
-1.358	0.002
-1.3559999999999999	0.002
-1.354	0.002
-1.3519999999999999	0.002
-1.35	0.002
-1.3479999999999999	0.002
-1.346	0.002
-1.3439999999999999	0.002
-1.342	0.002
-1.3399999999999999	0.002
-1.338	0.002
-1.3359999999999999	0.002
-1.334	0.002
-1.3319999999999999	0.002
-1.33	0.002
-1.3279999999999998	0.002
-1.326	0.002
-1.3239999999999998	0.002
-1.322	0.002
-1.3199999999999998	0.002
-1.318	0.002
-1.3159999999999998	0.002
-1.314	0.002
-1.3119999999999998	0.002
-1.31	0.002
-1.3079999999999998	0.002
-1.306	0.002
-1.3039999999999998	0.002
-1.302	0.002
-1.2999999999999998	0.002
-1.298	0.002
-1.2959999999999998	0.002
-1.294	0.002
-1.2919999999999998	0.002
-1.29	0.002
-1.2879999999999998	0.002
-1.286	0.002
-1.2839999999999998	0.002
-1.282	0.002
-1.2799999999999998	0.002
-1.278	0.002
-1.2759999999999998	0.002
-1.274	0.002
-1.2719999999999998	0.002
-1.27	0.002
-1.2679999999999998	0.002
-1.266	0.002
-1.2639999999999998	0.002
-1.262	0.002
-1.2599999999999998	0.002
-1.258	0.002
-1.2559999999999998	0.002
-1.254	0.002
-1.2519999999999998	0.002
-1.25	0.002
-1.2479999999999998	0.002
-1.246	0.002
-1.2439999999999998	0.002
-1.242	0.002
-1.2399999999999998	0.002
-1.238	0.002
-1.2359999999999998	0.002
-1.234	0.002
-1.2319999999999998	0.002
-1.23	0.002
-1.2279999999999998	0.002
-1.226	0.002
-1.2239999999999998	0.002
-1.222	0.002
-1.2199999999999998	0.002
-1.218	0.002
-1.2159999999999997	0.002
-1.214	0.002
-1.2119999999999997	0.002
-1.21	0.002
-1.2079999999999997	0.002
-1.206	0.002
-1.2039999999999997	0.002
-1.202	0.002
-1.1999999999999997	0.002
-1.198	0.002
-1.1959999999999997	0.002
-1.194	0.002
-1.1919999999999997	0.002
-1.19	0.002
-1.1879999999999997	0.002
-1.186	0.002
-1.1840000000000002	0.002
-1.182	0.002
-1.1800000000000002	0.002
-1.178	0.002
-1.1760000000000002	0.002
-1.174	0.002
-1.1720000000000002	0.002
-1.17	0.002
-1.1680000000000001	0.002
-1.166	0.002
-1.1640000000000001	0.002
-1.162	0.002
-1.1600000000000001	0.002
-1.158	0.002
-1.1560000000000001	0.002
-1.154	0.002
-1.1520000000000001	0.002
-1.15	0.002
-1.1480000000000001	0.002
-1.146	0.002
-1.1440000000000001	0.002
-1.142	0.002
-1.1400000000000001	0.002
-1.138	0.002
-1.1360000000000001	0.002
-1.134	0.002
-1.1320000000000001	0.002
-1.13	0.002
-1.1280000000000001	0.002
-1.126	0.002
-1.124	0.002
-1.1219999999999999	0.002
-1.12	0.002
-1.1179999999999999	0.002
-1.116	0.002
-1.1139999999999999	0.002
-1.112	0.002
-1.1099999999999999	0.002
-1.108	0.002
-1.1059999999999999	0.002
-1.104	0.002
-1.1019999999999999	0.002
-1.1	0.002
-1.0979999999999999	0.002
-1.096	0.002
-1.0939999999999999	0.002
-1.092	0.002
-1.0899999999999999	0.002
-1.088	0.002
-1.0859999999999999	0.002
-1.084	0.002
-1.0819999999999999	0.002
-1.08	0.002
-1.0779999999999998	0.002
-1.076	0.002
-1.0739999999999998	0.002
-1.072	0.002
-1.0699999999999998	0.002
-1.068	0.002
-1.0659999999999998	0.002
-1.064	0.002
-1.0619999999999998	0.002
-1.06	0.002
-1.0579999999999998	0.002
-1.056	0.002
-1.0539999999999998	0.002
-1.052	0.002
-1.0499999999999998	0.002
-1.048	0.002
-1.0459999999999998	0.002
-1.044	0.002
-1.0419999999999998	0.002
-1.04	0.002
-1.0379999999999998	0.002
-1.036	0.002
-1.0339999999999998	0.002
-1.032	0.002
-1.0299999999999998	0.002
-1.028	0.002
-1.0259999999999998	0.002
-1.024	0.002
-1.0219999999999998	0.002
-1.02	0.002
-1.0179999999999998	0.002
-1.016	0.002
-1.0139999999999998	0.002
-1.012	0.002
-1.0099999999999998	0.002
-1.008	0.002
-1.0059999999999998	0.002
-1.004	0.002
-1.0019999999999998	0.002
-1.	0.002
-0.9979999999999998	0.002
-0.996	0.002
-0.9939999999999998	0.002
-0.992	0.002
-0.9899999999999998	0.002
-0.988	0.002
-0.9859999999999998	0.002
-0.984	0.002
-0.9819999999999998	0.002
-0.98	0.002
-0.9779999999999998	0.002
-0.976	0.002
-0.9739999999999998	0.002
-0.972	0.002
-0.9699999999999998	0.002
-0.968	0.002
-0.9659999999999997	0.002
-0.964	0.002
-0.9619999999999997	0.002
-0.96	0.002
-0.9579999999999997	0.002
-0.956	0.002
-0.9539999999999997	0.002
-0.952	0.002
-0.9499999999999997	0.002
-0.948	0.002
-0.9459999999999997	0.002
-0.944	0.002
-0.9419999999999997	0.002
-0.94	0.002
-0.9379999999999997	0.002
-0.9359999999999999	0.002
-0.9339999999999997	0.002
-0.9319999999999999	0.002
-0.9299999999999997	0.002
-0.9279999999999999	0.002
-0.9260000000000002	0.002
-0.9239999999999999	0.002
-0.9220000000000002	0.002
-0.9199999999999999	0.002
-0.9180000000000001	0.002
-0.9159999999999999	0.002
-0.9140000000000001	0.002
-0.9119999999999999	0.002
-0.9100000000000001	0.002
-0.9079999999999999	0.002
-0.9060000000000001	0.002
-0.9039999999999999	0.002
-0.9020000000000001	0.002
-0.8999999999999999	0.002
-0.8980000000000001	0.002
-0.8959999999999999	0.002
-0.8940000000000001	0.002
-0.8919999999999999	0.002
-0.8900000000000001	0.002
-0.8879999999999999	0.002
-0.8860000000000001	0.002
-0.8839999999999999	0.002
-0.8820000000000001	0.002
-0.8799999999999999	0.002
-0.8780000000000001	0.002
-0.8759999999999999	0.002
-0.8740000000000001	0.002
-0.8719999999999999	0.002
-0.8700000000000001	0.002
-0.8679999999999999	0.002
-0.8660000000000001	0.002
-0.8639999999999999	0.002
-0.8620000000000001	0.002
-0.8599999999999999	0.002
-0.8580000000000001	0.002
-0.8559999999999999	0.002
-0.8540000000000001	0.002
-0.8519999999999999	0.002
-0.8500000000000001	0.002
-0.8479999999999999	0.002
-0.8460000000000001	0.002
-0.8439999999999999	0.002
-0.8420000000000001	0.002
-0.8399999999999999	0.002
-0.8380000000000001	0.002
-0.8359999999999999	0.002
-0.8340000000000001	0.002
-0.8319999999999999	0.002
-0.8300000000000001	0.002
-0.8279999999999998	0.002
-0.8260000000000001	0.002
-0.8239999999999998	0.002
-0.8220000000000001	0.002
-0.8199999999999998	0.002
-0.8180000000000001	0.002
-0.8159999999999998	0.002
-0.8140000000000001	0.002
-0.8119999999999998	0.002
-0.81	0.002
-0.8079999999999998	0.002
-0.806	0.002
-0.8039999999999998	0.002
-0.802	0.002
-0.7999999999999998	0.002
-0.798	0.002
-0.7959999999999998	0.002
-0.794	0.002
-0.7919999999999998	0.002
-0.79	0.002
-0.7879999999999998	0.002
-0.786	0.002
-0.7839999999999998	0.002
-0.782	0.002
-0.7799999999999998	0.002
-0.778	0.002
-0.7759999999999998	0.002
-0.774	0.002
-0.7719999999999998	0.002
-0.77	0.002
-0.7679999999999998	0.002
-0.766	0.002
-0.7639999999999998	0.002
-0.762	0.002
-0.7599999999999998	0.002
-0.758	0.002
-0.7559999999999998	0.002
-0.754	0.002
-0.7519999999999998	0.002
-0.75	0.002
-0.7479999999999998	0.002
-0.746	0.002
-0.7439999999999998	0.002
-0.742	0.002
-0.7399999999999998	0.002
-0.738	0.002
-0.7359999999999998	0.002
-0.734	0.002
-0.7319999999999998	0.002
-0.73	0.002
-0.7279999999999998	0.002
-0.726	0.002
-0.7239999999999998	0.002
-0.722	0.002
-0.7199999999999998	0.002
-0.718	0.002
-0.7159999999999997	0.002
-0.714	0.002
-0.7119999999999997	0.002
-0.71	0.002
-0.7079999999999997	0.002
-0.706	0.002
-0.7039999999999997	0.002
-0.702	0.002
-0.6999999999999997	0.002
-0.698	0.002
-0.6959999999999997	0.002
-0.694	0.002
-0.6919999999999997	0.002
-0.69	0.002
-0.6879999999999997	0.002
-0.6859999999999999	0.002
-0.6839999999999997	0.002
-0.6819999999999999	0.002
-0.6799999999999997	0.002
-0.6779999999999999	0.002
-0.6759999999999997	0.002
-0.6739999999999999	0.002
-0.6719999999999997	0.002
-0.6699999999999999	0.002
-0.6680000000000001	0.002
-0.6659999999999999	0.002
-0.6640000000000001	0.002
-0.6619999999999999	0.002
-0.6600000000000001	0.002
-0.6579999999999999	0.002
-0.6560000000000001	0.002
-0.6539999999999999	0.002
-0.6520000000000001	0.002
-0.6499999999999999	0.002
-0.6480000000000001	0.002
-0.6459999999999999	0.002
-0.6440000000000001	0.002
-0.6419999999999999	0.002
-0.6400000000000001	0.002
-0.6379999999999999	0.002
-0.6360000000000001	0.002
-0.6339999999999999	0.002
-0.6320000000000001	0.002
-0.6299999999999999	0.002
-0.6280000000000001	0.002
-0.6259999999999999	0.002
-0.6240000000000001	0.002
-0.6219999999999999	0.002
-0.6200000000000001	0.002
-0.6179999999999999	0.002
-0.6160000000000001	0.002
-0.6139999999999999	0.002
-0.6120000000000001	0.002
-0.6099999999999999	0.002
-0.6080000000000001	0.002
-0.6059999999999999	0.002
-0.6040000000000001	0.002
-0.6019999999999999	0.002
-0.6000000000000001	0.002
-0.5979999999999999	0.002
-0.5960000000000001	0.002
-0.5939999999999999	0.002
-0.5920000000000001	0.002
-0.5899999999999999	0.002
-0.5880000000000001	0.002
-0.5859999999999999	0.002
-0.5840000000000001	0.002
-0.5819999999999999	0.002
-0.5800000000000001	0.002
-0.5779999999999998	0.002
-0.5760000000000001	0.002
-0.5739999999999998	0.002
-0.5720000000000001	0.002
-0.5699999999999998	0.002
-0.5680000000000001	0.002
-0.5659999999999998	0.002
-0.5640000000000001	0.002
-0.5619999999999998	0.002
-0.56	0.002
-0.5579999999999998	0.002
-0.556	0.002
-0.5539999999999998	0.002
-0.552	0.002
-0.5499999999999998	0.002
-0.548	0.002
-0.5459999999999998	0.002
-0.544	0.002
-0.5419999999999998	0.002
-0.54	0.002
-0.5379999999999998	0.002
-0.536	0.002
-0.5339999999999998	0.002
-0.532	0.002
-0.5299999999999998	0.002
-0.528	0.002
-0.5259999999999998	0.002
-0.524	0.002
-0.5219999999999998	0.002
-0.52	0.002
-0.5179999999999998	0.002
-0.516	0.002
-0.5139999999999998	0.002
-0.512	0.002
-0.5099999999999998	0.002
-0.508	0.002
-0.5059999999999998	0.002
-0.504	0.002
-0.5019999999999998	0.002
-0.5	0.002
-0.4979999999999998	0.002
-0.496	0.002
-0.4939999999999998	0.002
-0.492	0.002
-0.48999999999999977	0.002
-0.488	0.002
-0.48599999999999977	0.002
-0.484	0.002
-0.48199999999999976	0.002
-0.48	0.002
-0.47799999999999976	0.002
-0.476	0.002
-0.47399999999999975	0.002
-0.472	0.002
-0.46999999999999975	0.002
-0.46799999999999997	0.002
-0.46599999999999975	0.002
-0.46399999999999997	0.002
-0.46199999999999974	0.002
-0.45999999999999996	0.002
-0.45799999999999974	0.002
-0.45599999999999996	0.002
-0.45399999999999974	0.002
-0.45199999999999996	0.002
-0.44999999999999973	0.002
-0.44799999999999995	0.002
-0.44599999999999973	0.002
-0.44399999999999995	0.002
-0.4419999999999997	0.002
-0.43999999999999995	0.002
-0.4379999999999997	0.002
-0.43599999999999994	0.002
-0.4339999999999997	0.002
-0.43199999999999994	0.002
-0.4299999999999997	0.002
-0.42799999999999994	0.002
-0.4259999999999997	0.002
-0.42399999999999993	0.002
-0.4219999999999997	0.002
-0.41999999999999993	0.002
-0.4179999999999997	0.002
-0.4159999999999999	0.002
-0.41400000000000015	0.002
-0.4119999999999999	0.002
-0.41000000000000014	0.002
-0.4079999999999999	0.002
-0.40600000000000014	0.002
-0.4039999999999999	0.002
-0.40200000000000014	0.002
-0.3999999999999999	0.002
-0.39800000000000013	0.002
-0.3959999999999999	0.002
-0.39400000000000013	0.002
-0.3919999999999999	0.002
-0.3900000000000001	0.002
-0.3879999999999999	0.002
-0.3860000000000001	0.002
-0.3839999999999999	0.002
-0.3820000000000001	0.002
-0.3799999999999999	0.002
-0.3780000000000001	0.002
-0.3759999999999999	0.002
-0.3740000000000001	0.002
-0.3719999999999999	0.002
-0.3700000000000001	0.002
-0.3679999999999999	0.002
-0.3660000000000001	0.002
-0.3639999999999999	0.002
-0.3620000000000001	0.002
-0.3599999999999999	0.002
-0.3580000000000001	0.002
-0.35599999999999987	0.002
-0.3540000000000001	0.002
-0.35199999999999987	0.002
-0.3500000000000001	0.002
-0.34799999999999986	0.002
-0.3460000000000001	0.002
-0.34399999999999986	0.002
-0.3420000000000001	0.002
-0.33999999999999986	0.002
-0.3380000000000001	0.002
-0.33599999999999985	0.002
-0.3340000000000001	0.002
-0.33199999999999985	0.002
-0.33000000000000007	0.002
-0.32799999999999985	0.002
-0.32600000000000007	0.002
-0.32399999999999984	0.002
-0.32200000000000006	0.002
-0.31999999999999984	0.002
-0.31800000000000006	0.002
-0.31599999999999984	0.002
-0.31400000000000006	0.002
-0.31199999999999983	0.002
-0.31000000000000005	0.002
-0.30799999999999983	0.002
-0.30600000000000005	0.002
-0.3039999999999998	0.002
-0.30200000000000005	0.002
-0.2999999999999998	0.002
-0.29800000000000004	0.002
-0.2959999999999998	0.002
-0.29400000000000004	0.002
-0.2919999999999998	0.002
-0.29000000000000004	0.002
-0.2879999999999998	0.002
-0.28600000000000003	0.002
-0.2839999999999998	0.002
-0.28200000000000003	0.002
-0.2799999999999998	0.002
-0.278	0.002
-0.2759999999999998	0.002
-0.274	0.002
-0.2719999999999998	0.002
-0.27	0.002
-0.2679999999999998	0.002
-0.266	0.002
-0.2639999999999998	0.002
-0.262	0.002
-0.2599999999999998	0.002
-0.258	0.002
-0.2559999999999998	0.002
-0.254	0.002
-0.2519999999999998	0.002
-0.25	0.002
-0.24799999999999978	0.002
-0.246	0.002
-0.24399999999999977	0.002
-0.242	0.002
-0.23999999999999977	0.002
-0.238	0.002
-0.23599999999999977	0.002
-0.23399999999999999	0.002
-0.23199999999999976	0.002
-0.22999999999999998	0.002
-0.22799999999999976	0.002
-0.22599999999999998	0.002
-0.22399999999999975	0.002
-0.22199999999999998	0.002
-0.21999999999999975	0.002
-0.21799999999999997	0.002
-0.21599999999999975	0.002
-0.21399999999999997	0.002
-0.21199999999999974	0.002
-0.20999999999999996	0.002
-0.20799999999999974	0.002
-0.20599999999999996	0.002
-0.20399999999999974	0.002
-0.20199999999999996	0.002
-0.19999999999999973	0.002
-0.19799999999999995	0.002
-0.19599999999999973	0.002
-0.19399999999999995	0.002
-0.19199999999999973	0.002
-0.18999999999999995	0.002
-0.18799999999999972	0.002
-0.18599999999999994	0.002
-0.18399999999999972	0.002
-0.18199999999999994	0.002
-0.17999999999999972	0.002
-0.17799999999999994	0.002
-0.1759999999999997	0.002
-0.17399999999999993	0.002
-0.1719999999999997	0.002
-0.16999999999999993	0.002
-0.1679999999999997	0.002
-0.16599999999999993	0.002
-0.1639999999999997	0.002
-0.16199999999999992	0.002
-0.16000000000000014	0.002
-0.15799999999999992	0.002
-0.15600000000000014	0.002
-0.15399999999999991	0.002
-0.15200000000000014	0.002
-0.1499999999999999	0.002
-0.14800000000000013	0.002
-0.1459999999999999	0.002
-0.14400000000000013	0.002
-0.1419999999999999	0.002
-0.14000000000000012	0.002
-0.1379999999999999	0.002
-0.13600000000000012	0.002
-0.1339999999999999	0.002
-0.13200000000000012	0.002
-0.1299999999999999	0.002
-0.1280000000000001	0.002
-0.1259999999999999	0.002
-0.12400000000000011	0.002
-0.12199999999999989	0.002
-0.1200000000000001	0.002
-0.11799999999999988	0.002
-0.1160000000000001	0.002
-0.11399999999999988	0.002
-0.1120000000000001	0.002
-0.10999999999999988	0.002
-0.1080000000000001	0.002
-0.10599999999999987	0.002
-0.10400000000000009	0.002
-0.10199999999999987	0.002
-0.10000000000000009	0.002
-0.09799999999999986	0.002
-0.09600000000000009	0.002
-0.09399999999999986	0.002
-0.09200000000000008	0.002
-0.08999999999999986	0.002
-0.08800000000000008	0.002
-0.08599999999999985	0.002
-0.08400000000000007	0.002
-0.08199999999999985	0.002
-0.08000000000000007	0.002
-0.07799999999999985	0.002
-0.07600000000000007	0.002
-0.07399999999999984	0.002
-0.07200000000000006	0.002
-0.06999999999999984	0.002
-0.06800000000000006	0.002
-0.06599999999999984	0.002
-0.06400000000000006	0.002
-0.06199999999999983	0.002
-0.06000000000000005	0.002
-0.05799999999999983	0.002
-0.05600000000000005	0.002
-0.053999999999999826	0.002
-0.052000000000000046	0.002
-0.04999999999999982	0.002
-0.04800000000000004	0.002
-0.04599999999999982	0.002
-0.04400000000000004	0.002
-0.041999999999999815	0.002
-0.040000000000000036	0.002
-0.03799999999999981	0.002
-0.03600000000000003	0.002
-0.03399999999999981	0.002
-0.03200000000000003	0.002
-0.029999999999999805	0.002
-0.028000000000000025	0.002
-0.0259999999999998	0.002
-0.02400000000000002	0.002
-0.021999999999999797	0.002
-0.020000000000000018	0.002
-0.017999999999999794	0.002
-0.016000000000000014	0.002
-0.01399999999999979	0.002
-0.01200000000000001	0.002
-0.009999999999999787	0.002
-0.008000000000000007	0.002
-0.005999999999999783	0.002
-0.0040000000000000036	0.002
-0.0019999999999997797	0.002
0.	0.002
0.0019999999999997797	0.002
0.004000000000000448	0.002
0.006000000000000227	0.002
0.008000000000000007	0.002
0.009999999999999787	0.002
0.012000000000000455	0.002
0.014000000000000234	0.002
0.016000000000000014	0.002
0.017999999999999794	0.002
0.020000000000000462	0.002
0.02200000000000024	0.002
0.02400000000000002	0.002
0.0259999999999998	0.002
0.02800000000000047	0.002
0.03000000000000025	0.002
0.03200000000000003	0.002
0.03399999999999981	0.002
0.036000000000000476	0.002
0.038000000000000256	0.002
0.040000000000000036	0.002
0.041999999999999815	0.002
0.04400000000000048	0.002
0.04600000000000026	0.002
0.04800000000000004	0.002
0.04999999999999982	0.002
0.05200000000000049	0.002
0.05400000000000027	0.002
0.05600000000000005	0.002
0.05799999999999983	0.002
0.0600000000000005	0.002
0.06200000000000028	0.002
0.06400000000000006	0.002
0.06599999999999984	0.002
0.0680000000000005	0.002
0.07000000000000028	0.002
0.07200000000000006	0.002
0.07399999999999984	0.002
0.07600000000000051	0.002
0.07800000000000029	0.002
0.08000000000000007	0.002
0.08199999999999985	0.002
0.08400000000000052	0.002
0.0860000000000003	0.002
0.08800000000000008	0.002
0.08999999999999986	0.002
0.09200000000000053	0.002
0.0940000000000003	0.002
0.09600000000000009	0.002
0.09799999999999986	0.002
0.09999999999999964	0.002
0.10200000000000031	0.002
0.10400000000000009	0.002
0.10599999999999987	0.002
0.10799999999999965	0.002
0.11000000000000032	0.002
0.1120000000000001	0.002
0.11399999999999988	0.002
0.11599999999999966	0.002
0.11800000000000033	0.002
0.1200000000000001	0.002
0.12199999999999989	0.002
0.12399999999999967	0.002
0.12600000000000033	0.002
0.1280000000000001	0.002
0.1299999999999999	0.002
0.13199999999999967	0.002
0.13400000000000034	0.002
0.13600000000000012	0.002
0.1379999999999999	0.002
0.13999999999999968	0.002
0.14200000000000035	0.002
0.14400000000000013	0.002
0.1459999999999999	0.002
0.1479999999999997	0.002
0.15000000000000036	0.002
0.15200000000000014	0.002
0.15399999999999991	0.002
0.1559999999999997	0.002
0.15800000000000036	0.002
0.16000000000000014	0.002
0.16199999999999992	0.002
0.1639999999999997	0.002
0.16600000000000037	0.002
0.16800000000000015	0.002
0.16999999999999993	0.002
0.1719999999999997	0.002
0.17400000000000038	0.002
0.17600000000000016	0.002
0.17799999999999994	0.002
0.17999999999999972	0.002
0.18200000000000038	0.002
0.18400000000000016	0.002
0.18599999999999994	0.002
0.18799999999999972	0.002
0.1900000000000004	0.002
0.19200000000000017	0.002
0.19399999999999995	0.002
0.19599999999999973	0.002
0.1980000000000004	0.002
0.20000000000000018	0.002
0.20199999999999996	0.002
0.20399999999999974	0.002
0.2060000000000004	0.002
0.20800000000000018	0.002
0.20999999999999996	0.002
0.21199999999999974	0.002
0.2140000000000004	0.002
0.2160000000000002	0.002
0.21799999999999997	0.002
0.21999999999999975	0.002
0.22200000000000042	0.002
0.2240000000000002	0.002
0.22599999999999998	0.002
0.22799999999999976	0.002
0.23000000000000043	0.002
0.2320000000000002	0.002
0.23399999999999999	0.002
0.23599999999999977	0.002
0.23800000000000043	0.002
0.2400000000000002	0.002
0.242	0.002
0.24399999999999977	0.002
0.24600000000000044	0.002
0.24800000000000022	0.002
0.25	0.002
0.2519999999999998	0.002
0.25400000000000045	0.002
0.2560000000000002	0.002
0.258	0.002
0.2599999999999998	0.002
0.26200000000000045	0.002
0.26400000000000023	0.002
0.266	0.002
0.2679999999999998	0.002
0.27000000000000046	0.002
0.27200000000000024	0.002
0.274	0.002
0.2759999999999998	0.002
0.27800000000000047	0.002
0.28000000000000025	0.002
0.28200000000000003	0.002
0.2839999999999998	0.002
0.2860000000000005	0.002
0.28800000000000026	0.002
0.29000000000000004	0.002
0.2919999999999998	0.002
0.2940000000000005	0.002
0.29600000000000026	0.002
0.29800000000000004	0.002
0.2999999999999998	0.002
0.3020000000000005	0.002
0.30400000000000027	0.002
0.30600000000000005	0.002
0.30799999999999983	0.002
0.3100000000000005	0.002
0.3120000000000003	0.002
0.31400000000000006	0.002
0.31599999999999984	0.002
0.3180000000000005	0.002
0.3200000000000003	0.002
0.32200000000000006	0.002
0.32399999999999984	0.002
0.3260000000000005	0.002
0.3280000000000003	0.002
0.33000000000000007	0.002
0.33199999999999985	0.002
0.3340000000000005	0.002
0.3360000000000003	0.002
0.3380000000000001	0.002
0.33999999999999986	0.002
0.3420000000000005	0.002
0.3440000000000003	0.002
0.3460000000000001	0.002
0.34799999999999986	0.002
0.35000000000000053	0.002
0.3520000000000003	0.002
0.3540000000000001	0.002
0.35599999999999987	0.002
0.35799999999999965	0.002
0.3600000000000003	0.002
0.3620000000000001	0.002
0.3639999999999999	0.002
0.36599999999999966	0.002
0.3680000000000003	0.002
0.3700000000000001	0.002
0.3719999999999999	0.002
0.37399999999999967	0.002
0.37600000000000033	0.002
0.3780000000000001	0.002
0.3799999999999999	0.002
0.3819999999999997	0.002
0.38400000000000034	0.002
0.3860000000000001	0.002
0.3879999999999999	0.002
0.3899999999999997	0.002
0.39200000000000035	0.002
0.39400000000000013	0.002
0.3959999999999999	0.002
0.3979999999999997	0.002
0.40000000000000036	0.002
0.40200000000000014	0.002
0.4039999999999999	0.002
0.4059999999999997	0.002
0.40800000000000036	0.002
0.41000000000000014	0.002
0.4119999999999999	0.002
0.4139999999999997	0.002
0.41600000000000037	0.002
0.41800000000000015	0.002
0.41999999999999993	0.002
0.4219999999999997	0.002
0.4240000000000004	0.002
0.42600000000000016	0.002
0.42799999999999994	0.002
0.4299999999999997	0.002
0.4320000000000004	0.002
0.43400000000000016	0.002
0.43599999999999994	0.002
0.4379999999999997	0.002
0.4400000000000004	0.002
0.44200000000000017	0.002
0.44399999999999995	0.002
0.44599999999999973	0.002
0.4480000000000004	0.002
0.4500000000000002	0.002
0.45199999999999996	0.002
0.45399999999999974	0.002
0.4560000000000004	0.002
0.4580000000000002	0.002
0.45999999999999996	0.002
0.46199999999999974	0.002
0.4640000000000004	0.002
0.4660000000000002	0.002
0.46799999999999997	0.002
0.46999999999999975	0.002
0.4720000000000004	0.002
0.4740000000000002	0.002
0.476	0.002
0.47799999999999976	0.002
0.4800000000000004	0.002
0.4820000000000002	0.002
0.484	0.002
0.48599999999999977	0.002
0.48800000000000043	0.002
0.4900000000000002	0.002
0.492	0.002
0.4939999999999998	0.002
0.49600000000000044	0.002
0.4980000000000002	0.002
0.5	0.002
0.5019999999999998	0.002
0.5040000000000004	0.002
0.5060000000000002	0.002
0.508	0.002
0.5099999999999998	0.002
0.5120000000000005	0.002
0.5140000000000002	0.002
0.516	0.002
0.5179999999999998	0.002
0.5200000000000005	0.002
0.5220000000000002	0.002
0.524	0.002
0.5259999999999998	0.002
0.5280000000000005	0.002
0.5300000000000002	0.002
0.532	0.002
0.5339999999999998	0.002
0.5360000000000005	0.002
0.5380000000000003	0.002
0.54	0.002
0.5419999999999998	0.002
0.5440000000000005	0.002
0.5460000000000003	0.002
0.548	0.002
0.5499999999999998	0.002
0.5520000000000005	0.002
0.5540000000000003	0.002
0.556	0.002
0.5579999999999998	0.002
0.5600000000000005	0.002
0.5620000000000003	0.002
0.5640000000000001	0.002
0.5659999999999998	0.002
0.5680000000000005	0.002
0.5700000000000003	0.002
0.5720000000000001	0.002
0.5739999999999998	0.002
0.5760000000000005	0.002
0.5780000000000003	0.002
0.5800000000000001	0.002
0.5819999999999999	0.002
0.5840000000000005	0.002
0.5860000000000003	0.002
0.5880000000000001	0.002
0.5899999999999999	0.002
0.5920000000000005	0.002
0.5940000000000003	0.002
0.5960000000000001	0.002
0.5979999999999999	0.002
0.6000000000000005	0.002
0.6020000000000003	0.002
0.6040000000000001	0.002
0.6059999999999999	0.002
0.6080000000000005	0.002
0.6100000000000003	0.002
0.6120000000000001	0.002
0.6139999999999999	0.002
0.6159999999999997	0.002
0.6180000000000003	0.002
0.6200000000000001	0.002
0.6219999999999999	0.002
0.6239999999999997	0.002
0.6260000000000003	0.002
0.6280000000000001	0.002
0.6299999999999999	0.002
0.6319999999999997	0.002
0.6340000000000003	0.002
0.6360000000000001	0.002
0.6379999999999999	0.002
0.6399999999999997	0.002
0.6420000000000003	0.002
0.6440000000000001	0.002
0.6459999999999999	0.002
0.6479999999999997	0.002
0.6500000000000004	0.002
0.6520000000000001	0.002
0.6539999999999999	0.002
0.6559999999999997	0.002
0.6580000000000004	0.002
0.6600000000000001	0.002
0.6619999999999999	0.002
0.6639999999999997	0.002
0.6660000000000004	0.002
0.6680000000000001	0.002
0.6699999999999999	0.002
0.6719999999999997	0.002
0.6740000000000004	0.002
0.6760000000000002	0.002
0.6779999999999999	0.002
0.6799999999999997	0.002
0.6820000000000004	0.002
0.6840000000000002	0.002
0.6859999999999999	0.002
0.6879999999999997	0.002
0.6900000000000004	0.002
0.6920000000000002	0.002
0.694	0.002
0.6959999999999997	0.002
0.6980000000000004	0.002
0.7000000000000002	0.002
0.702	0.002
0.7039999999999997	0.002
0.7060000000000004	0.002
0.7080000000000002	0.002
0.71	0.002
0.7119999999999997	0.002
0.7140000000000004	0.002
0.7160000000000002	0.002
0.718	0.002
0.7199999999999998	0.002
0.7220000000000004	0.002
0.7240000000000002	0.002
0.726	0.002
0.7279999999999998	0.002
0.7300000000000004	0.002
0.7320000000000002	0.002
0.734	0.002
0.7359999999999998	0.002
0.7380000000000004	0.002
0.7400000000000002	0.002
0.742	0.002
0.7439999999999998	0.002
0.7460000000000004	0.002
0.7480000000000002	0.002
0.75	0.002
0.7519999999999998	0.002
0.7540000000000004	0.002
0.7560000000000002	0.002
0.758	0.002
0.7599999999999998	0.002
0.7620000000000005	0.002
0.7640000000000002	0.002
0.766	0.002
0.7679999999999998	0.002
0.7700000000000005	0.002
0.7720000000000002	0.002
0.774	0.002
0.7759999999999998	0.002
0.7780000000000005	0.002
0.7800000000000002	0.002
0.782	0.002
0.7839999999999998	0.002
0.7860000000000005	0.002
0.7880000000000003	0.002
0.79	0.002
0.7919999999999998	0.002
0.7940000000000005	0.002
0.7960000000000003	0.002
0.798	0.002
0.7999999999999998	0.002
0.8020000000000005	0.002
0.8040000000000003	0.002
0.806	0.002
0.8079999999999998	0.002
0.8100000000000005	0.002
0.8120000000000003	0.002
0.8140000000000001	0.002
0.8159999999999998	0.002
0.8180000000000005	0.002
0.8200000000000003	0.002
0.8220000000000001	0.002
0.8239999999999998	0.002
0.8260000000000005	0.002
0.8280000000000003	0.002
0.8300000000000001	0.002
0.8319999999999999	0.002
0.8340000000000005	0.002
0.8360000000000003	0.002
0.8380000000000001	0.002
0.8399999999999999	0.002
0.8420000000000005	0.002
0.8440000000000003	0.002
0.8460000000000001	0.002
0.8479999999999999	0.002
0.8500000000000005	0.002
0.8520000000000003	0.002
0.8540000000000001	0.002
0.8559999999999999	0.002
0.8580000000000005	0.002
0.8600000000000003	0.002
0.8620000000000001	0.002
0.8639999999999999	0.002
0.8659999999999997	0.002
0.8680000000000003	0.002
0.8700000000000001	0.002
0.8719999999999999	0.002
0.8739999999999997	0.002
0.8760000000000003	0.002
0.8780000000000001	0.002
0.8799999999999999	0.002
0.8819999999999997	0.002
0.8840000000000003	0.002
0.8860000000000001	0.002
0.8879999999999999	0.002
0.8899999999999997	0.002
0.8920000000000003	0.002
0.8940000000000001	0.002
0.8959999999999999	0.002
0.8979999999999997	0.002
0.9000000000000004	0.002
0.9020000000000001	0.002
0.9039999999999999	0.002
0.9059999999999997	0.002
0.9080000000000004	0.002
0.9100000000000001	0.002
0.9119999999999999	0.002
0.9139999999999997	0.002
0.9160000000000004	0.002
0.9180000000000001	0.002
0.9199999999999999	0.002
0.9219999999999997	0.002
0.9240000000000004	0.002
0.9260000000000002	0.002
0.9279999999999999	0.002
0.9299999999999997	0.002
0.9320000000000004	0.002
0.9340000000000002	0.002
0.9359999999999999	0.002
0.9379999999999997	0.002
0.9400000000000004	0.002
0.9420000000000002	0.002
0.944	0.002
0.9459999999999997	0.002
0.9480000000000004	0.002
0.9500000000000002	0.002
0.952	0.002
0.9539999999999997	0.002
0.9560000000000004	0.002
0.9580000000000002	0.002
0.96	0.002
0.9619999999999997	0.002
0.9640000000000004	0.002
0.9660000000000002	0.002
0.968	0.002
0.9699999999999998	0.002
0.9720000000000004	0.002
0.9740000000000002	0.002
0.976	0.002
0.9779999999999998	0.002
0.9800000000000004	0.002
0.9820000000000002	0.002
0.984	0.002
0.9859999999999998	0.002
0.9880000000000004	0.002
0.9900000000000002	0.002
0.992	0.002
0.9939999999999998	0.002
0.9960000000000004	0.002
0.9980000000000002	0.002
1.	0.002
1.0019999999999998	0.002
1.0040000000000004	0.002
1.0060000000000002	0.002
1.008	0.002
1.0099999999999998	0.002
1.0120000000000005	0.002
1.0140000000000002	0.002
1.016	0.002
1.0179999999999998	0.002
1.0200000000000005	0.002
1.0220000000000002	0.002
1.024	0.002
1.0259999999999998	0.002
1.0280000000000005	0.002
1.0300000000000002	0.002
1.032	0.002
1.0339999999999998	0.002
1.0360000000000005	0.002
1.0380000000000003	0.002
1.04	0.002
1.0419999999999998	0.002
1.0440000000000005	0.002
1.0460000000000003	0.002
1.048	0.002
1.0499999999999998	0.002
1.0520000000000005	0.002
1.0540000000000003	0.002
1.056	0.002
1.0579999999999998	0.002
1.0600000000000005	0.002
1.0620000000000003	0.002
1.064	0.002
1.0659999999999998	0.002
1.0680000000000005	0.002
1.0700000000000003	0.002
1.072	0.002
1.0739999999999998	0.002
1.0760000000000005	0.002
1.0780000000000003	0.002
1.08	0.002
1.0819999999999999	0.002
1.0840000000000005	0.002
1.0860000000000003	0.002
1.088	0.002
1.0899999999999999	0.002
1.0920000000000005	0.002
1.0940000000000003	0.002
1.096	0.002
1.0979999999999999	0.002
1.1000000000000005	0.002
1.1020000000000003	0.002
1.104	0.002
1.1059999999999999	0.002
1.1080000000000005	0.002
1.1100000000000003	0.002
1.112	0.002
1.1139999999999999	0.002
1.1160000000000005	0.002
1.1180000000000003	0.002
1.12	0.002
1.1219999999999999	0.002
1.1239999999999997	0.002
1.1260000000000003	0.002
1.1280000000000001	0.002
1.13	0.002
1.1319999999999997	0.002
1.1340000000000003	0.002
1.1360000000000001	0.002
1.138	0.002
1.1399999999999997	0.002
1.1420000000000003	0.002
1.1440000000000001	0.002
1.146	0.002
1.1479999999999997	0.002
1.1500000000000004	0.002
1.1520000000000001	0.002
1.154	0.002
1.1559999999999997	0.002
1.1580000000000004	0.002
1.1600000000000001	0.002
1.162	0.002
1.1639999999999997	0.002
1.1660000000000004	0.002
1.1680000000000001	0.002
1.17	0.002
1.1719999999999997	0.002
1.1740000000000004	0.002
1.1760000000000002	0.002
1.178	0.002
1.1799999999999997	0.002
1.1820000000000004	0.002
1.1840000000000002	0.002
1.186	0.002
1.1879999999999997	0.002
1.1900000000000004	0.002
1.1920000000000002	0.002
1.194	0.002
1.1959999999999997	0.002
1.1980000000000004	0.002
1.2000000000000002	0.002
1.202	0.002
1.2039999999999997	0.002
1.2060000000000004	0.002
1.2080000000000002	0.002
1.21	0.002
1.2119999999999997	0.002
1.2140000000000004	0.002
1.2160000000000002	0.002
1.218	0.002
1.2199999999999998	0.002
1.2220000000000004	0.002
1.2240000000000002	0.002
1.226	0.002
1.2279999999999998	0.002
1.2300000000000004	0.002
1.2320000000000002	0.002
1.234	0.002
1.2359999999999998	0.002
1.2380000000000004	0.002
1.2400000000000002	0.002
1.242	0.002
1.2439999999999998	0.002
1.2460000000000004	0.002
1.2480000000000002	0.002
1.25	0.002
1.2519999999999998	0.002
1.2540000000000004	0.002
1.2560000000000002	0.002
1.258	0.002
1.2599999999999998	0.002
1.2620000000000005	0.002
1.2640000000000002	0.002
1.266	0.002
1.2679999999999998	0.002
1.2700000000000005	0.002
1.2720000000000002	0.002
1.274	0.002
1.2759999999999998	0.002
1.2780000000000005	0.002
1.2800000000000002	0.002
1.282	0.002
1.2839999999999998	0.002
1.2860000000000005	0.002
1.2880000000000003	0.002
1.29	0.002
1.2919999999999998	0.002
1.2940000000000005	0.002
1.2960000000000003	0.002
1.298	0.002
1.2999999999999998	0.002
1.3020000000000005	0.002
1.3040000000000003	0.002
1.306	0.002
1.3079999999999998	0.002
1.3100000000000005	0.002
1.3120000000000003	0.002
1.314	0.002
1.3159999999999998	0.002
1.3180000000000005	0.002
1.3200000000000003	0.002
1.322	0.002
1.3239999999999998	0.002
1.3260000000000005	0.002
1.3280000000000003	0.002
1.33	0.002
1.3319999999999999	0.002
1.3340000000000005	0.002
1.3360000000000003	0.002
1.338	0.002
1.3399999999999999	0.002
1.3420000000000005	0.002
1.3440000000000003	0.002
1.346	0.002
1.3479999999999999	0.002
1.3500000000000005	0.002
1.3520000000000003	0.002
1.354	0.002
1.3559999999999999	0.002
1.3580000000000005	0.002
1.3600000000000003	0.002
1.362	0.002
1.3639999999999999	0.002
1.3660000000000005	0.002
1.3680000000000003	0.002
1.37	0.002
1.3719999999999999	0.002
1.3740000000000006	0.002
1.3760000000000003	0.002
1.3780000000000001	0.002
1.38	0.002
1.3819999999999997	0.002
1.3840000000000003	0.002
1.3860000000000001	0.002
1.388	0.002
1.3899999999999997	0.002
1.3920000000000003	0.002
1.3940000000000001	0.002
1.396	0.002
1.3979999999999997	0.002
1.4000000000000004	0.002
1.4020000000000001	0.002
1.404	0.002
1.4059999999999997	0.002
1.4080000000000004	0.002
1.4100000000000001	0.002
1.412	0.002
1.4139999999999997	0.002
1.4160000000000004	0.002
1.4180000000000001	0.002
1.42	0.002
1.4219999999999997	0.002
1.4240000000000004	0.002
1.4260000000000002	0.002
1.428	0.002
1.4299999999999997	0.002
1.4320000000000004	0.002
1.4340000000000002	0.002
1.436	0.002
1.4379999999999997	0.002
1.4400000000000004	0.002
1.4420000000000002	0.002
1.444	0.002
1.4459999999999997	0.002
1.4480000000000004	0.002
1.4500000000000002	0.002
1.452	0.002
1.4539999999999997	0.002
1.4560000000000004	0.002
1.4580000000000002	0.002
1.46	0.002
1.4619999999999997	0.002
1.4640000000000004	0.002
1.4660000000000002	0.002
1.468	0.002
1.4699999999999998	0.002
1.4720000000000004	0.002
1.4740000000000002	0.002
1.476	0.002
1.4779999999999998	0.002
1.4800000000000004	0.002
1.4820000000000002	0.002
1.484	0.002
1.4859999999999998	0.002
1.4880000000000004	0.002
1.4900000000000002	0.002
1.492	0.002
1.4939999999999998	0.002
1.4960000000000004	0.002
1.4980000000000002	0.002
1.5	0.002
1.5019999999999998	0.002
1.5040000000000004	0.002
1.5060000000000002	0.002
1.508	0.002
1.5099999999999998	0.002
1.5120000000000005	0.002
1.5140000000000002	0.002
1.516	0.002
1.5179999999999998	0.002
1.5200000000000005	0.002
1.5220000000000002	0.002
1.524	0.002
1.5259999999999998	0.002
1.5280000000000005	0.002
1.5300000000000002	0.002
1.532	0.002
1.5339999999999998	0.002
1.5360000000000005	0.002
1.5380000000000003	0.002
1.54	0.002
1.5419999999999998	0.002
1.5440000000000005	0.002
1.5460000000000003	0.002
1.548	0.002
1.5499999999999998	0.002
1.5520000000000005	0.002
1.5540000000000003	0.002
1.556	0.002
1.5579999999999998	0.002
1.5600000000000005	0.002
1.5620000000000003	0.002
1.564	0.002
1.5659999999999998	0.002
1.5680000000000005	0.002
1.5700000000000003	0.002
1.572	0.002
1.5739999999999998	0.002
1.5760000000000005	0.002
1.5780000000000003	0.002
1.58	0.002
1.5819999999999999	0.002
1.5840000000000005	0.002
1.5860000000000003	0.002
1.588	0.002
1.5899999999999999	0.002
1.5920000000000005	0.002
1.5940000000000003	0.002
1.596	0.002
1.5979999999999999	0.002
1.6000000000000005	0.002
1.6020000000000003	0.002
1.604	0.002
1.6059999999999999	0.002
1.6080000000000005	0.002
1.6100000000000003	0.002
1.612	0.002
1.6139999999999999	0.002
1.6160000000000005	0.002
1.6180000000000003	0.002
1.62	0.002
1.6219999999999999	0.002
1.6240000000000006	0.002
1.6260000000000003	0.002
1.6280000000000001	0.002
1.63	0.002
1.6319999999999997	0.002
1.6340000000000003	0.002
1.6360000000000001	0.002
1.638	0.002
1.6399999999999997	0.002
1.6420000000000003	0.002
1.6440000000000001	0.002
1.646	0.002
1.6479999999999997	0.002
1.6500000000000004	0.002
1.6520000000000001	0.002
1.654	0.002
1.6559999999999997	0.002
1.6580000000000004	0.002
1.6600000000000001	0.002
1.662	0.002
1.6639999999999997	0.002
1.6660000000000004	0.002
1.6680000000000001	0.002
1.67	0.002
1.6719999999999997	0.002
1.6740000000000004	0.002
1.6760000000000002	0.002
1.678	0.002
1.6799999999999997	0.002
1.6820000000000004	0.002
1.6840000000000002	0.002
1.686	0.002
1.6879999999999997	0.002
1.6900000000000004	0.002
1.6920000000000002	0.002
1.694	0.002
1.6959999999999997	0.002
1.6980000000000004	0.002
1.7000000000000002	0.002
1.702	0.002
1.7039999999999997	0.002
1.7060000000000004	0.002
1.7080000000000002	0.002
1.71	0.002
1.7119999999999997	0.002
1.7140000000000004	0.002
1.7160000000000002	0.002
1.718	0.002
1.7199999999999998	0.002
1.7220000000000004	0.002
1.7240000000000002	0.002
1.726	0.002
1.7279999999999998	0.002
1.7300000000000004	0.002
1.7320000000000002	0.002
1.734	0.002
1.7359999999999998	0.002
1.7380000000000004	0.002
1.7400000000000002	0.002
1.742	0.002
1.7439999999999998	0.002
1.7460000000000004	0.002
1.7480000000000002	0.002
1.75	0.002
1.7519999999999998	0.002
1.7540000000000004	0.002
1.7560000000000002	0.002
1.758	0.002
1.7599999999999998	0.002
1.7620000000000005	0.002
1.7640000000000002	0.002
1.766	0.002
1.7679999999999998	0.002
1.7700000000000005	0.002
1.7720000000000002	0.002
1.774	0.002
1.7759999999999998	0.002
1.7780000000000005	0.002
1.7800000000000002	0.002
1.782	0.002
1.7839999999999998	0.002
1.7860000000000005	0.002
1.7880000000000003	0.002
1.79	0.002
1.7919999999999998	0.002
1.7940000000000005	0.002
1.7960000000000003	0.002
1.798	0.002
1.7999999999999998	0.002
1.8020000000000005	0.002
1.8040000000000003	0.002
1.806	0.002
1.8079999999999998	0.002
1.8100000000000005	0.002
1.8120000000000003	0.002
1.814	0.002
1.8159999999999998	0.002
1.8180000000000005	0.002
1.8200000000000003	0.002
1.822	0.002
1.8239999999999998	0.002
1.8260000000000005	0.002
1.8280000000000003	0.002
1.83	0.002
1.8319999999999999	0.002
1.8340000000000005	0.002
1.8360000000000003	0.002
1.838	0.002
1.8399999999999999	0.002
1.8420000000000005	0.002
1.8440000000000003	0.002
1.846	0.002
1.8479999999999999	0.002
1.8500000000000005	0.002
1.8520000000000003	0.002
1.854	0.002
1.8559999999999999	0.002
1.8580000000000005	0.002
1.8600000000000003	0.002
1.862	0.002
1.8639999999999999	0.002
1.8660000000000005	0.002
1.8680000000000003	0.002
1.87	0.002
1.8719999999999999	0.002
1.8740000000000006	0.002
1.8760000000000003	0.002
1.8780000000000001	0.002
1.88	0.002
1.8820000000000006	0.002
1.8840000000000003	0.002
1.8860000000000001	0.002
1.888	0.002
1.8899999999999997	0.002
1.8920000000000003	0.002
1.8940000000000001	0.002
1.896	0.002
1.8979999999999997	0.002
1.9000000000000004	0.002
1.9020000000000001	0.002
1.904	0.002
1.9059999999999997	0.002
1.9080000000000004	0.002
1.9100000000000001	0.002
1.912	0.002
1.9139999999999997	0.002
1.9160000000000004	0.002
1.9180000000000001	0.002
1.92	0.002
1.9219999999999997	0.002
1.9240000000000004	0.002
1.9260000000000002	0.002
1.928	0.002
1.9299999999999997	0.002
1.9320000000000004	0.002
1.9340000000000002	0.002
1.936	0.002
1.9379999999999997	0.002
1.9400000000000004	0.002
1.9420000000000002	0.002
1.944	0.002
1.9459999999999997	0.002
1.9480000000000004	0.002
1.9500000000000002	0.002
1.952	0.002
1.9539999999999997	0.002
1.9560000000000004	0.002
1.9580000000000002	0.002
1.96	0.002
1.9619999999999997	0.002
1.9640000000000004	0.002
1.9660000000000002	0.002
1.968	0.002
1.9699999999999998	0.002
1.9720000000000004	0.002
1.9740000000000002	0.002
1.976	0.002
1.9779999999999998	0.002
1.9800000000000004	0.002
1.9820000000000002	0.002
1.984	0.002
1.9859999999999998	0.002
1.9880000000000004	0.002
1.9900000000000002	0.002
1.992	0.002
1.9939999999999998	0.002
1.9960000000000004	0.002
1.9980000000000002	0.002
2.	0.002
2.002	0.002
2.0040000000000004	0.002
2.0060000000000002	0.002
2.008	0.002
2.01	0.002
2.0120000000000005	0.002
2.0140000000000002	0.002
2.016	0.002
2.018	0.002
2.0200000000000005	0.002
2.0220000000000002	0.002
2.024	0.002
2.026	0.002
2.0280000000000005	0.002
2.0300000000000002	0.002
2.032	0.002
2.034	0.002
2.0360000000000005	0.002
2.0380000000000003	0.002
2.04	0.002
2.042	0.002
2.0440000000000005	0.002
2.0460000000000003	0.002
2.048	0.002
2.05	0.002
2.0520000000000005	0.002
2.0540000000000003	0.002
2.056	0.002
2.058	0.002
2.0600000000000005	0.002
2.0620000000000003	0.002
2.064	0.002
2.066	0.002
2.0680000000000005	0.002
2.0700000000000003	0.002
2.072	0.002
2.074	0.002
2.0760000000000005	0.002
2.0780000000000003	0.002
2.08	0.002
2.082	0.002
2.0840000000000005	0.002
2.0860000000000003	0.002
2.088	0.002
2.09	0.002
2.0920000000000005	0.002
2.0940000000000003	0.002
2.096	0.002
2.098	0.002
2.1000000000000005	0.002
2.1020000000000003	0.002
2.104	0.002
2.106	0.002
2.1080000000000005	0.002
2.1100000000000003	0.002
2.112	0.002
2.114	0.002
2.1160000000000005	0.002
2.1180000000000003	0.002
2.12	0.002
2.122	0.002
2.1240000000000006	0.002
2.1260000000000003	0.002
2.128	0.002
2.13	0.002
2.1320000000000006	0.002
2.1340000000000003	0.002
2.136	0.002
2.138	0.002
2.1400000000000006	0.002
2.1420000000000003	0.002
2.144	0.002
2.146	0.002
2.1479999999999997	0.002
2.1500000000000004	0.002
2.152	0.002
2.154	0.002
2.1559999999999997	0.002
2.1580000000000004	0.002
2.16	0.002
2.162	0.002
2.1639999999999997	0.002
2.1660000000000004	0.002
2.168	0.002
2.17	0.002
2.1719999999999997	0.002
2.1740000000000004	0.002
2.176	0.002
2.178	0.002
2.1799999999999997	0.002
2.1820000000000004	0.002
2.184	0.002
2.186	0.002
2.1879999999999997	0.002
2.1900000000000004	0.002
2.192	0.002
2.194	0.002
2.1959999999999997	0.002
2.1980000000000004	0.002
2.2	0.002
2.202	0.002
2.2039999999999997	0.002
2.2060000000000004	0.002
2.208	0.002
2.21	0.002
2.2119999999999997	0.002
2.2140000000000004	0.002
2.216	0.002
2.218	0.002
2.2199999999999998	0.002
2.2220000000000004	0.002
2.224	0.002
2.226	0.002
2.2279999999999998	0.002
2.2300000000000004	0.002
2.232	0.002
2.234	0.002
2.2359999999999998	0.002
2.2380000000000004	0.002
2.24	0.002
2.242	0.002
2.2439999999999998	0.002
2.2460000000000004	0.002
2.248	0.002
2.25	0.002
2.252	0.002
2.2540000000000004	0.002
2.2560000000000002	0.002
2.258	0.002
2.26	0.002
2.2620000000000005	0.002
2.2640000000000002	0.002
2.266	0.002
2.268	0.002
2.2700000000000005	0.002
2.2720000000000002	0.002
2.274	0.002
2.276	0.002
2.2780000000000005	0.002
2.2800000000000002	0.002
2.282	0.002
2.284	0.002
2.2860000000000005	0.002
2.2880000000000003	0.002
2.29	0.002
2.292	0.002
2.2940000000000005	0.002
2.2960000000000003	0.002
2.298	0.002
2.3	0.002
2.3020000000000005	0.002
2.3040000000000003	0.002
2.306	0.002
2.308	0.002
2.3100000000000005	0.002
2.3120000000000003	0.002
2.314	0.002
2.316	0.002
2.3180000000000005	0.002
2.3200000000000003	0.002
2.322	0.002
2.324	0.002
2.3260000000000005	0.002
2.3280000000000003	0.002
2.33	0.002
2.332	0.002
2.3340000000000005	0.002
2.3360000000000003	0.002
2.338	0.002
2.34	0.002
2.3420000000000005	0.002
2.3440000000000003	0.002
2.346	0.002
2.348	0.002
2.3500000000000005	0.002
2.3520000000000003	0.002
2.354	0.002
2.356	0.002
2.3580000000000005	0.002
2.3600000000000003	0.002
2.362	0.002
2.364	0.002
2.3660000000000005	0.002
2.3680000000000003	0.002
2.37	0.002
2.372	0.002
2.3740000000000006	0.002
2.3760000000000003	0.002
2.378	0.002
2.38	0.002
2.3820000000000006	0.002
2.3840000000000003	0.002
2.386	0.002
2.388	0.002
2.3900000000000006	0.002
2.3920000000000003	0.002
2.394	0.002
2.396	0.002
2.3980000000000006	0.002
2.4000000000000004	0.002
2.402	0.002
2.404	0.002
2.4059999999999997	0.002
2.4080000000000004	0.002
2.41	0.002
2.412	0.002
2.4139999999999997	0.002
2.4160000000000004	0.002
2.418	0.002
2.42	0.002
2.4219999999999997	0.002
2.4240000000000004	0.002
2.426	0.002
2.428	0.002
2.4299999999999997	0.002
2.4320000000000004	0.002
2.434	0.002
2.436	0.002
2.4379999999999997	0.002
2.4400000000000004	0.002
2.442	0.002
2.444	0.002
2.4459999999999997	0.002
2.4480000000000004	0.002
2.45	0.002
2.452	0.002
2.4539999999999997	0.002
2.4560000000000004	0.002
2.458	0.002
2.46	0.002
2.4619999999999997	0.002
2.4640000000000004	0.002
2.466	0.002
2.468	0.002
2.4699999999999998	0.002
2.4720000000000004	0.002
2.474	0.002
2.476	0.002
2.4779999999999998	0.002
2.4800000000000004	0.002
2.482	0.002
2.484	0.002
2.4859999999999998	0.002
2.4880000000000004	0.002
2.49	0.002
2.492	0.002
2.4939999999999998	0.002
2.4960000000000004	0.002
2.498	0.002
2.5	0.002
2.502	0.002
2.5040000000000004	0.002
2.5060000000000002	0.002
2.508	0.002
2.51	0.002
2.5120000000000005	0.002
2.5140000000000002	0.002
2.516	0.002
2.518	0.002
2.5200000000000005	0.002
2.5220000000000002	0.002
2.524	0.002
2.526	0.002
2.5280000000000005	0.002
2.5300000000000002	0.002
2.532	0.002
2.534	0.002
2.5360000000000005	0.002
2.5380000000000003	0.002
2.54	0.002
2.542	0.002
2.5440000000000005	0.002
2.5460000000000003	0.002
2.548	0.002
2.55	0.002
2.5520000000000005	0.002
2.5540000000000003	0.002
2.556	0.002
2.558	0.002
2.5600000000000005	0.002
2.5620000000000003	0.002
2.564	0.002
2.566	0.002
2.5680000000000005	0.002
2.5700000000000003	0.002
2.572	0.002
2.574	0.002
2.5760000000000005	0.002
2.5780000000000003	0.002
2.58	0.002
2.582	0.002
2.5840000000000005	0.002
2.5860000000000003	0.002
2.588	0.002
2.59	0.002
2.5920000000000005	0.002
2.5940000000000003	0.002
2.596	0.002
2.598	0.002
2.6000000000000005	0.002
2.6020000000000003	0.002
2.604	0.002
2.606	0.002
2.6080000000000005	0.002
2.6100000000000003	0.002
2.612	0.002
2.614	0.002
2.6160000000000005	0.002
2.6180000000000003	0.002
2.62	0.002
2.622	0.002
2.6240000000000006	0.002
2.6260000000000003	0.002
2.628	0.002
2.63	0.002
2.6320000000000006	0.002
2.6340000000000003	0.002
2.636	0.002
2.638	0.002
2.6400000000000006	0.002
2.6420000000000003	0.002
2.644	0.002
2.646	0.002
2.6480000000000006	0.002
2.6500000000000004	0.002
2.652	0.002
2.654	0.002
2.6560000000000006	0.002
2.6580000000000004	0.002
2.66	0.002
2.662	0.002
2.6639999999999997	0.002
2.6660000000000004	0.002
2.668	0.002
2.67	0.002
2.6719999999999997	0.002
2.6740000000000004	0.002
2.676	0.002
2.678	0.002
2.6799999999999997	0.002
2.6820000000000004	0.002
2.684	0.002
2.686	0.002
2.6879999999999997	0.002
2.6900000000000004	0.002
2.692	0.002
2.694	0.002
2.6959999999999997	0.002
2.6980000000000004	0.002
2.7	0.002
2.702	0.002
2.7039999999999997	0.002
2.7060000000000004	0.002
2.708	0.002
2.71	0.002
2.7119999999999997	0.002
2.7140000000000004	0.002
2.716	0.002
2.718	0.002
2.7199999999999998	0.002
2.7220000000000004	0.002
2.724	0.002
2.726	0.002
2.7279999999999998	0.002
2.7300000000000004	0.002
2.732	0.002
2.734	0.002
2.7359999999999998	0.002
2.7380000000000004	0.002
2.74	0.002
2.742	0.002
2.7439999999999998	0.002
2.7460000000000004	0.002
2.748	0.002
2.75	0.002
2.752	0.002
2.7540000000000004	0.002
2.7560000000000002	0.002
2.758	0.002
2.76	0.002
2.7620000000000005	0.002
2.7640000000000002	0.002
2.766	0.002
2.768	0.002
2.7700000000000005	0.002
2.7720000000000002	0.002
2.774	0.002
2.776	0.002
2.7780000000000005	0.002
2.7800000000000002	0.002
2.782	0.002
2.784	0.002
2.7860000000000005	0.002
2.7880000000000003	0.002
2.79	0.002
2.792	0.002
2.7940000000000005	0.002
2.7960000000000003	0.002
2.798	0.002
2.8	0.002
2.8020000000000005	0.002
2.8040000000000003	0.002
2.806	0.002
2.808	0.002
2.8100000000000005	0.002
2.8120000000000003	0.002
2.814	0.002
2.816	0.002
2.8180000000000005	0.002
2.8200000000000003	0.002
2.822	0.002
2.824	0.002
2.8260000000000005	0.002
2.8280000000000003	0.002
2.83	0.002
2.832	0.002
2.8340000000000005	0.002
2.8360000000000003	0.002
2.838	0.002
2.84	0.002
2.8420000000000005	0.002
2.8440000000000003	0.002
2.846	0.002
2.848	0.002
2.8500000000000005	0.002
2.8520000000000003	0.002
2.854	0.002
2.856	0.002
2.8580000000000005	0.002
2.8600000000000003	0.002
2.862	0.002
2.864	0.002
2.8660000000000005	0.002
2.8680000000000003	0.002
2.87	0.002
2.872	0.002
2.8740000000000006	0.002
2.8760000000000003	0.002
2.878	0.002
2.88	0.002
2.8820000000000006	0.002
2.8840000000000003	0.002
2.886	0.002
2.888	0.002
2.8900000000000006	0.002
2.8920000000000003	0.002
2.894	0.002
2.896	0.002
2.8980000000000006	0.002
2.9000000000000004	0.002
2.902	0.002
2.904	0.002
2.9060000000000006	0.002
2.9080000000000004	0.002
2.91	0.002
2.912	0.002
2.9139999999999997	0.002
2.9160000000000004	0.002
2.918	0.002
2.92	0.002
2.9219999999999997	0.002
2.9240000000000004	0.002
2.926	0.002
2.928	0.002
2.9299999999999997	0.002
2.9320000000000004	0.002
2.934	0.002
2.936	0.002
2.9379999999999997	0.002
2.9400000000000004	0.002
2.942	0.002
2.944	0.002
2.9459999999999997	0.002
2.9480000000000004	0.002
2.95	0.002
2.952	0.002
2.9539999999999997	0.002
2.9560000000000004	0.002
2.958	0.002
2.96	0.002
2.9619999999999997	0.002
2.9640000000000004	0.002
2.966	0.002
2.968	0.002
2.9699999999999998	0.002
2.9720000000000004	0.002
2.974	0.002
2.976	0.002
2.9779999999999998	0.002
2.9800000000000004	0.002
2.982	0.002
2.984	0.002
2.9859999999999998	0.002
2.9880000000000004	0.002
2.99	0.002
2.992	0.002
2.9939999999999998	0.002
2.9960000000000004	0.002
2.998	0.002
3.	0.002
3.002	0.002
3.0040000000000004	0.002
3.0060000000000002	0.002
3.008	0.002
3.01	0.002
3.0120000000000005	0.002
3.0140000000000002	0.002
3.016	0.002
3.018	0.002
3.0200000000000005	0.002
3.0220000000000002	0.002
3.024	0.002
3.026	0.002
3.0280000000000005	0.002
3.0300000000000002	0.002
3.032	0.002
3.034	0.002
3.0360000000000005	0.002
3.0380000000000003	0.002
3.04	0.002
3.042	0.002
3.0440000000000005	0.002
3.0460000000000003	0.002
3.048	0.002
3.05	0.002
3.0520000000000005	0.002
3.0540000000000003	0.002
3.056	0.002
3.058	0.002
3.0600000000000005	0.002
3.0620000000000003	0.002
3.064	0.002
3.066	0.002
3.0680000000000005	0.002
3.0700000000000003	0.002
3.072	0.002
3.074	0.002
3.0760000000000005	0.002
3.0780000000000003	0.002
3.08	0.002
3.082	0.002
3.0840000000000005	0.002
3.0860000000000003	0.002
3.088	0.002
3.09	0.002
3.0920000000000005	0.002
3.0940000000000003	0.002
3.096	0.002
3.098	0.002
3.1000000000000005	0.002
3.1020000000000003	0.002
3.104	0.002
3.106	0.002
3.1080000000000005	0.002
3.1100000000000003	0.002
3.112	0.002
3.114	0.002
3.1160000000000005	0.002
3.1180000000000003	0.002
3.12	0.002
3.122	0.002
3.1240000000000006	0.002
3.1260000000000003	0.002
3.128	0.002
3.13	0.002
3.1320000000000006	0.002
3.1340000000000003	0.002
3.136	0.002
3.138	0.002
3.1400000000000006	0.002
3.1420000000000003	0.002
3.144	0.002
3.146	0.002
3.1480000000000006	0.002
3.1500000000000004	0.002
3.152	0.002
3.154	0.002
3.1560000000000006	0.002
3.1580000000000004	0.002
3.16	0.002
3.162	0.002
3.1640000000000006	0.002
3.1660000000000004	0.002
3.168	0.002
3.17	0.002
3.1719999999999997	0.002
3.1740000000000004	0.002
3.176	0.002
3.178	0.002
3.1799999999999997	0.002
3.1820000000000004	0.002
3.184	0.002
3.186	0.002
3.1879999999999997	0.002
3.1900000000000004	0.002
3.192	0.002
3.194	0.002
3.1959999999999997	0.002
3.1980000000000004	0.002
3.2	0.002
3.202	0.002
3.2039999999999997	0.002
3.2060000000000004	0.002
3.208	0.002
3.21	0.002
3.2119999999999997	0.002
3.2140000000000004	0.002
3.216	0.002
3.218	0.002
3.2199999999999998	0.002
3.2220000000000004	0.002
3.224	0.002
3.226	0.002
3.2279999999999998	0.002
3.2300000000000004	0.002
3.232	0.002
3.234	0.002
3.2359999999999998	0.002
3.2380000000000004	0.002
3.24	0.002
3.242	0.002
3.2439999999999998	0.002
3.2460000000000004	0.002
3.248	0.002
3.25	0.002
3.252	0.002
3.2540000000000004	0.002
3.2560000000000002	0.002
3.258	0.002
3.26	0.002
3.2620000000000005	0.002
3.2640000000000002	0.002
3.266	0.002
3.268	0.002
3.2700000000000005	0.002
3.2720000000000002	0.002
3.274	0.002
3.276	0.002
3.2780000000000005	0.002
3.2800000000000002	0.002
3.282	0.002
3.284	0.002
3.2860000000000005	0.002
3.2880000000000003	0.002
3.29	0.002
3.292	0.002
3.2940000000000005	0.002
3.2960000000000003	0.002
3.298	0.002
3.3	0.002
3.3020000000000005	0.002
3.3040000000000003	0.002
3.306	0.002
3.308	0.002
3.3100000000000005	0.002
3.3120000000000003	0.002
3.314	0.002
3.316	0.002
3.3180000000000005	0.002
3.3200000000000003	0.002
3.322	0.002
3.324	0.002
3.3260000000000005	0.002
3.3280000000000003	0.002
3.33	0.002
3.332	0.002
3.3340000000000005	0.002
3.3360000000000003	0.002
3.338	0.002
3.34	0.002
3.3420000000000005	0.002
3.3440000000000003	0.002
3.346	0.002
3.348	0.002
3.3500000000000005	0.002
3.3520000000000003	0.002
3.354	0.002
3.356	0.002
3.3580000000000005	0.002
3.3600000000000003	0.002
3.362	0.002
3.364	0.002
3.3660000000000005	0.002
3.3680000000000003	0.002
3.37	0.002
3.372	0.002
3.3740000000000006	0.002
3.3760000000000003	0.002
3.378	0.002
3.38	0.002
3.3820000000000006	0.002
3.3840000000000003	0.002
3.386	0.002
3.388	0.002
3.3900000000000006	0.002
3.3920000000000003	0.002
3.394	0.002
3.396	0.002
3.3980000000000006	0.002
3.4000000000000004	0.002
3.402	0.002
3.404	0.002
3.4060000000000006	0.002
3.4080000000000004	0.002
3.41	0.002
3.412	0.002
3.4140000000000006	0.002
3.4160000000000004	0.002
3.418	0.002
3.42	0.002
3.4220000000000006	0.002
3.4240000000000004	0.002
3.426	0.002
3.428	0.002
3.4299999999999997	0.002
3.4320000000000004	0.002
3.434	0.002
3.436	0.002
3.4379999999999997	0.002
3.4400000000000004	0.002
3.442	0.002
3.444	0.002
3.4459999999999997	0.002
3.4480000000000004	0.002
3.45	0.002
3.452	0.002
3.4539999999999997	0.002
3.4560000000000004	0.002
3.458	0.002
3.46	0.002
3.4619999999999997	0.002
3.4640000000000004	0.002
3.466	0.002
3.468	0.002
3.4699999999999998	0.002
3.4720000000000004	0.002
3.474	0.002
3.476	0.002
3.4779999999999998	0.002
3.4800000000000004	0.002
3.482	0.002
3.484	0.002
3.4859999999999998	0.002
3.4880000000000004	0.002
3.49	0.002
3.492	0.002
3.4939999999999998	0.002
3.4960000000000004	0.002
3.498	0.002
3.5	0.002
3.502	0.002
3.5040000000000004	0.002
3.5060000000000002	0.002
3.508	0.002
3.51	0.002
3.5120000000000005	0.002
3.5140000000000002	0.002
3.516	0.002
3.518	0.002
3.5200000000000005	0.002
3.5220000000000002	0.002
3.524	0.002
3.526	0.002
3.5280000000000005	0.002
3.5300000000000002	0.002
3.532	0.002
3.534	0.002
3.5360000000000005	0.002
3.5380000000000003	0.002
3.54	0.002
3.542	0.002
3.5440000000000005	0.002
3.5460000000000003	0.002
3.548	0.002
3.55	0.002
3.5520000000000005	0.002
3.5540000000000003	0.002
3.556	0.002
3.558	0.002
3.5600000000000005	0.002
3.5620000000000003	0.002
3.564	0.002
3.566	0.002
3.5680000000000005	0.002
3.5700000000000003	0.002
3.572	0.002
3.574	0.002
3.5760000000000005	0.002
3.5780000000000003	0.002
3.58	0.002
3.582	0.002
3.5840000000000005	0.002
3.5860000000000003	0.002
3.588	0.002
3.59	0.002
3.5920000000000005	0.002
3.5940000000000003	0.002
3.596	0.002
3.598	0.002
3.6000000000000005	0.002
3.6020000000000003	0.002
3.604	0.002
3.606	0.002
3.6080000000000005	0.002
3.6100000000000003	0.002
3.612	0.002
3.614	0.002
3.6160000000000005	0.002
3.6180000000000003	0.002
3.62	0.002
3.622	0.002
3.6240000000000006	0.002
3.6260000000000003	0.002
3.628	0.002
3.63	0.002
3.6320000000000006	0.002
3.6340000000000003	0.002
3.636	0.002
3.638	0.002
3.6400000000000006	0.002
3.6420000000000003	0.002
3.644	0.002
3.646	0.002
3.6480000000000006	0.002
3.6500000000000004	0.002
3.652	0.002
3.654	0.002
3.6560000000000006	0.002
3.6580000000000004	0.002
3.66	0.002
3.662	0.002
3.6640000000000006	0.002
3.6660000000000004	0.002
3.668	0.002
3.67	0.002
3.6720000000000006	0.002
3.6740000000000004	0.002
3.676	0.002
3.678	0.002
3.6799999999999997	0.002
3.6820000000000004	0.002
3.684	0.002
3.686	0.002
3.6879999999999997	0.002
3.6900000000000004	0.002
3.692	0.002
3.694	0.002
3.6959999999999997	0.002
3.6980000000000004	0.002
3.7	0.002
3.702	0.002
3.7039999999999997	0.002
3.7060000000000004	0.002
3.708	0.002
3.71	0.002
3.7119999999999997	0.002
3.7140000000000004	0.002
3.716	0.002
3.718	0.002
3.7199999999999998	0.002
3.7220000000000004	0.002
3.724	0.002
3.726	0.002
3.7279999999999998	0.002
3.7300000000000004	0.002
3.732	0.002
3.734	0.002
3.7359999999999998	0.002
3.7380000000000004	0.002
3.74	0.002
3.742	0.002
3.7439999999999998	0.002
3.7460000000000004	0.002
3.748	0.002
3.75	0.002
3.752	0.002
3.7540000000000004	0.002
3.7560000000000002	0.002
3.758	0.002
3.76	0.002
3.7620000000000005	0.002
3.7640000000000002	0.002
3.766	0.002
3.768	0.002
3.7700000000000005	0.002
3.7720000000000002	0.002
3.774	0.002
3.776	0.002
3.7780000000000005	0.002
3.7800000000000002	0.002
3.782	0.002
3.784	0.002
3.7860000000000005	0.002
3.7880000000000003	0.002
3.79	0.002
3.792	0.002
3.7940000000000005	0.002
3.7960000000000003	0.002
3.798	0.002
3.8	0.002
3.8020000000000005	0.002
3.8040000000000003	0.002
3.806	0.002
3.808	0.002
3.8100000000000005	0.002
3.8120000000000003	0.002
3.814	0.002
3.816	0.002
3.8180000000000005	0.002
3.8200000000000003	0.002
3.822	0.002
3.824	0.002
3.8260000000000005	0.002
3.8280000000000003	0.002
3.83	0.002
3.832	0.002
3.8340000000000005	0.002
3.8360000000000003	0.002
3.838	0.002
3.84	0.002
3.8420000000000005	0.002
3.8440000000000003	0.002
3.846	0.002
3.848	0.002
3.8500000000000005	0.002
3.8520000000000003	0.002
3.854	0.002
3.856	0.002
3.8580000000000005	0.002
3.8600000000000003	0.002
3.862	0.002
3.864	0.002
3.8660000000000005	0.002
3.8680000000000003	0.002
3.87	0.002
3.872	0.002
3.8740000000000006	0.002
3.8760000000000003	0.002
3.878	0.002
3.88	0.002
3.8820000000000006	0.002
3.8840000000000003	0.002
3.886	0.002
3.888	0.002
3.8900000000000006	0.002
3.8920000000000003	0.002
3.894	0.002
3.896	0.002
3.8980000000000006	0.002
3.9000000000000004	0.002
3.902	0.002
3.904	0.002
3.9060000000000006	0.002
3.9080000000000004	0.002
3.91	0.002
3.912	0.002
3.9140000000000006	0.002
3.9160000000000004	0.002
3.918	0.002
3.92	0.002
3.9220000000000006	0.002
3.9240000000000004	0.002
3.926	0.002
3.928	0.002
3.9300000000000006	0.002
3.9320000000000004	0.002
3.934	0.002
3.936	0.002
3.9379999999999997	0.002
3.9400000000000004	0.002
3.942	0.002
3.944	0.002
3.9459999999999997	0.002
3.9480000000000004	0.002
3.95	0.002
3.952	0.002
3.9539999999999997	0.002
3.9560000000000004	0.002
3.958	0.002
3.96	0.002
3.9619999999999997	0.002
3.9640000000000004	0.002
3.966	0.002
3.968	0.002
3.9699999999999998	0.002
3.9720000000000004	0.002
3.974	0.002
3.976	0.002
3.9779999999999998	0.002
3.9800000000000004	0.002
3.982	0.002
3.984	0.002
3.9859999999999998	0.002
3.9880000000000004	0.002
3.99	0.002
3.992	0.002
3.9939999999999998	0.002
3.9960000000000004	0.002
3.998	0.002
4.	0.001
	