111
-211
211
-321
321
311
-311
221
113
213
-213
223
9000221
-323
-313
313
323
2212
-2212
2112
-2112
331
9000211
9000111
-9000211
9010221
333
3122
-3122
10223
3112
-3112
3212
-3212
3222
-3222
-10213
10213
10113
-20213
20113
20213
2114
-2114
2224
-2224
2214
-2214
1114
-1114
10313
-10313
10323
-10323
225
20223
100221
100211
-100211
100111
215
-215
115
3312
-3312
3322
-3322
10221
9000113
9000213
-9000213
3214
-3214
3114
-3114
3224
-3224
20313
20323
-20313
-20323
13122
-13122
9020221
-100313
100313
100323
-100323
100223
20333
-315
315
-325
325
-10311
-10321
10311
10321
12112
-12112
12212
-12212
-100213
100213
100113
10111
10211
-10211
100331
9030221
2124
-2124
1214
-1214
3124
-3124
335
3314
-3314
3324
-3324
22112
-22112
22212
-22212
23122
-23122
10225
2222
-2222
1212
-1212
2122
-2122
1112
-1112
32212
-32212
32112
-32112
13212
-13212
13112
-13112
13222
-13222
-9010213
9010113
9010213
227
30223
13224
-13224
13214
-13214
33122
-33122
13114
-13114
3334
-3334
10215
-10215
10115
2216
-2216
2116
-2116
100333
12216
-12216
12116
-12116
117
217
-217
13124
-13124
203312
-203312
203322
-203322
12224
-12224
12214
-12214
12114
-12114
22124
-22124
11114
-11114
21214
-21214
42212
-42212
42112
-42112
30313
30323
-30323
-30313
31214
-31214
32124
-32124
-30213
30213
30113
10331
23112
-23112
23212
-23212
23222
-23222
-10315
-10325
10315
10325
3216
-3216
3116
-3116
3226
-3226
317
327
-317
-327
43122
-43122
53122
-53122
-9010211
9010111
9010211
20315
-20325
-20315
20325
13314
-13314
13324
-13324
3126
-3126
13126
-13126
337
421
-421
-411
411
9902114
-9902114
9902214
-9902214
1000010020
1116
-1116
2126
-2126
1216
-1216
2226
-2226
23124
-23124
22122
-22122
21212
-21212
22222
-22222
21112
-21112
9912214
-9912214
9912114
-9912114
13116
-13116
13216
-13216
13226
-13226
21114
-21114
22224
-22224
22214
-22214
22114
-22114
1118
-1118
2228
-2228
2118
-2118
2218
-2218
23214
-23214
23224
-23224
23114
-23114
9050225
11216
-11216
103326
-103326
11116
-11116
103316
-103316
12226
-12226
12126
-12126
-431
431
9902218
-9902218
9902118
-9902118
119
219
-219
9922214
-9922214
423
-423
-413
9922114
-9922114
413
9060225
229
3228
-3228
3218
-3218
203326
-203326
3118
-3118
203316
-203316
-319
329
-329
319
3128
-3128
23126
-23126
433
-433
1218
-1218
2128
-2128
19922219
-19922219
19922119
-19922119
19932119
-19932119
9903228
-9903228
9903118
-9903118
19932219
-19932219
9903218
-9903218
203338
-203338
4122
-4122
9080225
10431
-10431
-10421
10421
10411
-10411
19903129
-19903129
9090225
10423
-10423
4212
-4212
4222
-4222
4112
-4112
-20433
20433
-415
-425
425
415
4132
-4132
4232
-4232
4224
-4224
4214
-4214
4114
-4114
-10433
10433
-435
435
4312
-4312
4322
-4322
14122
-14122
4314
-4314
4324
-4324
4332
-4332
4334
-4334
441
443
10441
20443
10443
445
100441
100443
30443
