       0.000000       1.001000
       1.000000              2       0.020000            501
   2.66953457478364        2.66953457478364     
   2.66371027245192        2.66371027245192     
   2.65788695741715        2.65788695741715     
   2.65206463380307        2.65206463380307     
   2.64624331305604        2.64624331305604     
   2.64042299230589        2.64042299230589     
   2.63460367602634        2.63460367602634     
   2.62878536880777        2.62878536880777     
   2.62296806819381        2.62296806819381     
   2.61715179334582        2.61715179334582     
   2.61133652774576        2.61133652774576     
   2.60552229077773        2.60552229077773     
   2.59970908049471        2.59970908049471     
   2.59389689866409        2.59389689866409     
   2.58808575074108        2.58808575074108     
   2.58227564229761        2.58227564229761     
   2.57646657194411        2.57646657194411     
   2.57065855258551        2.57065855258551     
   2.56485157955863        2.56485157955863     
   2.55904566247341        2.55904566247341     
   2.55324079696426        2.55324079696426     
   2.54743699640837        2.54743699640837     
   2.54163426022878        2.54163426022878     
   2.53583258800807        2.53583258800807     
   2.53003199347368        2.53003199347368     
   2.52423247646310        2.52423247646310     
   2.51843403697347        2.51843403697347     
   2.51263668212200        2.51263668212200     
   2.50684041219295        2.50684041219295     
   2.50104524150824        2.50104524150824     
   2.49525116367887        2.49525116367887     
   2.48945819327101        2.48945819327101     
   2.48366632420437        2.48366632420437     
   2.47787556439339        2.47787556439339     
   2.47208591498409        2.47208591498409     
   2.46629738415673        2.46629738415673     
   2.46050998020835        2.46050998020835     
   2.45472369784691        2.45472369784691     
   2.44893854566762        2.44893854566762     
   2.44315453238245        2.44315453238245     
   2.43737165317902        2.43737165317902     
   2.43158992387732        2.43158992387732     
   2.42580933997406        2.42580933997406     
   2.42002990395724        2.42002990395724     
   2.41425163202953        2.41425163202953     
   2.40847451340105        2.40847451340105     
   2.40269856792911        2.40269856792911     
   2.39692379191578        2.39692379191578     
   2.39115018860054        2.39115018860054     
   2.38537776810615        2.38537776810615     
   2.37960653060358        2.37960653060358     
   2.37383647979633        2.37383647979633     
   2.36806762289339        2.36806762289339     
   2.36229996390229        2.36229996390229     
   2.35653351032520        2.35653351032520     
   2.35076826647369        2.35076826647369     
   2.34500423017233        2.34500423017233     
   2.33924141604022        2.33924141604022     
   2.33347982222780        2.33347982222780     
   2.32771945701115        2.32771945701115     
   2.32196032220113        2.32196032220113     
   2.31620242308709        2.31620242308709     
   2.31044576840963        2.31044576840963     
   2.30469036376233        2.30469036376233     
   2.29893620833909        2.29893620833909     
   2.29318331463602        2.29318331463602     
   2.28743167565131        2.28743167565131     
   2.28168131074007        2.28168131074007     
   2.27593221652312        2.27593221652312     
   2.27018439960541        2.27018439960541     
   2.26443786999956        2.26443786999956     
   2.25869262488967        2.25869262488967     
   2.25294867463113        2.25294867463113     
   2.24720602325629        2.24720602325629     
   2.24146468143053        2.24146468143053     
   2.23572464385862        2.23572464385862     
   2.22998592477968        2.22998592477968     
   2.22424852571401        2.22424852571401     
   2.21851245479312        2.21851245479312     
   2.21277771711118        2.21277771711118     
   2.20704431475254        2.20704431475254     
   2.20131225956671        2.20131225956671     
   2.19558155399770        2.19558155399770     
   2.18985220069414        2.18985220069414     
   2.18412420885000        2.18412420885000     
   2.17839758149026        2.17839758149026     
   2.17267232816323        2.17267232816323     
   2.16694845857790        2.16694845857790     
   2.16122596686247        2.16122596686247     
   2.15550486941555        2.15550486941555     
   2.14978516706608        2.14978516706608     
   2.14406686400173        2.14406686400173     
   2.13834997399359        2.13834997399359     
   2.13263449534819        2.13263449534819     
   2.12692044219680        2.12692044219680     
   2.12120781326149        2.12120781326149     
   2.11549661372177        2.11549661372177     
   2.10978686135610        2.10978686135610     
   2.10407854931600        2.10407854931600     
   2.09837169265850        2.09837169265850     
   2.09266629425198        2.09266629425198     
   2.08696236334474        2.08696236334474     
   2.08125990015604        2.08125990015604     
   2.07555891741545        2.07555891741545     
   2.06985941883469        2.06985941883469     
   2.06416141446105        2.06416141446105     
   2.05846490537969        2.05846490537969     
   2.05276990509715        2.05276990509715     
   2.04707641513174        2.04707641513174     
   2.04138444634696        2.04138444634696     
   2.03569400071115        2.03569400071115     
   2.03000508648393        2.03000508648393     
   2.02431771514543        2.02431771514543     
   2.01863188933101        2.01863188933101     
   2.01294762093765        2.01294762093765     
   2.00726490705485        2.00726490705485     
   2.00158376900778        2.00158376900778     
   1.99590420135525        1.99590420135525     
   1.99022621984322        1.99022621984322     
   1.98454982549999        1.98454982549999     
   1.97887503150746        1.97887503150746     
   1.97320184233742        1.97320184233742     
   1.96753026567136        1.96753026567136     
   1.96186031237241        1.96186031237241     
   1.95619198171912        1.95619198171912     
   1.95052529093801        1.95052529093801     
   1.94486024567112        1.94486024567112     
   1.93919684595009        1.93919684595009     
   1.93353510965334        1.93353510965334     
   1.92787503730357        1.92787503730357     
   1.92221664428890        1.92221664428890     
   1.91655993164019        1.91655993164019     
   1.91090491519739        1.91090491519739     
   1.90525159070603        1.90525159070603     
   1.89959998027443        1.89959998027443     
   1.89395008595042        1.89395008595042     
   1.88830191295860        1.88830191295860     
   1.88265547542046        1.88265547542046     
   1.87701077618967        1.87701077618967     
   1.87136782986848        1.87136782986848     
   1.86572663983674        1.86572663983674     
   1.86008722117765        1.86008722117765     
   1.85444957210579        1.85444957210579     
   1.84881371389988        1.84881371389988     
   1.84317964815837        1.84317964815837     
   1.83754738528638        1.83754738528638     
   1.83191693311804        1.83191693311804     
   1.82628830257979        1.82628830257979     
   1.82066150485033        1.82066150485033     
   1.81503654294264        1.81503654294264     
   1.80941342859132        1.80941342859132     
   1.80379217657793        1.80379217657793     
   1.79817279075822        1.79817279075822     
   1.79255528087523        1.79255528087523     
   1.78693965694745        1.78693965694745     
   1.78132593481223        1.78132593481223     
   1.77571411394089        1.77571411394089     
   1.77010420797316        1.77010420797316     
   1.76449623355607        1.76449623355607     
   1.75889019107395        1.75889019107395     
   1.75328609499384        1.75328609499384     
   1.74768395729847        1.74768395729847     
   1.74208378205193        1.74208378205193     
   1.73648559001802        1.73648559001802     
   1.73088938040737        1.73088938040737     
   1.72529516910754        1.72529516910754     
   1.71970296684227        1.71970296684227     
   1.71411278463467        1.71411278463467     
   1.70852463380729        1.70852463380729     
   1.70293852059978        1.70293852059978     
   1.69735445696847        1.69735445696847     
   1.69177246052872        1.69177246052872     
   1.68619253845393        1.68619253845393     
   1.68061469826363        1.68061469826363     
   1.67503895314820        1.67503895314820     
   1.66946531925462        1.66946531925462     
   1.66389380505465        1.66389380505465     
   1.65832441672174        1.65832441672174     
   1.65275717399483        1.65275717399483     
   1.64719208633361        1.64719208633361     
   1.64162916354470        1.64162916354470     
   1.63606842102517        1.63606842102517     
   1.63050986924102        1.63050986924102     
   1.62495351900553        1.62495351900553     
   1.61939938147943        1.61939938147943     
   1.61384747336778        1.61384747336778     
   1.60829780130643        1.60829780130643     
   1.60275038525932        1.60275038525932     
   1.59720523256384        1.59720523256384     
   1.59166235867725        1.59166235867725     
   1.58612177681239        1.58612177681239     
   1.58058349540370        1.58058349540370     
   1.57504753351082        1.57504753351082     
   1.56951390284017        1.56951390284017     
   1.56398261292447        1.56398261292447     
   1.55845368385182        1.55845368385182     
   1.55292712334205        1.55292712334205     
   1.54740294964719        1.54740294964719     
   1.54188117125576        1.54188117125576     
   1.53636180714178        1.53636180714178     
   1.53084486907361        1.53084486907361     
   1.52533037172092        1.52533037172092     
   1.51981833262538        1.51981833262538     
   1.51430875970707        1.51430875970707     
   1.50880167376521        1.50880167376521     
   1.50329708600130        1.50329708600130     
   1.49779501298825        1.49779501298825     
   1.49229546920377        1.49229546920377     
   1.48679846952341        1.48679846952341     
   1.48130402676330        1.48130402676330     
   1.47581216396743        1.47581216396743     
   1.47032288738809        1.47032288738809     
   1.46483622084842        1.46483622084842     
   1.45935217633057        1.45935217633057     
   1.45387076869085        1.45387076869085     
   1.44839201563022        1.44839201563022     
   1.44291593283304        1.44291593283304     
   1.43744253881687        1.43744253881687     
   1.43197184769093        1.43197184769093     
   1.42650387880796        1.42650387880796     
   1.42103864713659        1.42103864713659     
   1.41557616809339        1.41557616809339     
   1.41011646468344        1.41011646468344     
   1.40465954841781        1.40465954841781     
   1.39920543840847        1.39920543840847     
   1.39375415655454        1.39375415655454     
   1.38830571337529        1.38830571337529     
   1.38286013166226        1.38286013166226     
   1.37741743226441        1.37741743226441     
   1.37197762476536        1.37197762476536     
   1.36654073795258        1.36654073795258     
   1.36110678468425        1.36110678468425     
   1.35567578530181        1.35567578530181     
   1.35024775828331        1.35024775828331     
   1.34482272489007        1.34482272489007     
   1.33940070223047        1.33940070223047     
   1.33398171020873        1.33398171020873     
   1.32856577149517        1.32856577149517     
   1.32315290236003        1.32315290236003     
   1.31774312643243        1.31774312643243     
   1.31233646097823        1.31233646097823     
   1.30693293058654        1.30693293058654     
   1.30153255352008        1.30153255352008     
   1.29613535082153        1.29613535082153     
   1.29074134403582        1.29074134403582     
   1.28535055521047        1.28535055521047     
   1.27996300689590        1.27996300689590     
   1.27457872214576        1.27457872214576     
   1.26919771562355        1.26919771562355     
   1.26382002033277        1.26382002033277     
   1.25844565199377        1.25844565199377     
   1.25307463354440        1.25307463354440     
   1.24770699065097        1.24770699065097     
   1.24234274729215        1.24234274729215     
   1.23698192578985        1.23698192578985     
   1.23162454684013        1.23162454684013     
   1.22627063824274        1.22627063824274     
   1.22092022396726        1.22092022396726     
   1.21557332853938        1.21557332853938     
   1.21022997488517        1.21022997488517     
   1.20489018866232        1.20489018866232     
   1.19955399608603        1.19955399608603     
   1.19422142392936        1.19422142392936     
   1.18889249312869        1.18889249312869     
   1.18356723588063        1.18356723588063     
   1.17824567429497        1.17824567429497     
   1.17292783745475        1.17292783745475     
   1.16761375078914        1.16761375078914     
   1.16230344243817        1.16230344243817     
   1.15699693903307        1.15699693903307     
   1.15169426990463        1.15169426990463     
   1.14639546288821        1.14639546288821     
   1.14110054227912        1.14110054227912     
   1.13580954131456        1.13580954131456     
   1.13052248966806        1.13052248966806     
   1.12523941351192        1.12523941351192     
   1.11996034173383        1.11996034173383     
   1.11468530795151        1.11468530795151     
   1.10941433821800        1.10941433821800     
   1.10414746740771        1.10414746740771     
   1.09888472490778        1.09888472490778     
   1.09362614077263        1.09362614077263     
   1.08837174975248        1.08837174975248     
   1.08312157918558        1.08312157918558     
   1.07787566313376        1.07787566313376     
   1.07263403430870        1.07263403430870     
   1.06739672808176        1.06739672808176     
   1.06216377452283        1.06216377452283     
   1.05693520837684        1.05693520837684     
   1.05171106506169        1.05171106506169     
   1.04649137674141        1.04649137674141     
   1.04127618021977        1.04127618021977     
   1.03606551102459        1.03606551102459     
   1.03085940344000        1.03085940344000     
   1.02565789247740        1.02565789247740     
   1.02046101774086        1.02046101774086     
   1.01526881180910        1.01526881180910     
   1.01008131571983        1.01008131571983     
   1.00489856736433        1.00489856736433     
  0.999720601551596       0.999720601551596     
  0.994547459575853       0.994547459575853     
  0.989379181545259       0.989379181545259     
  0.984215800750651       0.984215800750651     
  0.979057364491231       0.979057364491231     
  0.973903909474985       0.973903909474985     
  0.968755476961489       0.968755476961489     
  0.963612107111834       0.963612107111834     
  0.958473842733828       0.958473842733828     
  0.953340727401467       0.953340727401467     
  0.948212801769287       0.948212801769287     
  0.943090109148312       0.943090109148312     
  0.937972695475276       0.937972695475276     
  0.932860601985125       0.932860601985125     
  0.927753876214847       0.927753876214847     
  0.922652561040518       0.922652561040518     
  0.917556703799392       0.917556703799392     
  0.912466350831522       0.912466350831522     
  0.907381547513181       0.907381547513181     
  0.902302341861642       0.902302341861642     
  0.897228784504361       0.897228784504361     
  0.892160919784496       0.892160919784496     
  0.887098800021495       0.887098800021495     
  0.882042474824625       0.882042474824625     
  0.876991991159038       0.876991991159038     
  0.871947403893176       0.871947403893176     
  0.866908761747808       0.866908761747808     
  0.861876117830538       0.861876117830538     
  0.856849526117795       0.856849526117795     
  0.851829039735545       0.851829039735545     
  0.846814710993442       0.846814710993442     
  0.841806594834874       0.841806594834874     
  0.836804748806174       0.836804748806174     
  0.831809226246433       0.831809226246433     
  0.826820086517016       0.826820086517016     
  0.821837384814872       0.821837384814872     
  0.816861178973356       0.816861178973356     
  0.811891529431507       0.811891529431507     
  0.806928495879008       0.806928495879008     
  0.801972135635394       0.801972135635394     
  0.797022513611702       0.797022513611702     
  0.792079689041890       0.792079689041890     
  0.787143723795599       0.787143723795599     
  0.782214683976730       0.782214683976730     
  0.777292630123875       0.777292630123875     
  0.772377628656812       0.772377628656812     
  0.767469746951527       0.767469746951527     
  0.762569046931239       0.762569046931239     
  0.757675601163149       0.757675601163149     
  0.752789471997838       0.752789471997838     
  0.747910733964853       0.747910733964853     
  0.743039451474962       0.743039451474962     
  0.738175697890942       0.738175697890942     
  0.733319545986165       0.733319545986165     
  0.728471064867859       0.728471064867859     
  0.723630329377791       0.723630329377791     
  0.718797413823179       0.718797413823179     
  0.713972393549222       0.713972393549222     
  0.709155341882814       0.709155341882814     
  0.704346339339956       0.704346339339956     
  0.699545461365213       0.699545461365213     
  0.694752787525851       0.694752787525851     
  0.689968395436849       0.689968395436849     
  0.685192369807634       0.685192369807634     
  0.680424790396326       0.680424790396326     
  0.675665738078002       0.675665738078002     
  0.670915300751528       0.670915300751528     
  0.666173558517333       0.666173558517333     
  0.661440601431343       0.661440601431343     
  0.656716511839271       0.656716511839271     
  0.652001381968554       0.652001381968554     
  0.647295299309036       0.647295299309036     
  0.642598352493151       0.642598352493151     
  0.637910635585053       0.637910635585053     
  0.633232238031505       0.633232238031505     
  0.628563254705392       0.628563254705392     
  0.623903780175881       0.623903780175881     
  0.619253908746664       0.619253908746664     
  0.614613740071477       0.614613740071477     
  0.609983369343817       0.609983369343817     
  0.605362897102250       0.605362897102250     
  0.600752423637253       0.600752423637253     
  0.596152050396849       0.596152050396849     
  0.591561879991196       0.591561879991196     
  0.586982016197262       0.586982016197262     
  0.582412565309738       0.582412565309738     
  0.577853632093491       0.577853632093491     
  0.573305325186948       0.573305325186948     
  0.568767754387032       0.568767754387032     
  0.564241029335566       0.564241029335566     
  0.559725260870529       0.559725260870529     
  0.555220561031204       0.555220561031204     
  0.550727045658779       0.550727045658779     
  0.546244829169057       0.546244829169057     
  0.541774028478609       0.541774028478609     
  0.537314760421665       0.537314760421665     
  0.532867145599835       0.532867145599835     
  0.528431303266356       0.528431303266356     
  0.524007356424741       0.524007356424741     
  0.519595426768994       0.519595426768994     
  0.515195639726369       0.515195639726369     
  0.510808119453659       0.510808119453659     
  0.506432995051656       0.506432995051656     
  0.502070393141021       0.502070393141021     
  0.497720442827989       0.497720442827989     
  0.493383276881262       0.493383276881262     
  0.489059025669370       0.489059025669370     
  0.484747824426668       0.484747824426668     
  0.480449804855314       0.480449804855314     
  0.476165105876469       0.476165105876469     
  0.471893861746993       0.471893861746993     
  0.467636212718324       0.467636212718324     
  0.463392297958085       0.463392297958085     
  0.459162256776022       0.459162256776022     
  0.454946232092394       0.454946232092394     
  0.450744365829517       0.450744365829517     
  0.446556803500929       0.446556803500929     
  0.442383688538598       0.442383688538598     
  0.438225167974200       0.438225167974200     
  0.434081388497677       0.434081388497677     
  0.429952497614243       0.429952497614243     
  0.425838644757993       0.425838644757993     
  0.421739979106620       0.421739979106620     
  0.417656651254864       0.417656651254864     
  0.413588812146011       0.413588812146011     
  0.409536614173068       0.409536614173068     
  0.405500209067644       0.405500209067644     
  0.401479751119531       0.401479751119531     
  0.397475391932490       0.397475391932490     
  0.393487285740297       0.393487285740297     
  0.389515587314853       0.389515587314853     
  0.385560450980553       0.385560450980553     
  0.381622029671693       0.381622029671693     
  0.377700478052920       0.377700478052920     
  0.373795950518536       0.373795950518536     
  0.369908599773816       0.369908599773816     
  0.366038579904478       0.366038579904478     
  0.362186043459104       0.362186043459104     
  0.358351142051282       0.358351142051282     
  0.354534025977386       0.354534025977386     
  0.350734846238246       0.350734846238246     
  0.346953749848565       0.346953749848565     
  0.343190885221024       0.343190885221024     
  0.339446395665000       0.339446395665000     
  0.335720425202098       0.335720425202098     
  0.332013114491598       0.332013114491598     
  0.328324601952004       0.328324601952004     
  0.324655022131270       0.324655022131270     
  0.321004507738242       0.321004507738242     
  0.317373187592783       0.317373187592783     
  0.313761186441714       0.313761186441714     
  0.310168623921945       0.310168623921945     
  0.306595616177440       0.306595616177440     
  0.303042273551073       0.303042273551073     
  0.299508700527848       0.299508700527848     
  0.295994995694717       0.295994995694717     
  0.292501250049813       0.292501250049813     
  0.289027549133638       0.289027549133638     
  0.285573967698314       0.285573967698314     
  0.282140573602336       0.282140573602336     
  0.278727423886109       0.278727423886109     
  0.275334565461763       0.275334565461763     
  0.271962033822376       0.271962033822376     
  0.268609851462900       0.268609851462900     
  0.265278027968746       0.265278027968746     
  0.261966557076537       0.261966557076537     
  0.258675417352742       0.258675417352742     
  0.255404568006985       0.255404568006985     
  0.252153950566267       0.252153950566267     
  0.248923483899512       0.248923483899512     
  0.245713064325807       0.245713064325807     
  0.242522561476375       0.242522561476375     
  0.239351818754295       0.239351818754295     
  0.236200646121220       0.236200646121220     
  0.233068821085436       0.233068821085436     
  0.229956081834171       0.229956081834171     
  0.226862126030131       0.226862126030131     
  0.223786602775583       0.223786602775583     
  0.220729110246460       0.220729110246460     
  0.217689186778669       0.217689186778669     
  0.214666306327769       0.214666306327769     
  0.211659867431706       0.211659867431706     
  0.208669185104378       0.208669185104378     
  0.205693477674925       0.205693477674925     
  0.202731854608288       0.202731854608288     
  0.199783298309004       0.199783298309004     
  0.196846645324130       0.196846645324130     
  0.193920560895365       0.193920560895365     
  0.191003509925830       0.191003509925830     
  0.188093720530945       0.188093720530945     
  0.185189135942616       0.185189135942616     
  0.182287357785255       0.182287357785255     
  0.179386335725395       0.179386335725395     
  0.176484510913798       0.176484510913798     
  0.173582259789443       0.173582259789443     
  0.170679545066849       0.170679545066849     
  0.167776327678113       0.167776327678113     
  0.164872566389271       0.164872566389271     
  0.161968217472618       0.161968217472618     
  0.159063235338841       0.159063235338841     
  0.156157571278110       0.156157571278110     
  0.153251173909861       0.153251173909861     

