       0.000000       1.001000
       1.000000              2       0.020000            501
  0.281034945865693       0.281034945865693     
  0.280915123840394       0.280915123840394     
  0.280795146395984       0.280795146395984     
  0.280675013085427       0.280675013085427     
  0.280554723610702       0.280554723610702     
  0.280434277375760       0.280434277375760     
  0.280313673933568       0.280313673933568     
  0.280192912837091       0.280192912837091     
  0.280071993490281       0.280071993490281     
  0.279950915744128       0.279950915744128     
  0.279829678704562       0.279829678704562     
  0.279708282222572       0.279708282222572     
  0.279586725702110       0.279586725702110     
  0.279465008621636       0.279465008621636     
  0.279343130534115       0.279343130534115     
  0.279221090992513       0.279221090992513     
  0.279098889400783       0.279098889400783     
  0.278976525460901       0.278976525460901     
  0.278853998502316       0.278853998502316     
  0.278731308152499       0.278731308152499     
  0.278608453740897       0.278608453740897     
  0.278485434969487       0.278485434969487     
  0.278362251242223       0.278362251242223     
  0.278238901963057       0.278238901963057     
  0.278115386833968       0.278115386833968     
  0.277991705258908       0.277991705258908     
  0.277867856641831       0.277867856641831     
  0.277743840535702       0.277743840535702     
  0.277619656344475       0.277619656344475     
  0.277495303770127       0.277495303770127     
  0.277370782067599       0.277370782067599     
  0.277246090938868       0.277246090938868     
  0.277121229638876       0.277121229638876     
  0.276996197720589       0.276996197720589     
  0.276870994587960       0.276870994587960     
  0.276745619793954       0.276745619793954     
  0.276620072891535       0.276620072891535     
  0.276494353135648       0.276494353135648     
  0.276368460079255       0.276368460079255     
  0.276242393275323       0.276242393275323     
  0.276116151978793       0.276116151978793     
  0.275989735891642       0.275989735891642     
  0.275863144268813       0.275863144268813     
  0.275736376514258       0.275736376514258     
  0.275609432329955       0.275609432329955     
  0.275482310821833       0.275482310821833     
  0.275355011766376       0.275355011766376     
  0.275227534418525       0.275227534418525     
  0.275099878182234       0.275099878182234     
  0.274972042610468       0.274972042610468     
  0.274844027032675       0.274844027032675     
  0.274715830852808       0.274715830852808     
  0.274587453549327       0.274587453549327     
  0.274458894526185       0.274458894526185     
  0.274330153261842       0.274330153261842     
  0.274201229160251       0.274201229160251     
  0.274072121476354       0.274072121476354     
  0.273942829837622       0.273942829837622     
  0.273813353498997       0.273813353498997     
  0.273683691938938       0.273683691938938     
  0.273553844486894       0.273553844486894     
  0.273423810546817       0.273423810546817     
  0.273293589597167       0.273293589597167     
  0.273163181041898       0.273163181041898     
  0.273032584135951       0.273032584135951     
  0.272901798432292       0.272901798432292     
  0.272770823036851       0.272770823036851     
  0.272639657651605       0.272639657651605     
  0.272508301456990       0.272508301456990     
  0.272376753856959       0.272376753856959     
  0.272245014329972       0.272245014329972     
  0.272113082056465       0.272113082056465     
  0.271980956514897       0.271980956514897     
  0.271848637034716       0.271848637034716     
  0.271716123094381       0.271716123094381     
  0.271583413799824       0.271583413799824     
  0.271450508704008       0.271450508704008     
  0.271317407061876       0.271317407061876     
  0.271184108277382       0.271184108277382     
  0.271050611679973       0.271050611679973     
  0.270916916524590       0.270916916524590     
  0.270783022289695       0.270783022289695     
  0.270648928230227       0.270648928230227     
  0.270514633601130       0.270514633601130     
  0.270380137806357       0.270380137806357     
  0.270245440100850       0.270245440100850     
  0.270110539888562       0.270110539888562     
  0.269975436573447       0.269975436573447     
  0.269840129186930       0.269840129186930     
  0.269704617281975       0.269704617281975     
  0.269568900039019       0.269568900039019     
  0.269432976713003       0.269432976713003     
  0.269296846782388       0.269296846782388     
  0.269160509353103       0.269160509353103     
  0.269023963903608       0.269023963903608     
  0.268887209539832       0.268887209539832     
  0.268750245516719       0.268750245516719     
  0.268613071387233       0.268613071387233     
  0.268475686108293       0.268475686108293     
  0.268338089158358       0.268338089158358     
  0.268200279717864       0.268200279717864     
  0.268062257116260       0.268062257116260     
  0.267924020459475       0.267924020459475     
  0.267785569151463       0.267785569151463     
  0.267646902372660       0.267646902372660     
  0.267508019452514       0.267508019452514     
  0.267368919496955       0.267368919496955     
  0.267229601909937       0.267229601909937     
  0.267090065797390       0.267090065797390     
  0.266950310488762       0.266950310488762     
  0.266810335089983       0.266810335089983     
  0.266670138855995       0.266670138855995     
  0.266529721116246       0.266529721116246     
  0.266389080976667       0.266389080976667     
  0.266248217766704       0.266248217766704     
  0.266107130443277       0.266107130443277     
  0.265965818559351       0.265965818559351     
  0.265824280997338       0.265824280997338     
  0.265682517161193       0.265682517161193     
  0.265540526082339       0.265540526082339     
  0.265398307090225       0.265398307090225     
  0.265255859290781       0.265255859290781     
  0.265113181864442       0.265113181864442     
  0.264970274066152       0.264970274066152     
  0.264827134852828       0.264827134852828     
  0.264683763628425       0.264683763628425     
  0.264540159498872       0.264540159498872     
  0.264396321421089       0.264396321421089     
  0.264252248799028       0.264252248799028     
  0.264107940589609       0.264107940589609     
  0.263963396122279       0.263963396122279     
  0.263818614353957       0.263818614353957     
  0.263673594614091       0.263673594614091     
  0.263528335710587       0.263528335710587     
  0.263382837121906       0.263382837121906     
  0.263237097804966       0.263237097804966     
  0.263091116791191       0.263091116791191     
  0.262944893335524       0.262944893335524     
  0.262798426394882       0.262798426394882     
  0.262651715224209       0.262651715224209     
  0.262504758780422       0.262504758780422     
  0.262357556318464       0.262357556318464     
  0.262210106646242       0.262210106646242     
  0.262062409167709       0.262062409167709     
  0.261914462765279       0.261914462765279     
  0.261766266544881       0.261766266544881     
  0.261617819537940       0.261617819537940     
  0.261469120850387       0.261469120850387     
  0.261320169588151       0.261320169588151     
  0.261170964633646       0.261170964633646     
  0.261021505092802       0.261021505092802     
  0.260871790146055       0.260871790146055     
  0.260721818675818       0.260721818675818     
  0.260571589713516       0.260571589713516     
  0.260421102290573       0.260421102290573     
  0.260270355587425       0.260270355587425     
  0.260119348337474       0.260119348337474     
  0.259968079646650       0.259968079646650     
  0.259816548695388       0.259816548695388     
  0.259664754217091       0.259664754217091     
  0.259512695317688       0.259512695317688     
  0.259360371028605       0.259360371028605     
  0.259207780157747       0.259207780157747     
  0.259054921960058       0.259054921960058     
  0.258901795094433       0.258901795094433     
  0.258748398666802       0.258748398666802     
  0.258594731634083       0.258594731634083     
  0.258440792953196       0.258440792953196     
  0.258286581581059       0.258286581581059     
  0.258132096325579       0.258132096325579     
  0.257977336143675       0.257977336143675     
  0.257822300141278       0.257822300141278     
  0.257666987126294       0.257666987126294     
  0.257511395906630       0.257511395906630     
  0.257355525439206       0.257355525439206     
  0.257199374755445       0.257199374755445     
  0.257042942663255       0.257042942663255     
  0.256886227896038       0.256886227896038     
  0.256729229559722       0.256729229559722     
  0.256571946462217       0.256571946462217     
  0.256414377411428       0.256414377411428     
  0.256256521364275       0.256256521364275     
  0.256098377128664       0.256098377128664     
  0.255939943512502       0.255939943512502     
  0.255781219323698       0.255781219323698     
  0.255622203519168       0.255622203519168     
  0.255462894757810       0.255462894757810     
  0.255303292071047       0.255303292071047     
  0.255143394117776       0.255143394117776     
  0.254983199780408       0.254983199780408     
  0.254822707866851       0.254822707866851     
  0.254661917036000       0.254661917036000     
  0.254500826244775       0.254500826244775     
  0.254339434226576       0.254339434226576     
  0.254177739640299       0.254177739640299     
  0.254015741442862       0.254015741442862     
  0.253853438218656       0.253853438218656     
  0.253690828850094       0.253690828850094     
  0.253527911921564       0.253527911921564     
  0.253364686315480       0.253364686315480     
  0.253201150690738       0.253201150690738     
  0.253037303780738       0.253037303780738     
  0.252873144393388       0.252873144393388     
  0.252708671038571       0.252708671038571     
  0.252543882598701       0.252543882598701     
  0.252378777658168       0.252378777658168     
  0.252213354950372       0.252213354950372     
  0.252047613134209       0.252047613134209     
  0.251881550868574       0.251881550868574     
  0.251715166737858       0.251715166737858     
  0.251548459624473       0.251548459624473     
  0.251381427889291       0.251381427889291     
  0.251214070414725       0.251214070414725     
  0.251046385710660       0.251046385710660     
  0.250878372361485       0.250878372361485     
  0.250710029026095       0.250710029026095     
  0.250541354288880       0.250541354288880     
  0.250372346808735       0.250372346808735     
  0.250203005095545       0.250203005095545     
  0.250033327808205       0.250033327808205     
  0.249863313456599       0.249863313456599     
  0.249692960550610       0.249692960550610     
  0.249522267823640       0.249522267823640     
  0.249351233636562       0.249351233636562     
  0.249179856573764       0.249179856573764     
  0.249008135294143       0.249008135294143     
  0.248836068084065       0.248836068084065     
  0.248663653602425       0.248663653602425     
  0.248490890433613       0.248490890433613     
  0.248317776789490       0.248317776789490     
  0.248144311477963       0.248144311477963     
  0.247970492785398       0.247970492785398     
  0.247796319221679       0.247796319221679     
  0.247621789222185       0.247621789222185     
  0.247446901296798       0.247446901296798     
  0.247271653806392       0.247271653806392     
  0.247096045186344       0.247096045186344     
  0.246920073946539       0.246920073946539     
  0.246743738373343       0.246743738373343     
  0.246567036976639       0.246567036976639     
  0.246389968042795       0.246389968042795     
  0.246212530081693       0.246212530081693     
  0.246034721379701       0.246034721379701     
  0.245856540297691       0.245856540297691     
  0.245677985196534       0.245677985196534     
  0.245499054437104       0.245499054437104     
  0.245319746380273       0.245319746380273     
  0.245140059386913       0.245140059386913     
  0.244959991519872       0.244959991519872     
  0.244779541438047       0.244779541438047     
  0.244598707204286       0.244598707204286     
  0.244417487104956       0.244417487104956     
  0.244235879500929       0.244235879500929     
  0.244053882678572       0.244053882678572     
  0.243871494849745       0.243871494849745     
  0.243688714151803       0.243688714151803     
  0.243505538945619       0.243505538945619     
  0.243321967443053       0.243321967443053     
  0.243137997855965       0.243137997855965     
  0.242953628321711       0.242953628321711     
  0.242768857052151       0.242768857052151     
  0.242583682259146       0.242583682259146     
  0.242398102154556       0.242398102154556     
  0.242212114726726       0.242212114726726     
  0.242025718336526       0.242025718336526     
  0.241838910972301       0.241838910972301     
  0.241651690845910       0.241651690845910     
  0.241464056020203       0.241464056020203     
  0.241276004632536       0.241276004632536     
  0.241087534745756       0.241087534745756     
  0.240898644497219       0.240898644497219     
  0.240709331949774       0.240709331949774     
  0.240519595017258       0.240519595017258     
  0.240329431911531       0.240329431911531     
  0.240138840695444       0.240138840695444     
  0.239947819282833       0.239947819282833     
  0.239756365662042       0.239756365662042     
  0.239564477970425       0.239564477970425     
  0.239372154047314       0.239372154047314     
  0.239179392030064       0.239179392030064     
  0.238986189832512       0.238986189832512     
  0.238792545368496       0.238792545368496     
  0.238598456700865       0.238598456700865     
  0.238403921594444       0.238403921594444     
  0.238208938037578       0.238208938037578     
  0.238013503944102       0.238013503944102     
  0.237817617302361       0.237817617302361     
  0.237621275877181       0.237621275877181     
  0.237424477582398       0.237424477582398     
  0.237227220331851       0.237227220331851     
  0.237029501890365       0.237029501890365     
  0.236831320171777       0.236831320171777     
  0.236632673015419       0.236632673015419     
  0.236433558186117       0.236433558186117     
  0.236233973448697       0.236233973448697     
  0.236033916716996       0.236033916716996     
  0.235833385606829       0.235833385606829     
  0.235632378032032       0.235632378032032     
  0.235430891757432       0.235430891757432     
  0.235228924398843       0.235228924398843     
  0.235026473795596       0.235026473795596     
  0.234823537712518       0.234823537712518     
  0.234620113616410       0.234620113616410     
  0.234416199495617       0.234416199495617     
  0.234211792891446       0.234211792891446     
  0.234006891494218       0.234006891494218     
  0.233801492919747       0.233801492919747     
  0.233595594858352       0.233595594858352     
  0.233389195000354       0.233389195000354     
  0.233182290887061       0.233182290887061     
  0.232974880134288       0.232974880134288     
  0.232766960432354       0.232766960432354     
  0.232558529248062       0.232558529248062     
  0.232349584271733       0.232349584271733     
  0.232140122970167       0.232140122970167     
  0.231930142959181       0.231930142959181     
  0.231719641780082       0.231719641780082     
  0.231508616899673       0.231508616899673     
  0.231297065859262       0.231297065859262     
  0.231084986274663       0.231084986274663     
  0.230872375463668       0.230872375463668     
  0.230659231042091       0.230659231042091     
  0.230445550476734       0.230445550476734     
  0.230231331085388       0.230231331085388     
  0.230016570483867       0.230016570483867     
  0.229801265989963       0.229801265989963     
  0.229585415070478       0.229585415070478     
  0.229369015192214       0.229369015192214     
  0.229152063747469       0.229152063747469     
  0.228934558054034       0.228934558054034     
  0.228716495504204       0.228716495504204     
  0.228497873564784       0.228497873564784     
  0.228278689479057       0.228278689479057     
  0.228058940713827       0.228058940713827     
  0.227838624512378       0.227838624512378     
  0.227617738192502       0.227617738192502     
  0.227396279146496       0.227396279146496     
  0.227174244692151       0.227174244692151     
  0.226951631998245       0.226951631998245     
  0.226728438531581       0.226728438531581     
  0.226504661460940       0.226504661460940     
  0.226280298029605       0.226280298029605     
  0.226055345629875       0.226055345629875     
  0.225829801356021       0.225829801356021     
  0.225603662525836       0.225603662525836     
  0.225376926457111       0.225376926457111     
  0.225149590169612       0.225149590169612     
  0.224921651130143       0.224921651130143     
  0.224693106283966       0.224693106283966     
  0.224463953097883       0.224463953097883     
  0.224234188517157       0.224234188517157     
  0.224003809859577       0.224003809859577     
  0.223772814368430       0.223772814368430     
  0.223541199063483       0.223541199063483     
  0.223308961188022       0.223308961188022     
  0.223076097910825       0.223076097910825     
  0.222842606400672       0.222842606400672     
  0.222608483677331       0.222608483677331     
  0.222373727058593       0.222373727058593     
  0.222138333564225       0.222138333564225     
  0.221902300363008       0.221902300363008     
  0.221665624474708       0.221665624474708     
  0.221428303217116       0.221428303217116     
  0.221190333610002       0.221190333610002     
  0.220951712673131       0.220951712673131     
  0.220712437724296       0.220712437724296     
  0.220472505634252       0.220472505634252     
  0.220231913720790       0.220231913720790     
  0.219990658854667       0.219990658854667     
  0.219748738353673       0.219748738353673     
  0.219506149237576       0.219506149237576     
  0.219262888526145       0.219262888526145     
  0.219018953462664       0.219018953462664     
  0.218774340992394       0.218774340992394     
  0.218529048284117       0.218529048284117     
  0.218283072432104       0.218283072432104     
  0.218036410456124       0.218036410456124     
  0.217789059599462       0.217789059599462     
  0.217541016807381       0.217541016807381     
  0.217292279248658       0.217292279248658     
  0.217042844017568       0.217042844017568     
  0.216792708208385       0.216792708208385     
  0.216541868915382       0.216541868915382     
  0.216290323232833       0.216290323232833     
  0.216038068329516       0.216038068329516     
  0.215785101225201       0.215785101225201     
  0.215531419088665       0.215531419088665     
  0.215277019088689       0.215277019088689     
  0.215021898319546       0.215021898319546     
  0.214766053875509       0.214766053875509     
  0.214509482850853       0.214509482850853     
  0.214252182488862       0.214252182488862     
  0.213994149883810       0.213994149883810     
  0.213735382204476       0.213735382204476     
  0.213475876545134       0.213475876545134     
  0.213215630149070       0.213215630149070     
  0.212954640110556       0.212954640110556     
  0.212692903672877       0.212692903672877     
  0.212430417930308       0.212430417930308     
  0.212167180126134       0.212167180126134     
  0.211903187354628       0.211903187354628     
  0.211638436933580       0.211638436933580     
  0.211372925957266       0.211372925957266     
  0.211106651594463       0.211106651594463     
  0.210839611162964       0.210839611162964     
  0.210571801757041       0.210571801757041     
  0.210303220694486       0.210303220694486     
  0.210033864995066       0.210033864995066     
  0.209763732051078       0.209763732051078     
  0.209492818882290       0.209492818882290     
  0.209221122806493       0.209221122806493     
  0.208948640992466       0.208948640992466     
  0.208675370534483       0.208675370534483     
  0.208401308675829       0.208401308675829     
  0.208126452510777       0.208126452510777     
  0.207850799282614       0.207850799282614     
  0.207574346011106       0.207574346011106     
  0.207297089865032       0.207297089865032     
  0.207019027901414       0.207019027901414     
  0.206740157140020       0.206740157140020     
  0.206460474637869       0.206460474637869     
  0.206179977340225       0.206179977340225     
  0.205898662192348       0.205898662192348     
  0.205616526064995       0.205616526064995     
  0.205333565828923       0.205333565828923     
  0.205049778205875       0.205049778205875     
  0.204765159992102       0.204765159992102     
  0.204479707685831       0.204479707685831     
  0.204193417859796       0.204193417859796     
  0.203906287012223       0.203906287012223     
  0.203618311492327       0.203618311492327     
  0.203329487425807       0.203329487425807     
  0.203039810938361       0.203039810938361     
  0.202749278006676       0.202749278006676     
  0.202457884346667       0.202457884346667     
  0.202165625636998       0.202165625636998     
  0.201872497295561       0.201872497295561     
  0.201578494516733       0.201578494516733     
  0.201283612234119       0.201283612234119     
  0.200987845269564       0.200987845269564     
  0.200691187960628       0.200691187960628     
  0.200393634570363       0.200393634570363     
  0.200095178765777       0.200095178765777     
  0.199795814064863       0.199795814064863     
  0.199495533501330       0.199495533501330     
  0.199194329699102       0.199194329699102     
  0.198892194723311       0.198892194723311     
  0.198589120229307       0.198589120229307     
  0.198285097276392       0.198285097276392     
  0.197980116290572       0.197980116290572     
  0.197674166952792       0.197674166952792     
  0.197367238310698       0.197367238310698     
  0.197059318555120       0.197059318555120     
  0.196750394982818       0.196750394982818     
  0.196440453959229       0.196440453959229     
  0.196129480732205       0.196129480732205     
  0.195817459581020       0.195817459581020     
  0.195504373294833       0.195504373294833     
  0.195190203470710       0.195190203470710     
  0.194874930103841       0.194874930103841     
  0.194558531587544       0.194558531587544     
  0.194240984526995       0.194240984526995     
  0.193922263515714       0.193922263515714     
  0.193602341061059       0.193602341061059     
  0.193281187211695       0.193281187211695     
  0.192958769520345       0.192958769520345     
  0.192635052522245       0.192635052522245     
  0.192309997772399       0.192309997772399     
  0.191983563212279       0.191983563212279     
  0.191655703020814       0.191655703020814     
  0.191326367018345       0.191326367018345     
  0.190995500517610       0.190995500517610     
  0.190663043355170       0.190663043355170     
  0.190328929742399       0.190328929742399     
  0.189993087259653       0.189993087259653     
  0.189655436409238       0.189655436409238     
  0.189315889386061       0.189315889386061     
  0.188974349407080       0.188974349407080     
  0.188630709258440       0.188630709258440     
  0.188284850252393       0.188284850252393     
  0.187936640364650       0.187936640364650     
  0.187585932595256       0.187585932595256     
  0.187232562621656       0.187232562621656     
  0.186876346414510       0.186876346414510     
  0.186517076959434       0.186517076959434     
  0.186154520680729       0.186154520680729     
  0.185788412784758       0.185788412784758     
  0.185418451821032       0.185418451821032     
  0.185044292902175       0.185044292902175     
  0.184665538912240       0.184665538912240     
  0.184281729926887       0.184281729926887     
  0.183892431891639       0.183892431891639     
  0.183497258813639       0.183497258813639     
  0.183096072775374       0.183096072775374     
  0.182688670918731       0.182688670918731     
  0.182274839733632       0.182274839733632     
  0.181854354263508       0.181854354263508     
  0.181426977230883       0.181426977230883     
  0.180992458235665       0.180992458235665     
  0.180550532587686       0.180550532587686     
  0.180100920293252       0.180100920293252     

