21	64
0	0.022415874146705280023	0.056252842339029845741
0	0.1181225120967704798	0.11902398731242602781
0	0.290365744018036484	0.15749640386214452382
0	0.53928622122797903932	0.16754705041577394788
0	0.86503700464811394462	0.15335285577923661809
0	1.2678140407752413981	0.12422105360932974451
0	1.7478596260594362528	0.090342300986485057739
0	2.3054637393075087185	0.059477755768355024212
0	2.9409651567252518407	0.035627518904036071854
0	3.654752650207290527	0.019480410431166406043
0	4.4472663433130943567	0.0097435948993820022401
0	5.3189992544963903435	0.0044643103641662752924
0	6.2704990469236539129	0.0018753595813231148268
0	7.3023700025873957472	0.00072264698157500512272
0	8.4152752394830241945	0.00025548753283349670971
0	9.6099391927961080358	0.000082871435343969421791
0	10.887150383886372143	0.00002465686396788558746
0	12.247764504244301618	6.7267138788296685276e-6
0	13.692707845547505153	1.6817853699640888978e-6
0	15.222981111524728848	3.8508129815466844148e-7
0	16.839663652648737211	8.0687280409904997904e-8
0	18.543918170859190524	1.545723706757688828e-8
0	20.336995948730235501	2.70448014761748141e-9
0	22.22024266595087654	4.3167754754272009123e-10
0	24.19510487593325399	6.2777525417614522017e-11
0	26.263137227118485785	8.3063173762889580639e-12
0	28.426010527501027299	9.9840317872201640559e-13
0	30.685520767525971771	1.0883538871166626853e-13
0	33.043599236437829126	1.0740174034415901865e-14
0	35.502323891141209587	9.5757372315744421056e-16
0	38.06393216564646826	7.6970280236485860989e-17
0	40.730835444458626366	5.5648811374540253665e-18
0	43.505635466421529853	3.6097564090104464983e-19
0	46.391142978616192074	2.0950953695489462348e-20
0	49.390399025624686679	1.0847933010975493612e-21
0	52.50669934134630165	4.9946994863638041158e-23
0	55.743622413278380463	2.0378369745988223107e-24
0	59.105061919017106609	7.3395375642788370391e-26
0	62.595264400151395596	2.3237830821986942613e-27
0	66.218873251247564382	6.4382347069087624204e-29
0	69.980980377146829229	1.5531210957882752706e-30
0	73.887187232482963211	3.2442500920195373145e-32
0	77.943677434463120314	5.8323862678362015013e-34
0	82.157303778319304295	8.9632548331028540613e-36
0	86.53569334945651821	1.1687039895507362412e-37
0	91.087375613133090146	1.2820559843599803815e-39
0	95.821940015520732095	1.1720949374050022918e-41
0	100.75023196951397963	8.8353396723286049813e-44
0	105.88459946879994936	5.4249555903061865943e-46
0	111.23920752443958206	2.6755426666788938289e-48
0	116.83044505130649846	1.0429170314113670781e-50
0	122.67746026853857658	3.1529023519577726237e-53
0	128.80287876923767251	7.2295419106475223397e-56
0	135.23378794952582783	1.2242353012300822645e-58
0	142.00312148993151903	1.4821685049019104118e-61
0	149.15166590004938859	1.2325193488145188081e-64
0	156.73107513267116123	6.6914990045712695268e-68
0	164.80860265515052299	2.2204659418504489955e-71
0	173.47494683642427452	4.12094609473887625e-75
0	182.85820469143146365	3.7743990618964891704e-79
0	193.15113603707291148	1.4141150529176194175e-83
0	204.67202848505945595	1.5918330640413679179e-88
0	218.03185193532851633	2.9894843488606343077e-94
0	234.80957917132616471	2.0890635084369527708e-101
1	0.056473206564256670573	0.0050626117135459400627
1	0.18934772104680576749	0.026776104064877197863
1	0.39827820469549299352	0.066053054432983237239
1	0.68337098355831459076	0.11152621219346599444
1	1.0447907917824675891	0.14687995587872673579
1	1.4827500622755947856	0.16032780993861433681
1	1.9975080983134540394	0.14993660325935181605
1	2.589371587380827	0.12256053895462840703
1	3.2586955204404063914	0.088706796031245620877
1	4.0058843501559202723	0.057350332617761687977
1	4.8313933542760433579	0.033324037179440306056
1	5.7357302024342069661	0.017479705440780762632
1	6.7194567351505576933	0.0083033059878072514382
1	7.7831909688013047203	0.0035802518197699097534
1	8.927609343766134132	0.0014035969938181734206
1	10.15344923608881137	0.00050088597629827280731
1	11.46151175623206459	0.00016282825869696354721
1	12.852664862083798048	0.000048239133125367817471
1	14.327846817413900426	0.000013026048155972891754
1	15.888070031609340106	3.2057585030683460852e-6
1	17.534425321856348225	7.1882651208435409327e-7
1	19.268086645137384662	1.4678445632299094396e-7
1	21.090316354639988512	2.7277817051115048054e-8
1	23.002471043643736356	4.6094692367141735083e-9
1	25.006008049916254623	7.0757413585883041548e-10
1	27.102492705424738471	9.8553371976894329036e-11
1	29.293606430146260707	1.2438817515316231104e-11
1	31.581155785424982986	1.4205417987374073719e-12
1	33.967082622287130028	1.4654909190387306682e-13
1	36.45347548415411981	1.3632578075289541089e-14
1	39.042582452465691149	1.1412240939301738831e-15
1	41.736825659082869608	8.5784769662872931222e-17
1	44.538817732584445828	5.7763570042104105297e-18
1	47.451380498769835504	3.4750710984650366046e-19
1	50.477566321533818568	1.8624950934760237405e-20
1	53.620682552330089747	8.865214588433290009e-22
1	56.884319659388716102	3.7347409258184044895e-23
1	60.272383737978286977	1.3873417175898818406e-24
1	63.789134268783747368	4.5256116622610080178e-26
1	67.439228204463169937	1.2905868124609283506e-27
1	71.227771740580298315	3.2015686704596242271e-29
1	75.160381488595930357	6.8711934755688732424e-31
1	79.243257246800871469	1.2681515264691600453e-32
1	83.483269204866989867	1.9992467745741823416e-34
1	87.888063284255184542	2.6722108872709446264e-36
1	92.46618950620724942	3.0029529071378965837e-38
1	97.22725993580660072	2.8106624900327604506e-40
1	102.182145095437946	2.1678101653240402885e-42
1	107.34322111881645881	1.3611696302573646195e-44
1	112.72468487885409639	6.8616735234975905865e-47
1	118.34296177284852188	2.7325756056993321129e-49
1	124.21724231174754239	8.4364124383420091038e-52
1	130.37020179335773475	1.9747979279449965796e-54
1	136.82898694317080362	3.4127262303721956538e-57
1	143.62660352658284582	4.215421671855515604e-60
1	150.8039274622942574	3.5756188362360705437e-63
1	158.41272635010989475	1.9798446540277021776e-66
1	166.52040247719360879	6.6999820465476540008e-70
1	175.21785647894025332	1.2681343338294685551e-73
1	184.63347385842801905	1.1847694501968910627e-77
1	194.96045375165236047	4.5295893013171041052e-82
1	206.51781952778264287	5.2069141497882742894e-87
1	219.91797729553820599	1.0000011380443366112e-92
1	236.74368758605036632	7.1690597897567615911e-100
2	0.10068230541389714045	0.0012132547525474315994
2	0.27052083648333409679	0.011583030787402089535
2	0.51569963592892004057	0.04493000362306419901
2	0.83648800891546159135	0.10872335534786386264
2	1.233097421300655701	0.19255439077589069575
2	1.7057666935590734053	0.26994515883714925949
2	2.2547755180265700203	0.3131968888074519107
2	2.880448469678683833	0.30917693012539956347
2	3.5831570571295620257	0.26449462361780942199
2	4.3633213310809692181	0.19859831498615340516
2	5.2214114609844820423	0.13208268110875413518
2	6.1579494203690628409	0.078331417479019311763
2	7.1735108419829285807	0.041630782825245588563
2	8.2687270780385895186	0.019902762046232609786
2	9.4442874924581768545	0.0085834507616147846988
2	10.700942010171888373	0.003346419300255909508
2	12.039503949523619971	0.0011812565013442525603
2	13.460853166335599295	0.00037794718729300049186
2	14.965939541681068472	0.00010968688156389681087
2	16.555786849755571145	0.000028886137422427717384
2	18.231497047423178721	6.9038192626257114969e-6
2	19.99425503312816121	1.4972748739779277206e-6
2	21.845333930047301593	2.9456151955312178929e-7
2	23.786100956806659164	5.253798436753390728e-8
2	25.818023959046697836	8.4892578748612271545e-9
2	27.942678686902204226	1.241536882390046508e-9
2	30.161756917456840648	1.6415650902232892472e-10
2	32.477075537922528934	1.9597509607243557001e-11
2	34.890586725291347425	2.1093252672234265345e-12
2	37.404389382282131917	2.0434294141244327851e-13
2	40.020742018532346344	1.7784332225112590591e-14
2	42.742077301415117164	1.3876390225918779034e-15
2	45.57101854419421796	9.6845877796311020445e-17
2	48.510398452540208226	6.0305252928617239985e-18
2	51.563280516422815281	3.3411298570081166575e-19
2	54.732983516621165086	1.6419973257670243108e-20
2	58.023109718262930489	7.1341108748056124643e-22
2	61.437577454210633354	2.7302394907121114177e-23
2	64.980658967254118798	9.1664801130526510244e-25
2	68.657024593526045028	2.68792443242170788e-26
2	72.471794646297153058	6.8504381692328190752e-28
2	76.43060072159151719	1.5092380476770153192e-29
2	80.539658626320621691	2.8571491825840511291e-31
2	84.805855770851497332	4.6169076798481654503e-33
2	89.236856736420947822	6.3209885764536653863e-35
2	93.841231919962054872	7.2713922595202288429e-37
2	98.628615819395202237	6.9626721343197199878e-39
2	103.6099038725785457	5.4909530685180415808e-41
2	108.79750014861563095	3.5235163962559303803e-43
2	114.205633163617194	1.8143753469846935517e-45
2	119.85076456027236153	7.3775988069976373321e-48
2	125.75212688018257557	2.3247526739833212587e-50
2	131.93244483285921369	5.5522167479818876472e-53
2	138.41892413768805067	9.7867439990382226746e-56
2	145.24464225193115966	1.2327086198038917484e-58
2	152.45056403087693014	1.0660239632418143593e-61
2	160.08857013595923414	6.0170708713813809401e-65
2	168.22621092299694061	2.0755933851728467709e-68
2	176.95458828818856362	4.0046923454930011414e-72
2	186.40237480280998086	3.8146451076972954662e-76
2	196.76320677130971117	1.4875313873359854448e-80
2	208.35683972235899944	1.7453909108197752918e-85
2	221.7971089290375989	3.4262705139061777726e-91
2	238.67054395977355159	2.518566443607166701e-98
3	0.15423299794004280691	0.0005357707856420182842
3	0.36109217567418554513	0.0079995965106183831845
3	0.64221942876781379814	0.044392368957327152256
3	0.99830800679436259205	0.14433807976597463186
3	1.429681288320826194	0.32816350585375055591
3	1.9366272380750046805	0.57060385922040772119
3	2.5194554050605621409	0.79936126392900524857
3	3.1785125987362080756	0.93256630440498236777
3	3.9141889310886937101	0.92646104968676341082
3	4.7269210373659291126	0.79616295368916438589
3	5.6171943925283861456	0.59863161158652980837
3	6.5855453742905263285	0.39718195026168223623
3	7.6325633305759448994	0.23403750092550148195
3	8.7588927703938867226	0.12307991416752770773
3	9.965235743652436016	0.057988582287283261842
3	11.2523544540111418	0.024548200481992688746
3	12.621074140784970413	0.0093580894194430735539
3	14.072286263934778571	0.0032178915812339217675
3	15.606952027364667574	0.00099930670053451170535
3	17.22610627884283367	0.00028049651716348654909
3	18.930861829354049607	0.00007119848102536807651
3	20.722414240408426138	0.000016346123802938425833
3	22.602047134784130421	3.3941581684348131768e-6
3	24.571138094495258066	6.3722255134865809601e-7
3	26.631165219659708289	1.0810947452869442097e-7
3	28.783714433685419476	1.6562655132067066493e-8
3	31.030487634173302668	2.2891863476250605815e-9
3	33.373311805631124163	2.8511605746786960163e-10
3	35.81414923011131144	3.1957223850312451889e-11
3	38.355108955995842783	3.218494673399718783e-12
3	40.998459714330150651	2.9074497115586739248e-13
3	43.746644507603926876	2.3512175366446914869e-14
3	46.602297139295184826	1.6984063633381363692e-15
3	49.568261005912879614	1.0932036612074165343e-16
3	52.647610539402328892	6.2531915371196490309e-18
3	55.843675770177347519	3.1692254007066339639e-19
3	59.160070584431939718	1.4185123522346221338e-20
3	62.60072538007114807	5.5869538646029440756e-22
3	66.169924992099916475	1.9286470356242533666e-23
3	69.872352972229733442	5.8098144894372606865e-25
3	73.713143584806031099	1.519850323932599248e-26
3	77.697943244236058538	3.4343240058279762286e-28
3	81.832983599409489312	6.6634887329189464276e-30
3	86.125169113236221296	1.1028303082786121676e-31
3	90.582182855847958484	1.5454438461449183152e-33
3	95.212615424817664034	1.8185958254005823253e-35
3	100.02612356994739872	1.7803349928380657546e-37
3	105.03362745559013806	1.434676942115029598e-39
3	110.24755888659973183	9.4027115729072281846e-42
3	115.68217780865081443	4.9428851453593656748e-44
3	121.35398187788749522	2.0510089868995955601e-46
3	127.28224541066216019	6.5927691030350862933e-49
3	133.48974224070417385	1.6056583610947123676e-51
3	140.00373675172721101	2.8853362883128204952e-54
3	146.85737770635366459	3.7041333036944852059e-57
3	154.09171843129957058	3.264231471623079918e-60
3	161.75875207287675103	1.8773020422925430178e-63
3	169.92617631496786091	6.597921366306669407e-67
3	178.68529332251402659	1.2971011109503886488e-70
3	188.16506133365137311	1.2591624686272606416e-74
3	198.55955169818837828	5.0059610681053371614e-79
3	210.1892485517753804	5.9927043193300940894e-84
3	223.66940937579906778	1.2018659140637450171e-89
3	240.59031430039505073	9.0537820896614914294e-97
4	0.21656661155878009293	0.00037011854810057777578
4	0.46058585259431071449	0.007951382424626094117
4	0.77744571280527609566	0.059409552713345890836
4	1.1685017678650429965	0.24821852800370765666
4	1.6342602885461353201	0.7003336678756097434
4	2.1750863773840427782	1.4708329842438423965
4	2.7913322728631095433	2.4356540905960073936
4	3.4833734691932015805	3.3003230387746112056
4	4.2516221089766634841	3.7529011237627777401
4	5.0965332806954091581	3.646392006020893035
4	6.0186087773377059422	3.0675077830063267515
4	7.0183998997921153645	2.2565818349048931308
4	8.0965099351539177733	1.4627266209169977543
4	9.2535965922318794421	0.84039006440453447752
4	10.490374536999860114	0.42993334049236872707
4	11.807618110984904399	0.19655568824299729534
4	13.206164289258316877	0.08052894186032465312
4	14.686915923558759289	0.029630553227288088957
4	16.250845312439193122	0.0098075198624163395385
4	17.898998140783313927	0.0029236671813001650327
4	19.632497834030151169	0.00078559477919577049413
4	21.452550377287431566	0.00019036177469012860463
4	23.360449655945204753	0.000041605607505029232363
4	25.357583382398483317	8.2012362403705328625e-6
4	27.445439683179358057	1.4575360222882171992e-6
4	29.625614432428476977	2.3341471518320993857e-7
4	31.899819431552612527	3.3656284837383899828e-8
4	34.269891551583050341	4.3651520356791053578e-9
4	36.737802974766590261	5.0862924566237462849e-10
4	39.305672696050890501	5.3168256112433715775e-11
4	41.975779474343793328	4.9778088895194548534e-12
4	44.750576458980753439	4.1662616749360000693e-13
4	47.632707760332565223	3.1107359501390294358e-14
4	50.625027287008541493	2.0671220195853612598e-15
4	53.730620238372740729	1.2193229804821015437e-16
4	56.952827723660725908	6.3659168952492221328e-18
4	60.295275082590144361	2.9322344328802340138e-19
4	63.761904613322298827	1.1873846533355560257e-20
4	67.357013580487081307	4.2105350970308799611e-22
4	71.085298590364833835	1.3018327748171716846e-23
4	74.951907698261903555	3.4927199224731763823e-25
4	78.9625019769826466	8.088276464479811338e-27
4	83.123328756661877493	1.6071967022378510886e-28
4	87.441309390262939971	2.7223735172285489842e-30
4	91.924145271384862004	3.90211675229268475e-32
4	96.580447028470320672	4.6940128416247832136e-34
4	101.41989348739539082	4.6950483323384004636e-36
4	106.45342935508459061	3.8637382582036992518e-38
4	111.69351397751300824	2.5847734531821556979e-40
4	117.15443852129992615	1.3863783215636305957e-42
4	122.85273642919366487	5.8672211406826185843e-45
4	128.80772354162953042	1.9228452957786077422e-47
4	135.04222253455339597	4.7731606661070791959e-50
4	141.58355613231267936	8.73994599807338242e-53
4	148.46494402283185522	1.1430395143485090406e-55
4	155.72752754638935961	1.0259908061238093103e-58
4	163.42341176597662004	6.0094780644926970663e-62
4	171.62044096340728017	2.1509717260152470188e-65
4	180.41011659375439988	4.3067873540649773421e-69
4	189.92168117907778119	4.258908670396939688e-73
4	200.34963901869238753	1.7254870393960561945e-77
4	212.01519934762007734	2.106526787840670858e-82
4	225.5350349868475035	4.314268501560270131e-88
4	242.50315838468833285	3.3289226935112379887e-95
5	0.28725220189293584107	0.00036393776038469968409
5	0.56859288987120496551	0.010643332032224660578
5	0.92101979007210465296	0.10261180426253100339
5	1.3467564217961802012	0.5331351620028858728
5	1.8465599741555953977	1.8190419100195409551
5	2.4209017840613815795	4.5193327748445773999
5	3.0701910297780630496	8.6966608124336187067
5	3.7948394843386925343	13.493130536931456075
5	4.5952855946648583465	17.352358062177677329
5	5.472005387372069506	18.867061346718215099
5	6.4255184369730796782	17.600570595493562702
5	7.4563918209467655002	14.244858708409080085
5	8.565243241554445928	10.088464000815459633
5	9.7527438434956992977	6.2941639437129621143
5	11.019620989304678044	3.4776774678558089539
5	12.366661136562147485	1.7087992539855236881
5	13.7947129065324421	0.74916081172762711344
5	15.304690408318414753	0.2938091731877531191
5	16.897576871303860183	0.10328382289652708201
5	18.574428634834826839	0.03259367199812154433
5	20.336379544628933015	0.0092436527532261122846
5	22.184645808791294157	0.0023576545189266098939
5	24.120531371866607642	0.00054102759924195275829
5	26.145433872811271421	0.0001117149517782632444
5	28.260851262122638591	0.000020753413249254272697
5	30.468389164781327049	3.4672031472202940549e-6
5	32.769769089451502404	5.2059808901520287901e-7
5	35.166837600980099117	7.0191038934843109946e-8
5	37.661576593220873404	8.4886953774822384287e-9
5	40.256114823337497057	9.1961720899557333039e-10
5	42.952740897981717141	8.9106207121176958396e-11
5	45.753917937344588379	7.7085037228187590846e-12
5	48.662300186648336363	5.9417558542882312416e-13
5	51.680751898267240224	4.0714860305857128591e-14
5	54.812368874057099377	2.4738770187114794166e-15
5	58.060503140209088914	1.3291016031293299233e-16
5	61.428791330763197196	6.2939772671310215436e-18
5	64.921187487154446166	2.6179589007655969472e-19
5	68.542001148373299512	9.5277841739027213472e-21
5	72.295941821160029442	3.0210131069852643943e-22
5	76.188171198192486726	8.305839087154636833e-24
5	80.224364856877722331	1.9696838078650346152e-25
5	84.410785653762549935	4.0054071756943715579e-27
5	88.754371675021415826	6.938983534476898357e-29
5	93.262842477725207892	1.0166434083749324735e-30
5	97.944828556671147805	1.2493910692267219392e-32
5	102.81003064311857434	1.2760294827340702706e-34
5	107.86941780766073803	1.0717428966211157733e-36
5	113.13547674773499714	7.3143920500865766122e-39
5	118.62252964725871317	4.0006974883662730473e-41
5	124.34714551377213708	1.7259372695176806162e-43
5	130.32868146630816882	5.7640980813659892394e-46
5	136.59000874645551089	1.4576715753868549387e-48
5	143.15850810130879153	2.7184329780349140882e-51
5	150.06746977041053327	3.6202312235751381049e-54
5	157.35812265694635436	3.3083741728433782849e-57
5	165.08268318083998323	1.9726989218513937001e-60
5	173.30914150203569766	7.1878721279124835918e-64
5	182.12919740041476732	1.4651785649093733746e-67
5	191.67237631720025486	1.4753445543091036755e-71
5	202.133613432266031	6.0888517794382787563e-76
5	213.83483961676137465	7.5775457671754849311e-81
5	227.39413624883616925	1.5841109519692893125e-86
5	244.40923008064014044	1.251389734190868509e-93
6	0.36593537991416407594	0.00047882192235152044854
6	0.68475682426817778599	0.01831671811762486333
6	1.0726157287380028954	0.22077590593546504405
6	1.5327795628299259094	1.3909819384746964102
6	2.0663188111434528379	5.6234975709403653425
6	2.6738393050638945703	16.252460804562596898
6	3.3558216931940959378	35.836678316242554266
6	4.112722111113446271	62.91368359742783254
6	4.9450100478198912441	90.574146514118999061
6	5.8531853401222550303	109.23810346572041351
6	6.8377871178493781391	112.13941928245803148
6	7.8993993344419477577	99.178950229407493708
6	9.0386547784712445171	76.285342851789987087
6	10.256238422464506983	51.408227370868406695
6	11.552890531598276133	30.530875354699414213
6	12.929409759929494799	16.05422234738148444
6	14.386656369456418676	7.5024027929980792538
6	15.925555662144501865	3.1250555550255272139
6	17.54710169309491068	1.1629801135312298977
6	19.252361323234906034	0.38736886908945159187
6	21.042478666971225082	0.11563761110998294157
6	22.918679991558607162	0.030967686382790183829
6	24.882279129213237997	0.0074441654471232763697
6	26.934683469659767906	0.0016067472678562732674
6	29.077400609649984813	0.00031139100553607951176
6	31.312045747089253134	0.000054172487208126162502
6	33.640349920993346491	8.4555890257003453938e-6
6	36.064169214971034202	1.1832447190348950867e-6
6	38.585495061844737035	1.4830016139418082757e-7
6	41.20646581112288708	1.6627004794547329354e-8
6	43.929379750285137335	1.6651692469651357303e-9
6	46.756709806477778099	1.4870884744355168381e-10
6	49.691120198847915025	1.1819616250738360744e-11
6	52.735485365456238853	8.3425565949570462877e-13
6	55.892911555222363104	5.2160978181631693849e-14
6	59.166761558254677272	2.8809581860148893501e-15
6	62.560683151945753856	1.401293202796775862e-16
6	66.078641971723028619	5.9817496166693634482e-18
6	69.724959682902391429	2.2324230478766689182e-19
6	73.504358545384487235	7.2532700432781183482e-21
6	77.4220137420659485	2.0420086715087246506e-22
6	81.48361520726943155	4.9553838584433551835e-24
6	85.695441174938975762	1.0305400819410950803e-25
6	90.064446313185655382	1.8247285956680473506e-27
6	94.598368187911569942	2.7309734110560327873e-29
6	99.305857000932536904	3.426657642323490357e-31
6	104.19663522324266592	3.5714791175923686836e-33
6	109.28169611514763765	3.059841457274921589e-35
6	114.57355354078446679	2.1292534930474770488e-37
6	120.08656050262060866	1.1870246319055279658e-39
6	125.83732135613929561	5.2176188680001048829e-42
6	131.84523425859126754	1.7748650877705375879e-44
6	138.13321874598188528	4.5704534583703519904e-47
6	144.72871327598898689	8.6772024240730100837e-50
6	151.66507827237111225	1.176179123182922217e-52
6	158.98362975767319342	1.0938650147486706593e-55
6	166.73669495733672087	6.6371707714277868363e-59
6	174.99240919982668084	2.4608651703642007291e-62
6	183.84266963761631059	5.1047658601537172984e-66
6	193.41728328426589454	5.2319604107013311951e-70
6	203.91161415781294136	2.1986819535673270258e-74
6	215.64831134607521203	2.7881618124053948254e-79
6	229.24685808707880618	5.947142810339018386e-85
6	246.30867764867545168	4.807519270154344189e-92
7	0.45231269414567939622	0.00080680126041995554779
7	0.80876215311431245871	0.039165657151642039373
7	1.2319367475681048126	0.57591890578629013389
7	1.7262992671958488432	4.313114777811499409
7	2.2932897510742253213	20.322972585166234632
7	2.9336751205516202046	67.386487870100106449
7	3.6480216884712801922	168.27286231392943608
7	4.4368381173776853384	330.9144659601993084
7	5.3006298749322779448	528.68975291708723829
7	6.2399236946101639885	701.91842115173403415
7	7.2552802316521720879	787.62717580270843429
7	8.3473015843653876379	756.71369846277762941
7	9.5166364418408575149	628.79313297702800996
7	10.763984116144847574	455.52914437826127685
7	12.090098081398083576	289.5483308329260253
7	13.495789352690047278	162.30765270675073534
7	14.9819298983007929	80.565762225821946388
7	16.549456208867656425	35.528974824710973356
7	18.199373111673076139	13.956313304674720039
7	19.932757900761324704	4.8933342310679388682
7	21.750764846153950242	1.533791432398229155
7	23.654630144029431565	0.43028342548608168415
7	25.645677372331653556	0.1081208182541367702
7	27.725323521872008556	0.024345928722001800874
7	29.895085681161312597	0.004913270545100335367
7	32.156588463867636988	0.00088855834760940953266
7	34.511572281099921695	0.00014394660445417025883
7	36.961902577010926603	0.000020875496974822551537
7	39.509580166022828578	2.707729545750765907e-6
7	42.156752834025105232	3.1377231898508211097e-7
7	44.905728395127313179	3.2438971888468470998e-8
7	47.758989431204970306	2.987153377902538245e-9
7	50.719209985158545914	2.4455146121147621222e-10
7	53.789274532598902099	1.7761283396490287183e-11
7	56.97229962330314207	1.1416087131130599568e-12
7	60.271658666839319012	6.4761524573389575076e-14
7	63.691010440992914988	3.2326030879923418606e-15
7	67.234332033403545436	1.4149809729855242444e-16
7	70.905957094724408622	5.4109479151280142755e-18
7	74.710620497359368545	1.8001108678406701734e-19
7	78.653510773553847402	5.1856494182090373998e-21
7	82.740332072823521245	1.2868599457653382289e-22
7	86.977377863180002615	2.7350883985668980645e-24
7	91.37161924883936895	4.9467105050100312646e-26
7	95.930811655131137299	7.5582498285347725143e-28
7	100.6636248366210424	9.6771610597056643697e-30
7	105.57980284332482858	1.0287279504849181389e-31
7	110.69036295614804673	8.9854896214609726304e-34
7	116.00784602596156892	6.3721980415894436635e-36
7	121.54663567983628129	3.6189526557373297061e-38
7	127.32337140921675875	1.6199916881425596492e-40
7	133.35749217420141527	5.610393576722281397e-43
7	139.67196553923619239	1.4704836838170237534e-45
7	146.29428736603993581	2.8408957916989484355e-48
7	153.25788790136057232	3.9178114757170855581e-51
7	160.6041698505457384	3.7065414454003865885e-54
7	168.38557070134194178	2.2876433676080815401e-57
7	176.6703702511610443	8.6275770662336370107e-61
7	185.5506620857675943	1.8205702666825484349e-64
7	195.15653346191237562	1.8985228578092561008e-68
7	205.68377521958442275	8.1208872773562247692e-73
7	217.45575128699690423	1.0489436711246907523e-77
7	231.09334014875917668	2.2819115484989033765e-83
7	248.20164402343363187	1.8867715158193793306e-90
8	0.54611713099436418301	0.0016850733689977883182
8	0.94032587180408012423	0.10135399545003541378
8	1.3987113031225313946	1.7829795782062364668
8	1.9270627349990933571	15.616459737669006596
8	2.5272402247837685123	84.598826810146553631
8	3.2001964263481417796	318.11647612155202132
8	3.946596860334823052	890.70464715712150742
8	4.7670107175881239914	1945.2196879755602745
8	5.6619844048203680425	3422.9489211214038438
8	6.6320747300265197619	4969.5109853983994991
8	7.6778659538866704025	6059.4991498885124862
8	8.7999796969635330347	6290.9065376460640677
8	9.9990814625531252486	5620.7699236911267305
8	11.275885502259936561	4358.8845283843184237
8	12.631158882652425649	2953.9828814109568616
8	14.065725211513460751	1759.0395833573763869
8	15.58046828721226129	924.49093341768010508
8	17.176335835526517558	430.36997488537817658
8	18.854343446572214805	177.96700630876396637
8	20.615578797745609627	65.521441017286155564
8	22.461206235653036353	21.515030933923197411
8	24.392471785261187119	6.3094637582338618328
8	26.410708655019995615	1.6540325939352645568
8	28.517343310988507221	0.38784254532855740915
8	30.713902200311486598	0.081366988714028526766
8	33.002019214496712737	0.015272756024380181213
8	35.38344399588139531	0.0025641232353391840228
8	37.860051206733023159	0.00038483536036734259641
8	40.433850900091518945	0.000051591446697169278704
8	43.1070001554214656	6.1714984773425827981e-6
8	45.881816171340151141	6.5788319093082088826e-7
8	48.760791043346351777	6.2398959805743359371e-8
8	51.746608498195322287	5.2564024102996102273e-9
8	54.842162910431847944	3.924438639688896986e-10
8	58.050580993333272915	2.5906919605369747743e-11
8	61.375246639719828482	1.5081473709267505082e-12
8	64.819829492524739162	7.7190030868847994449e-14
8	68.388317957054925125	3.4619047082819854367e-15
8	72.08505753511955544	1.3554565068195112553e-16
8	75.914795577392534192	4.6139053498974059886e-18
8	79.882733830681155124	1.3591135110353593214e-19
8	83.994590523752582593	3.4467408023802367632e-21
8	88.256674220872044165	7.4822122600339840461e-23
8	92.675972321814562819	1.3814250742129211755e-24
8	97.260257967023354043	2.1536192897932289222e-26
8	102.01822031447492966	2.8120987232617568057e-28
8	106.95962483729888288	3.0473979844316398857e-30
8	112.09551267260830393	2.7123170961901624982e-32
8	117.43845148272072809	1.9592729377777421856e-34
8	123.00285533005103045	1.1330403286747980003e-36
8	128.80539863477954579	5.1629166282247110889e-39
8	134.86556092938197334	1.8195849611813923673e-41
8	141.20635754590882938	4.8520727871439967987e-44
8	147.85534144908726778	9.5349339746965728953e-47
8	154.84601235348607901	1.3372912134629167721e-49
8	162.21985921756416569	1.2865193731591574193e-52
8	170.02942925622162292	8.0736459022723842983e-56
8	178.34314604611583773	3.0960122980641772307e-59
8	187.25329867971630081	6.6434063339372836393e-63
8	196.89025334523171092	7.0462655814132047391e-67
8	207.45022571419258633	3.0667327372353434052e-71
8	219.25729122150479947	4.0332427641471594207e-76
8	232.93371706787913031	8.9451202906287749819e-82
8	250.08826707760815053	7.5617672155784927691e-89
9	0.64710916525818590795	0.0042533942600545989523
9	1.0791912986110032904	0.31089274010372212055
9	1.5726896058250699778	6.4386946215170456687
9	2.1348345589624010639	65.070489298845531824
9	2.7679514708465308132	400.65310143208255052
9	3.4732013862071085847	1691.7742275311501281
9	4.2513617845200959287	5265.9735674338223212
9	5.1030700846684987751	12676.355663683766614
9	6.0289185050208580266	24406.550091313847619
9	7.0294971125652278612	38521.604824958817563
9	8.1054159002415583652	50774.717067211854369
9	9.2573174498989938287	56696.229597290227206
9	10.485885057338354756	54238.584523016303556
9	11.791848575876163095	44853.658604062694546
9	13.175989105511885824	32295.951451575963671
9	14.639143130457128817	20365.148816667510806
9	16.18220644967540667	11299.746734620803958
9	17.80613811223456384	5538.0471635913130028
9	19.511964498887948752	2404.8974856187604014
9	21.300783653751600037	927.60846977946051503
9	23.173769950587959944	318.4254334718591184
9	25.132179169529207346	97.425661322508535287
9	27.177354058126274264	26.597080243731796103
9	29.310730453309640158	6.4834361470823657727
9	31.533844047138564977	1.411758755284133031
9	33.848337888641511837	0.2746259823072142412
9	36.255970726541368316	0.047716364853477543621
9	38.758626313421072276	0.0074018291703039827235
9	41.358323811357136646	0.001024341213648108142
9	44.057229462896003874	0.00012634573290897436061
9	46.857669720387169305	0.000013872421235238154036
9	49.76214606233344347	1.3538573471838033683e-6
9	52.773351769165749778	1.1723593953980576979e-7
9	55.894190984779893189	8.989488034409717694e-9
9	59.127800457014911675	6.0896109457174414052e-10
9	62.477574433603062061	3.634845585096287716e-11
9	65.947193294752462906	1.9060903885367637462e-12
9	69.540656635820304711	8.7524082778303412317e-14
9	73.262321682119432423	3.5061916484728427983e-15
9	77.116948134532533924	1.2203380284625988054e-16
9	81.109750825495108913	3.6733973124539951053e-18
9	85.24646193265480694	9.5142724365670432603e-20
9	89.533404984038460393	2.1082395057801640724e-21
9	93.977583539540402754	3.9712017601196822678e-23
9	98.58678831532745416	6.31339641044838436e-25
9	103.36972772822185127	8.402949058037313228e-27
9	108.33618852321861428	9.2780641816389866054e-29
9	113.49723553382832405	8.4106194213189803704e-31
9	118.86546306307532169	6.1856645432187333475e-33
9	124.45531542402030973	3.6408072620298049399e-35
9	130.2835017629878404	1.6880217684674211735e-37
9	136.36954195914066173	6.0515809699939553754e-40
9	142.73649885631892092	1.6410977359144598078e-42
9	149.4119822266143087	3.279048276038702583e-45
9	156.4295609031810827	4.6752895494549314242e-48
9	163.83080967462983547	4.5719375991855942552e-51
9	171.668384955776755	2.916268501485622895e-54
9	180.01085342252551165	1.1366734356985541598e-57
9	188.95069875997026484	2.4793519398032437463e-61
9	198.61856479318653908	2.6736953586471925524e-65
9	209.21109006024841932	1.1835955095383896899e-69
9	221.05305821099456771	1.5843595100313853079e-74
9	234.76811871336311058	3.5810092263960667854e-80
9	251.96867986922524042	3.093671874899189673e-87
10	0.75507086573943406009	0.012715801909025245403
10	1.2251234958410689353	1.1114020588982192805
10	1.7536406851774674917	26.737251106516527642
10	2.3493949959026676686	308.25371524975223283
10	3.0152176117960889739	2136.216077855120189
10	3.7524987290529373039	10043.431292383646907
10	4.5621396978249845339	34496.766303822634395
10	5.4448534902762718273	90934.422809986102215
10	6.4012828527214167519	190455.86048295736387
10	7.4320542453800712615	325103.8342121619369
10	8.5378055220202577213	461064.57581829277513
10	9.7192016913906880731	551409.17558081654105
10	10.976944857570710651	562661.67937794212107
10	12.311781178909506458	494475.02893761133095
10	13.724506270942298886	377086.5285431731272
10	15.215969817318877665	251071.15749295907045
10	16.787079824714961552	146682.6361222509197
10	18.438806787315594199	75501.016674216242124
10	20.172187935066032139	34352.129371956099629
10	21.988331690144771333	13852.785629862648442
10	23.888422429454856417	4961.5914312204077157
10	25.873725637757624232	1580.9454332024185425
10	27.94559353129258031	448.69866173675435546
10	30.105471232603931812	113.5278660647306558
10	32.35490358239162522	25.620086115296544566
10	34.695542682839833719	5.1579138071739173664
10	37.129156278838610634	0.92627727475253767326
10	39.657637098924422301	0.14832651294926429305
10	42.283013297006417441	0.021165493865893589061
10	45.007460159648376477	0.0026889133146095876147
10	47.833313272735294734	0.00030377883881031658547
10	50.763083376970808642	0.000030475426144829829055
10	53.799473185412749087	2.7102917606970279658e-6
10	56.94539649023824778	2.1325433597389914882e-7
10	60.203999952866629131	1.4811883661101996331e-8
10	63.578688055057773706	9.0580422002437272947e-10
10	67.073151793425423007	4.8630379723243304369e-11
10	70.691401832355980887	2.2846147269331967004e-12
10	74.437806999242722729	9.3575900509924248681e-14
10	78.31713922301543217	3.3280405059941007873e-15
10	82.334626298409089341	1.0230767571518626363e-16
10	86.496014226924004915	2.7046648487729070521e-18
10	90.807641372969512523	6.1141266441449176081e-20
10	95.276527326032999365	1.1743699630372736647e-21
10	99.910480243359341011	1.9029126564629660489e-23
10	104.71822766065860416	2.5803389207622974734e-25
10	109.70957744804575261	2.9014821943134552994e-27
10	114.89561798005364516	2.6776146728849090137e-29
10	120.28897003408098568	2.004083582246848052e-31
10	125.90410799356358618	1.2000524986689411849e-33
10	131.75777553288347858	5.6588691298527799754e-36
10	137.8695326568541304	2.0628053571616802032e-38
10	144.26248947018633411	5.6867482530809277539e-41
10	150.96431226195525776	1.1548742909158522525e-43
10	158.0086386404681121	1.6733490343678569738e-46
10	165.4371288081211878	1.6627322702746971007e-49
10	173.30254786017105737	1.0776288988075403694e-52
10	181.67360490129546823	4.267771293263326251e-56
10	190.64297730742606252	9.4595018435162250418e-60
10	200.34158526277771465	1.0368089152242292226e-63
10	210.96648823198608798	4.6667562076787128072e-68
10	222.84317482936936027	6.3560180354375627448e-73
10	236.59667042160878588	1.4635140714266958116e-78
10	253.84301087361399351	1.2915716092866577128e-85
11	0.86980181095645129958	0.044287443174218304072
11	1.3779058043768854886	4.5660693267781900115
11	1.9413499575806523801	126.15388310356405253
11	2.570538374697108323	1643.1004617918212096
11	3.268844668602453711	12708.199128578535211
11	4.0379071852868135054	66034.941460957239215
11	4.8787622237398050791	248656.55588095550848
11	5.792205227634337476	713628.48665202408736
11	6.7789339913839881783	1.6175200473273286936e6
11	7.8396144154266029295	2.9723118229459935959e6
11	8.9749143132170137256	4.5166377001701912583e6
11	10.185522586846313907	5.7635323681707873762e6
11	11.472161181175143644	6.2515236873097747263e6
11	12.835593287441841572	5.8200334447745014726e6
11	14.27662954665107957	4.6872543305565412529e6
11	15.796133193511843856	3.2865648209771146653e6
11	17.395024677554335565	2.0168180969335590821e6
11	19.074286086631448319	1.0878009805519421942e6
11	20.83496558352299372	517494.69271600372969
11	22.678182003147952065	217753.01983849828184
11	24.605129723122485013	81228.220647062376737
11	26.617083902213461929	26909.401400182172493
11	28.715406173279367715	7927.5352421570748378
11	30.901550876112773996	2078.8585376231505011
11	33.17707191934442491	485.54374376609611665
11	35.543630368303173413	101.03528752633751033
11	38.003002867083221772	18.73067499940037772
11	40.557091018072790144	3.0927165329429861109
11	43.207931861168724062	0.45455325952237575311
11	45.957709618431001173	0.059418626384763722407
11	48.808768898888416654	0.0069003845860253757232
11	51.763629593778538659	0.00071095205008412240812
11	54.825003736267785417	0.000064879666944417066276
11	57.995814653726176884	5.2340849434599184025e-6
11	61.279218807655242169	3.7245294107506423181e-7
11	64.678630799989975399	2.3318463127482700703e-8
11	68.197752129503281797	1.2807996479463934074e-9
11	71.840604414842248099	6.1519696523114727245e-11
11	75.61156796997535525	2.5747078083087197948e-12
11	79.515426835334591528	9.3511459568862120463e-14
11	83.557421649972553238	2.9340001739089735233e-15
11	87.743312119321109508	7.9125712345906993494e-17
11	92.079451321688396433	1.8238120666002489732e-18
11	96.572874750341097813	3.5702076299062876854e-20
11	101.23140787351482207	5.8933671398767977117e-22
11	106.06379721028312401	8.1377106763191818872e-24
11	111.07987161347579292	9.3145597257285520349e-26
11	116.29074284755448334	8.7469120240236909517e-28
11	121.70905800222210161	6.6595574584041590211e-30
11	127.34932135530766028	4.0552972824442707708e-32
11	133.22831091553507904	1.9441369261574531693e-34
11	139.36562659685579064	7.2031817960987725804e-37
11	145.7844255186993126	2.0179314533182446669e-39
11	152.51243020187619668	4.1636589227618616608e-42
11	159.58334669208341806	6.1286224124217407663e-45
11	167.03892019558913688	6.1857311457071150286e-48
11	174.93202397622120478	4.0720123331477922771e-51
11	183.33150890630819906	1.6380177354198460991e-54
11	192.33024516290904759	3.6881280221076855187e-58
11	202.05942802823285224	4.1072342328549332318e-62
11	212.71653597811055659	1.8790852785785463985e-66
11	224.62775938155151856	2.6030874568002116159e-71
11	238.41949321465844642	6.103880871817561071e-77
11	255.71138420120999933	5.5005642268161533075e-84
12	0.99111614100216155867	0.17725126985257996695
12	1.5373371665526016263	21.306332220100559576
12	2.1356172142528142755	669.45677353902491165
12	2.7980716778390806952	9767.6626381636880454
12	3.5286496003574781347	83693.696027252784981
12	4.3292548640782496783	477547.20576128459967
12	5.2010689942930174317	1.9600688465910147238e6
12	6.144976409418186208	6.0930316363954687757e6
12	7.1617342551112019308	1.4877112777152973348e7
12	8.2520508086565007132	2.9307116937828361363e7
12	9.4166258909027861065	4.7537690727135862822e7
12	10.65617374596761462	6.4503578575309475219e7
12	11.971437193103470666	7.4138790504363704811e7
12	13.363197195893298213	7.2909256592463188739e7
12	14.832279947926561181	6.1848360255755595991e7
12	16.379562606454720394	4.5558109348166701673e7
12	18.005978319830835707	2.9299417727234423214e7
12	19.712520938910687555	1.6525259134023108788e7
12	21.500249663119848561	8.2039469327136948669e6
12	23.370293794037704885	3.5956442796440026035e6
12	25.3238577257311902	1.3946068200223555292e6
12	27.362226277384900938	479591.35439928632523
12	29.486770462318865496	146442.27927440836489
12	31.698953784036499315	39746.299275177595544
12	34.000339152190687533	9595.4668905961296472
12	36.392596518085087234	2061.2751047986267811
12	38.877511340005609855	394.03440189612640244
12	41.45699400321939594	67.013489105107446371
12	44.133090338139698742	10.134452767026221186
12	46.907993403482563041	1.3617890547082129978
12	49.784056730075715257	0.16241826720455758045
12	52.763809256490553227	0.017171233011146695704
12	55.849972231420433063	0.0016066292619781775904
12	59.045478411792302596	0.00013278825172173289744
12	62.353493952702348163	9.6735622005854013197e-6
12	65.777443469015674404	6.1960172368560712813e-7
12	69.321038853658322441	3.4794396622409023321e-8
12	72.988312570676246909	1.7076180433624554856e-9
12	76.783656310712053645	7.2979421954345198643e-11
12	80.711866114485927322	2.7051690961651485913e-12
12	84.778195352471702465	8.6580698903826244972e-14
12	88.988417318978621777	2.3806563220333298425e-15
12	93.348899688404506959	5.5921140689777256352e-17
12	97.86669373648995881	1.1151071635318157108e-18
12	102.54964211674277457	1.8742840131978882009e-20
12	107.40651020033260995	2.6342409231405846177e-22
12	112.44714768457391056	3.0678938398087394818e-24
12	117.68268957688958308	2.9302972530806353211e-26
12	123.12580912133119838	2.2685388002593430979e-28
12	128.79104031828686172	1.4042468791399409239e-30
12	134.69519532134204986	6.8415565325012378752e-33
12	140.85791374146456324	2.5754851096690524577e-35
12	147.30239947128693876	7.3292533433604733867e-38
12	154.0564309831083943	1.5359361271391685589e-40
12	161.15378242778650229	2.2958699332042275653e-43
12	168.63628361185653482	2.3529989839296698132e-46
12	176.55691546329831429	1.5727789813204344947e-49
12	184.98466997013726988	6.4241233423600385534e-53
12	194.01260923270864263	1.4688658297090055765e-56
12	203.77220238636991204	1.6614981213563941096e-60
12	214.46134502699428035	7.7239236014282202705e-65
12	226.40692610851421693	1.0879527588769985876e-69
12	240.23670400506244229	2.5970676593811531773e-75
12	257.57391980223531459	2.3888911593672655818e-82
13	1.1188403565719554843	0.80582265325413791736
13	1.7032300180863918841	111.79108531605107939
13	2.336254949540431425	3960.6934760561399078
13	3.0318132953649973988	64259.1306382263186
13	3.7944594064941134204	606040.88589569606316
13	4.626378625107258321	3.7754074041489227824e6
13	5.5289072259244721855	1.6804357322741510722e7
13	6.5030246969896349115	5.6321848469390647336e7
13	7.5495516128580643557	1.475261891089127066e8
13	8.6692414404943415458	3.1038604714041805439e8
13	9.8628279905546080138	5.3558420028742933975e8
13	11.131052266955145484	7.703559858291022601e8
13	12.474678986464406754	9.3557197038615198413e8
13	13.894507626110233294	9.6933105085607207081e8
13	15.39138046793072318	8.6401198047174930627e8
13	16.966188975965250272	6.6711478063899441984e8
13	18.619879268219315774	4.4870780934885188843e8
13	20.353457143658148566	2.6413429188312103751e8
13	22.167992958112047972	1.3659687394246691874e8
13	24.064626549418398911	6.2253819959445667446e7
13	26.044572358977225449	2.5066677667135006835e7
13	28.109124867269042009	8.9352256127057133824e6
13	30.259664445634529961	2.824020798532208516e6
13	32.497663720694219222	792289.59591774467453
13	34.824694548391881745	197467.14681286037159
13	37.242435700271528285	43741.707856628508187
13	39.752681374526660818	8612.8255055995993062
13	42.357350658392126481	1507.2137089161814241
13	45.05849808676396769	234.30947020569546413
13	47.858325465030973571	32.335281572555060836
13	50.759195152793053825	3.957327675893938854
13	53.76364504057530733	0.42895640095423578333
13	56.874405495376721294	0.041118359614034742379
13	60.094418604982257832	0.0034791288783233221245
13	63.426860118143108135	0.00025929110474663848971
13	66.875164561600271378	0.000016979304825263170138
13	70.443054120290674926	9.7421256446570975438e-7
13	74.13457200036245134	4.882224216021662797e-8
13	77.954121164524569776	2.1294579210204771728e-9
13	81.906509547618518123	8.0514996878095391981e-11
13	85.99700314346855124	2.6272512311654146367e-12
13	90.231388724835128641	7.3615905559220550846e-14
13	94.616048448850906575	1.7613801488491729817e-15
13	99.158049256729478204	3.5761399729087094433e-17
13	103.86525086571158673	6.1176349844928495592e-19
13	108.74643737187576102	8.7476991628131445096e-21
13	113.81147918280014883	1.0361417115044707441e-22
13	119.07153440587111085	1.006216914890787905e-24
13	124.53930228549985017	7.917685987828027879e-27
13	130.22934637680575906	4.9802285898064822268e-29
13	136.15851279285440886	2.4649440371043963512e-31
13	142.3464806337665939	9.4245721239467227019e-34
13	148.8165003283670155	2.7235119282374298769e-36
13	155.59640602506612035	5.7948169063820092281e-39
13	162.72003965305113246	8.7933873134930217094e-42
13	170.22931522168517113	9.1482090726603305202e-45
13	178.17732082597323328	6.2068575525450011052e-48
13	186.63318892667272227	2.5734667583843079914e-51
13	195.69017268118519057	5.9735577426556950331e-55
13	205.48001384918631513	6.8610553558477432759e-59
13	216.2010232792488024	3.2399269532485533309e-63
13	228.18078537983499536	4.6387317054822238041e-68
13	242.04841578841292228	1.1268954311390359806e-73
13	259.43073365920806686	1.0576602105977983291e-80
14	1.2528116286913699461	4.1202891033230423923
14	1.8754085989893557565	653.8450806639014644
14	2.5430869625101207499	25925.802831361647565
14	3.2715919358517285285	464684.89392885441515
14	4.0661103047671533205	4.7961366277269621049e6
14	4.9291234721428858648	3.2453926380589209262e7
14	5.8621312826428461791	1.5593184592541270048e8
14	6.866213995528357096	5.6115929139187897946e8
14	7.9422594659291154296	1.5709365911462967116e9
14	9.091069032761828302	3.5179619828740820037e9
14	10.313412404750419184	6.4376463538829217059e9
14	11.610058723403794811	9.7875080244959355948e9
14	12.981795607178725246	1.2526958532574676094e10
14	14.429441781725474291	1.3641157119751656774e10
14	15.953856155529802124	1.2747747248575955143e10
14	17.555944890716719668	1.0295828284110362833e10
14	19.236667355735242952	7.2287291857764964645e9
14	20.997041494344334197	4.433233599202519046e9
14	22.838148950897229089	2.3842726858724939996e9
14	24.761140181690434791	1.1281787608071193565e9
14	26.767239718844981617	4.7090463206558410298e8
14	28.857751717209693204	1.7375561656850862411e8
14	31.034065895459727282	5.6769155312269584651e7
14	33.297663973982813131	1.6443388931925855317e7
14	35.650126710981385609	4.2262095207013666638e6
14	38.093141642650391349	964313.3083226498754
14	40.628511642404621623	195380.28755755241884
14	43.258164427602930781	35147.60452799869019
14	45.984163160150819907	5611.6988780576817925
14	48.808718310206130812	794.6675743494027665
14	51.734200980741459907	99.714233584091775544
14	54.763157926059159761	11.073282115409524159
14	57.898328541051241119	1.0866440754008880152
14	61.142664152103388331	0.094060640197319080924
14	64.499350007783650961	0.0071667901735508519918
14	67.971830451442000851	0.00047949675890369584754
14	71.563837863381915692	0.000028092580192375836489
14	75.279426093789368611	1.4367618833536174832e-6
14	79.123009277821646407	6.3919779244581858941e-8
14	83.099407143043921304	2.4639072127759315764e-9
14	87.213898203130559049	8.1926520743055922798e-11
14	91.472282603260235708	2.3381648928574102879e-12
14	95.880956874182860624	5.6957801650772168279e-14
14	100.44700350968737736	1.1768953728550553046e-15
14	105.17829917320034089	2.0481744623986194226e-17
14	110.08364656242719395	2.9784075309275852816e-19
14	115.17293666483390663	3.5865188883958458738e-21
14	120.45735054858738638	3.5397774645570210281e-23
14	125.94961330828895535	2.8300212729033116266e-25
14	131.66431788982725095	1.8081510120645799391e-27
14	137.61834418432977383	9.088327897624585332e-30
14	143.83141057733293901	3.5280825719296510644e-32
14	150.32681380121686463	1.0349687358017301304e-34
14	157.13244340986352351	2.235076489594213168e-37
14	164.28220878922176446	3.4420117978537193164e-40
14	171.81810776006566456	3.6338062403212683366e-43
14	179.79333509443426863	2.5018072083253464578e-46
14	188.27716309166145399	1.0526157083794412254e-49
14	197.36303511142827778	2.4797078331921344445e-53
14	207.18296432463106103	2.8911381204097291112e-57
14	217.93567498860725145	1.3864008145687157109e-61
14	229.94944387468634246	2.0170255414703381052e-66
14	243.85473782444231026	4.9850171590321250769e-72
14	261.28193796815425171	4.7722282084085459312e-79
15	1.3928764690650415392	23.492661937925041226
15	2.0537075788307313892	4230.9093250309970542
15	2.7559471779901136823	186508.08674268901114
15	3.517245675281229977	3.6716986511736969415e6
15	4.3434469866020733858	4.1260428902371088792e7
15	5.2373419815980042351	3.018754354384950368e8
15	6.2006022453783764588	1.5592262510762202816e9
15	7.2344141363071842998	6.0025008874205412572e9
15	8.339736420362051363	1.7898165670450805575e10
15	9.5174208579146649139	4.2529785311119956127e10
15	10.768274884801624125	8.2301141527192274811e10
15	12.09309711192645289	1.319163930867035339e11
15	13.492699038602282617	1.7750707772021602305e11
15	14.967919362680629245	2.0270615640165108704e11
15	16.519634154094432357	1.9819373552905377263e11
15	18.148764666850024841	1.6712248806496967019e11
15	19.856283806597247361	1.222646403798966066e11
15	21.643221866666755455	7.7989638793502368403e10
15	23.510671921382402497	4.3553067351674377584e10
15	25.459795137671763583	2.1365238672213147061e10
15	27.491826191981389284	9.2320170855338468387e9
15	29.608078936801893383	3.5216410565570655142e9
15	31.809952437472339933	1.1879776205181052939e9
15	34.09893748852027079	3.5486127411029605603e8
15	36.476623715739132058	9.3951462393738269464e7
15	38.944707373356372551	2.2059671378099661955e7
15	41.504999953883490369	4.5947311283200895738e6
15	44.15943774110993986	848923.64549862391323
15	46.910092454223093402	139084.56818741190976
15	49.759183153600147958	20193.953006382307866
15	52.709089607165691341	2595.9945119171274151
15	55.762367351445304387	295.12896525844752115
15	58.921764725097500462	29.628325458770124624
15	62.190242206821728811	2.6219462336394346798
15	65.570994456840005616	0.2041096950141163306
15	69.067475545245011814	0.013944056800899051367
15	72.683427956208647374	0.00083370929817056002272
15	76.422916090801901202	0.000043490586222460312607
15	80.290365161708535783	1.9724831666745796221e-6
15	84.290606592319785883	7.7475028406733264004e-8
15	88.428931316982568881	2.6237605067307787572e-9
15	92.711152751425296271	7.6234355428533892431e-11
15	97.14368169492317146	1.8898559406765903237e-12
15	101.73361608484956409	3.9723472746010115649e-14
15	106.48884941707860725	7.0299776104939570492e-16
15	111.41820287139453643	1.0392071831153543083e-17
15	116.53158788845921648	1.2717011681312009784e-19
15	121.84020836169987682	1.2751294207388540944e-21
15	127.35681508941330955	1.0354196946494611891e-23
15	133.09603024802264659	6.7174083295616097027e-26
15	139.07476732912872126	3.4276267036746530893e-28
15	145.31278380394162906	1.3505283996845527183e-30
15	151.83342248000502233	4.020427965763592513e-33
15	158.6646280506402624	8.8095754922379056489e-36
15	165.84037704211869201	1.3763993457881572329e-38
15	173.40275070108892849	1.4741179973057616453e-41
15	181.40504999361294672	1.0295605877146930822e-44
15	189.91668643207644576	4.3945073109162325903e-48
15	199.0312927348598713	1.0503432951051923941e-51
15	208.88115228643367612	1.2427525017295123862e-55
15	219.66540093197285569	6.0499804632913049131e-60
15	231.71300475210025149	8.941408463668237754e-65
15	245.65577580750530842	2.2474819262773618653e-70
15	263.12764130932132665	2.1937649378332661916e-77
16	1.5388896622737812553	148.25303060929933312
16	2.2379709220376621084	30088.715874545145735
16	2.9746786446480201587	1.4658747532101448823e6
16	3.7686211248408845789	3.1532100654472120391e7
16	4.6263219460281260017	3.8401417328931356598e8
16	5.5508937713783302994	3.0252385368903068528e9
16	6.5441874979485299652	1.6735128622437867676e10
16	7.6075005590900026778	6.8682792577688587657e10
16	8.741866048173991663	2.1746139632749030593e11
16	9.9481885646303537345	5.4674790366313714902e11
16	11.227315018886824688	1.115950899428612734e12
16	12.580074773306722131	1.8812373421051033997e12
16	14.007304158021288667	2.6554675085815823347e12
16	15.509862550877530783	3.1735554994124977259e12
16	17.088643711313109975	3.2402745687967983515e12
16	18.74458437790663243	2.8475635900912662201e12
16	20.47867128299655668	2.1671367249186503752e12
16	22.291947279479795659	1.4355837215271715973e12
16	24.185517019884383397	8.3124427204139099273e11
16	26.160552481669561156	4.2217803896531747041e11
16	28.218298547454236257	1.8861016709812897989e11
16	30.360078799106777091	7.4290937175280391848e10
16	32.587301656442631792	2.5846302085338034003e10
16	34.901466976871255386	7.9534910822929209339e9
16	37.304173227277120729	2.1669613411974465637e9
16	39.797125341211558207	5.2307245728534608003e8
16	42.382143381776782085	1.1190000860915839201e8
16	45.061172142809367348	2.1215887111890166055e7
16	47.836291838045937594	3.5639453540220883431e6
16	50.709730050214805437	530139.33713013731864
16	53.683875140146582252	69769.378587724930851
16	56.761291351114431659	8114.4406769282739929
16	59.944735887211646603	832.81619475630036975
16	63.237178298689988164	75.298463417170536191
16	66.641822574533974525	5.9852962336358230998
16	70.16213242674582657	0.41727643270649142899
16	73.80186035667851826	0.025446492762582283823
16	77.565081227739843611	0.001353209991470691642
16	81.456231239632872635	0.000062535921952908792503
16	85.480153418918335314	2.5016413800018714157e-6
16	89.642151025522078215	8.6247377003903958677e-8
16	93.948050647797418594	2.5500715919569836039e-9
16	98.404277252273643347	6.4304544764521456895e-11
16	103.01794411463370278	1.374397858251785214e-12
16	107.79696145309197174	2.4724175625206814962e-14
16	112.75016881353035372	3.7139168119904282551e-16
16	117.88749796664157319	4.6168518144469273765e-18
16	123.22017549910704196	4.7013632087424517146e-20
16	128.76097776995780705	3.8759819863493432254e-22
16	134.52455602950845817	2.5524632750604257693e-24
16	140.52785719594301834	1.3217527967432074103e-26
16	146.79067763027056439	5.2841658319384776415e-29
16	153.33640599092419939	1.5958400229687068264e-31
16	160.19304184911194632	3.5469678527200704275e-34
16	167.39462855998527493	5.6206551535542981288e-37
16	174.98333041627129966	6.1050111414390835635e-40
16	183.01255410186992508	4.3242349020880054625e-43
16	191.5518497251481346	1.8719192801335058716e-46
16	200.69503853059774946	4.5381304377758793185e-50
16	210.57467293378849636	5.4474598831379903355e-54
16	221.39029856941566351	2.691475521892551637e-58
16	233.47156781127304921	4.039676761105699517e-63
16	247.45163202719485462	1.0323814379218793684e-68
16	264.96794880812719583	1.0271298101374577561e-75
17	1.6907133927574096528	1028.6817177210250281
17	2.4280509394569805759	233794.93698152890008
17	3.1991326768432658797	1.2521073882699839352e7
17	4.0255727005605733152	2.9292180024156151935e8
17	4.9145948761640799199	3.8500017593867607001e9
17	5.8696450110799216075	3.2535671686453501202e10
17	6.8927603349871670394	1.9210498900913964605e11
17	7.9853540024352264094	8.3792800369536534135e11
17	9.1485366464749108088	2.809100509028890231e12
17	10.383267994204379734	7.4535303268796267169e12
17	11.690436096121978437	1.600752596421443015e13
17	13.070902296310746754	2.831827675443979693e13
17	14.525528673686340001	4.184603842518681657e13
17	16.055195975083199951	5.2238027912170473785e13
17	17.660816167573014092	5.5598902815971427186e13
17	19.343341863068933104	5.083788857570976629e13
17	21.103773910213532962	4.0186249032333715913e13
17	22.943167934318544714	2.7605712306590260639e13
17	24.862640319010675858	1.6551205344183273848e13
17	26.863373958009261194	8.6920571713250215186e12
17	28.946624008499483612	4.0100837108980396673e12
17	31.113723820416072631	1.6291359598613824864e12
17	33.366091183001969984	5.8392616664479568851e11
17	35.705235012462337625	1.8492282934136732322e11
17	38.132762597371991946	5.1798848582253523611e10
17	40.650387518852961642	1.2842678756000942161e10
17	43.259938368856691091	2.8194277337979811313e9
17	45.963368401427456558	5.4810437116413327381e8
17	48.762766268425251128	9.4331942632445202175e7
17	51.660368013122882853	1.4365369003538556117e7
17	54.658570523026225496	1.9341118313786938192e6
17	57.759946678252515334	229970.80784525431814
17	60.967262475333787101	24114.792425739104357
17	64.283496460420818653	2226.2711809362723594
17	67.711861873260320976	180.5868681052415131
17	71.255831987616673238	12.840939410119902707
17	74.919169239829405157	0.79826914459749667203
17	78.705958871407751904	0.043253643061867944453
17	82.620647982713209345	0.0020357374801195523761
17	86.668091114813000372	0.00008290126286297296195
17	90.853603761973415793	2.9083396500795894885e-6
17	95.183025590979417605	8.7466895874167438625e-8
17	99.662795637966772477	2.2426603782039945239e-9
17	104.30004241518543514	4.8720569688874234138e-11
17	109.10269275654163181	8.9054580475187100379e-13
17	114.07960446143934644	1.3588343427305837492e-14
17	119.24072951081176536	1.7153561821099325345e-16
17	124.597317055958137	1.7733283904693700745e-18
17	130.16216887707842785	1.4838704964747135495e-20
17	135.94996514519528905	9.9157082100435792246e-23
17	141.97768603475631465	5.2092494293029057427e-25
17	148.26516660443682701	2.1124327984559127069e-27
17	154.83584114327871713	6.4700739377208598226e-30
17	161.71776384317770147	1.4582588700667024868e-32
17	168.94504458159000283	2.3430398285650346586e-35
17	176.55993032312773422	2.58029023958170316e-38
17	184.61593300001818825	1.8529950262149261409e-41
17	193.18274070781875295	8.1330411084429351378e-45
17	202.35436239532456837	1.9993734263412507188e-48
17	212.26361834162485395	2.4342051292026440797e-52
17	223.11046219483381739	1.2202875406249276522e-56
17	235.22522964261295901	1.8595218536116369528e-61
17	249.24240551978059799	4.8302591398399410715e-67
17	266.80296228701837761	4.8966961996915336529e-74
18	1.848216519804178332	7802.3910004207132799
18	2.6238074865985644974	1.9744948266725441527e6
18	3.4291681141262444864	1.1568648936777130475e8
18	4.2879619799458818968	2.9309338231944869774e9
18	5.2081321265554984752	4.1417509349480595268e10
18	6.1934679723246793565	3.7418223447525857402e11
18	7.2461995941619344031	2.350828677359937158e12
18	8.3678602063972136073	1.0866879025121994202e13
18	9.5596410001794263509	3.8473410365464397627e13
18	10.822558994106956704	1.0747422445782487283e14
18	12.157544963137147236	2.423314883332679627e14
18	13.565493410689637598	4.4895937852329780614e14
18	15.047293048719990275	6.9320100503771643326e14
18	16.603846661134343493	9.0230010828451130005e14
18	18.236084928617041136	9.9944366192231934979e14
18	19.944976719059814842	9.493810693411535199e14
18	21.731537285074527134	7.783623344139550806e14
18	23.596835238161018751	5.537272147559244922e14
18	25.541998848833001962	3.4332553769968612777e14
18	27.568222037021179813	1.8621164004870992958e14
18	29.676770307967780759	8.8615759277841779659e13
18	31.868986824008677858	3.70926239159630393e13
18	34.146298764728892414	1.3683312927619469482e13
18	36.510224107158258533	4.4553897649735726515e12
18	38.962378948310457665	1.2819230198071234005e12
18	41.50448549122541714	3.2617671798068274154e11
18	44.138380820956419813	7.34251481958218732e10
18	46.866026607764940952	1.4624642086294468223e10
18	49.689519890886943314	2.576852558733103213e9
18	52.611105117825911615	4.0146239729380587336e8
18	55.633187641831453684	5.5260149472621111682e7
18	58.758348915064547732	6.7131476567448327716e6
18	61.989363658408538001	718778.75920511852003
18	65.329219342978342064	67716.87282281311467
18	68.781138385817305423	5602.3977526838884464
18	72.348603546663764341	406.09490255019202648
18	76.035387118842175689	25.722231503586568413
18	79.84558464176464855	1.419407615460746931
18	83.783654033981881795	0.068004618634697834626
18	87.854461266162747544	0.0028179096459570940567
18	92.063333979312477497	0.0001005511472655200145
18	96.416124827983307454	3.0746635559515806877e-6
18	100.91928682370468056	8.0126166313092592452e-8
18	105.57996361690684995	1.7686175600817609476e-9
18	110.40609855383310751	3.2836049824093811366e-11
18	115.40656757808392342	5.0875075147049793158e-13
18	120.59134276427024211	6.5195265061060273447e-15
18	125.97169570290309282	6.8400911914203856058e-17
18	131.56045345904868289	5.807325018942896096e-19
18	137.37232497458583318	3.9365575327733373792e-21
18	143.42432351335228257	2.0974681274808531686e-23
18	149.73632264317685616	8.6249180063515951975e-26
18	156.33180206730167596	2.6783565258494867957e-28
18	163.23887034534215688	6.1196688842839004287e-31
18	170.49170357522383912	9.967074385271531411e-34
18	178.13263102471767183	1.1125708635783052156e-36
18	186.21526941139318606	8.0984132344986058898e-40
18	194.80944421731515129	3.6030035333642125581e-43
18	204.00935128434463875	8.9793065363644117546e-47
18	213.9480776021323854	1.1085070195904760946e-50
18	224.82598307793619373	5.6368603069956527333e-55
18	236.97408377017507852	8.7184988097060280112e-60
18	251.02819221110240247	2.3012432331965812759e-65
18	268.63278040885689861	2.3763114866056078762e-72
19	2.0112739671332931044	64354.576881993573472
19	2.8251072789562922866	1.80397082130704953e7
19	3.6646506777603517748	1.1512641238226192327e9
19	4.5556571329754680341	3.1465631380292280345e10
19	5.5068062147652716856	4.7641083331472931097e11
19	6.5222406168904283404	4.5869300818706734158e12
19	7.6043893132115313692	3.0576003458364311794e13
19	8.754909630026768046	1.4939865790945276057e14
19	9.975076151877800463	5.572571555374853118e14
19	11.265965232930013729	1.6352600768441420506e15
19	12.628551877724403469	3.8631916861197919832e15
19	14.063764874048652195	7.4812285799888573014e15
19	15.572520416539472282	1.2048205120355077235e16
19	17.155743971955706685	1.6325197132870953687e16
19	18.814385426808007143	1.8789953473551824345e16
19	20.54943027981795126	1.8515862657387597085e16
19	22.361908471636826503	1.57235506470741168e16
19	24.252901813084726628	1.1569301717122706894e16
19	26.223550618781770894	7.4093412218638924508e15
19	28.275059947694038807	4.1457277515333374704e15
19	30.408705730471847968	2.0329118395754355675e15
19	32.625840990706097862	8.7585798491405742824e14
19	34.927902324177728398	3.3222315393808557383e14
19	37.316416775956150047	1.1112131919811983657e14
19	39.793009243549167914	3.2813434814409151088e13
19	42.359410531598393841	8.5614701818892476844e12
19	45.017466187812836635	1.9746690614149180808e12
19	47.769146259900614904	4.0267684349343312137e11
19	50.616556128833086274	7.2588650292652586946e10
19	53.561948595003133787	1.1562037434014462657e10
19	56.607737421297612513	1.62603610337415899e9
19	59.756512571791196798	2.0170001562980770547e8
19	63.011057428143851111	2.2038565953639387725e7
19	66.374368319855538169	2.1176446977819589772e6
19	69.849676772002629571	178595.38361399988329
19	73.440474958562406166	13190.081682617574047
19	77.1505449557536306	850.83785391852979792
19	80.983992524469329323	47.793464916828009613
19	84.945286322631189295	2.3299039081240829015
19	89.039303669139989869	0.098195011271444233274
19	93.271384267568168918	0.0035624262762776378596
19	97.647393672906801074	0.00011071221953052096397
19	102.17379878112086321	2.9313160146511942451e-6
19	106.85775828562141859	6.5716155247170721371e-8
19	111.70723194476924717	1.2388163424004363789e-9
19	116.73111374013640579	1.9482959027629351984e-11
19	121.93939572653527844	2.5336341796605820203e-13
19	127.34337181137850664	2.6968706055989592316e-15
19	132.95589421142993055	2.322444942045712828e-17
19	138.79170049278024978	1.5964903484029732496e-19
19	144.86783684510966485	8.6246961924079525064e-22
19	151.20421516038936681	3.5952582899597169677e-24
19	157.82436034340727581	1.131640717909791765e-26
19	164.75643507264182773	2.6204936338084245028e-29
19	172.03468136926830759	4.3251484774372531856e-32
19	179.70151044082535153	4.892352277876183714e-35
19	187.81064333361877231	3.6086435663553548377e-38
19	196.43204232347670366	1.6269852851568635612e-41
19	205.66008934445333601	4.109495980434969708e-45
19	215.62813695815519334	5.1428793658231331019e-49
19	226.53694959814932355	2.6520866109181995794e-53
19	238.71822078607608312	4.1623961688145036882e-58
19	252.80908505150053188	1.1160808271848453943e-63
19	270.45749881240618591	1.1735704668430367974e-70
20	2.1797662026974935458	574518.00119868867042
20	3.0318233019344418386	1.7754967717942122696e8
20	3.9054524078826304307	1.2292750252100626488e10
20	4.8285324168101655377	3.6117497837823532501e11
20	5.8104953860755980158	5.8405655657155975021e12
20	6.8558462197999605526	5.9757061464356247249e13
20	7.9672184112932040448	4.2153093305047170414e14
20	9.1463971847449267555	2.1718615581095362315e15
20	10.394743180982040473	8.5159090307009808267e15
20	11.713394019494243338	2.619746951814709371e16
20	13.103370362707564022	6.472129004618307636e16
20	14.565636355924955352	1.3077839197096228823e17
20	16.101136491197772208	2.1931474324897617198e17
20	17.710819540769772603	3.0887353003772258121e17
20	19.395655074294946278	3.6887862257256083827e17
20	21.156645587125591058	3.7657586473731251349e17
20	22.994835987139623735	3.3080732836218910888e17
20	24.911321495706229328	2.514533427024975786e17
20	26.907254628997461221	1.6615194961404750919e17
20	28.983851699580019886	9.5804987970345044096e16
20	31.142399143672434853	4.8359971696986645468e16
20	33.384259898523877247	2.1425442812248956757e16
20	35.710880006013800049	8.3489210813761650453e15
20	38.123795590836667954	2.8661764739090642604e15
20	40.624640347611102424	8.6793272103972399383e14
20	43.215153666920080228	2.3203662850398881118e14
20	45.897189533361948025	5.4795011624167842344e13
20	48.672726337973150212	1.1432067943017905697e13
20	51.5438777624078397	2.1069694328607853346e12
20	54.512904913104941863	3.4289491754892478396e11
20	57.58222991087248144	4.9240748431451662839e10
20	60.754451175840554428	6.2332235508619249204e9
20	64.032360691017899805	6.9464034634250158841e8
20	67.418963581729762724	6.8040825172440767609e7
20	70.917500415714027269	5.8466626706573494099e6
20	74.531472713219265869	439743.23060503535204
20	78.264672262914815409	28874.557783788937658
20	82.121214974284782528	1650.3150641421779815
20	86.105580169227887333	81.825492341580651538
20	90.222656436831467812	3.5060967457795776213
20	94.47779546229698637	0.12927203209342719637
20	98.87687561687872365	0.0040815706806677095494
20	103.42637759310236111	0.00010975506785858733312
20	108.13347503518674369	2.4982128087396032465e-6
20	113.00614401637448155	4.7800522271540959874e-8
20	118.05329645294213318	7.6283393915326578652e-10
20	123.28494426937809435	1.0063687876063366984e-11
20	128.7124035706532193	1.0864461822892639114e-13
20	134.34855159507067776	9.4870931890148303053e-16
20	140.20815438937687006	6.6116032358242604203e-18
20	146.30829090875613449	3.6204195880727886966e-20
20	152.6689111876978765	1.529505401642831476e-22
20	159.31358512352103872	4.8783916713709975997e-25
20	166.27052926870537628	1.1445929078340344605e-27
20	173.57405127495129914	1.9139665797399169419e-30
20	181.26664393137975112	2.1932953087844226957e-33
20	189.40213216266293502	1.638960388122091492e-36
20	198.0506144534216633	7.4864397017119312087e-40
20	207.30665803919236938	1.9160206682572946926e-43
20	217.30387992901834974	2.4301507285910754425e-47
20	228.24344737100264814	1.2705425025314900671e-51
20	240.45772847743344466	2.0229516568335650276e-56
20	254.58517414331797208	5.5087419035509027935e-62
20	272.27721024044142302	5.8966733811895351196e-69
