22 0
111 0
211 1
-211 -1
321 1
311 0
-321 -1
-311 0
221 0
-213 -1
213 1
113 0
223 0
9000221 0
-323 -1
323 1
-313 0
313 0
2212 1
2112 0
331 0
9000211 1
9000111 0
-9000211 -1
9010221 0
333 0
3122 0
10223 0
3222 1
3212 0
3112 -1
10113 0
10213 1
-10213 -1
20213 1
-20213 -1
20113 0
2214 1
1114 -1
2114 0
2224 2
10313 0
10323 1
-10323 -1
-10313 0
225 0
20223 0
100221 0
100211 1
100111 0
-100211 -1
3322 0
3312 -1
215 1
115 0
-215 -1
10221 0
-9000213 -1
9000213 1
9000113 0
3114 -1
3214 0
3224 1
20323 1
20313 0
-20313 0
-20323 -1
13122 0
9020221 0
100313 0
100323 1
-100323 -1
-100313 0
100223 0
20333 0
325 1
-325 -1
-315 0
315 0
12212 1
12112 0
-10311 0
10311 0
10321 1
-10321 -1
100213 1
-100213 -1
100113 0
-10211 -1
10211 1
10111 0
100331 0
9030221 0
1214 0
2124 1
3124 0
335 0
22112 0
22212 1
3324 0
3314 -1
23122 0
1112 -1
2222 2
1212 0
2122 1
10225 0
32212 1
32112 0
13222 1
13212 0
13112 -1
9010213 1
-9010213 -1
9010113 0
227 0
13224 1
33122 0
30223 0
13114 -1
13214 0
10115 0
-10215 -1
10215 1
3334 -1
2216 1
2116 0
100333 0
12216 1
12116 0
217 1
-217 -1
117 0
203312 -1
13124 0
203322 0
12224 2
12214 1
12114 0
11114 -1
42212 1
42112 0
-30323 -1
30323 1
30313 0
-30313 0
22124 1
30213 1
-30213 -1
32124 1
21214 0
31214 0
30113 0
10331 0
23212 0
23222 1
23112 -1
-10325 -1
10325 1
-10315 0
10315 0
3116 -1
3226 1
3216 0
327 1
317 0
-317 0
-327 -1
43122 0
53122 0
9010211 1
9010111 0
-9010211 -1
20325 1
20315 0
-20325 -1
-20315 0
3126 0
13314 -1
13324 0
13126 0
337 0
411 1
-421 0
-411 -1
11112 -1
11212 0
12122 1
12222 2
421 0
9902114 0
9902214 1
2226 2
9952112 0
9952212 1
2126 1
1216 0
1116 -1
23124 0
9962212 1
9962112 0
22222 2
21112 -1
9912114 0
9912214 1
21212 0
22122 1
13116 -1
13216 0
13226 1
22214 1
21114 -1
22114 0
22224 2
1118 -1
2118 0
2228 2
2218 1
23114 -1
23224 1
23214 0
9050225 0
11216 0
12126 1
103316 -1
11116 -1
103326 0
12226 2
-431 -1
431 1
9902118 0
9902218 1
219 1
119 0
-219 -1
-413 -1
-423 0
413 1
423 0
9922214 1
9922114 0
9060225 0
229 0
203316 -1
203326 0
3118 -1
3228 1
3218 0
329 1
-319 0
319 0
-329 -1
9922216 1
9922116 0
3128 0
9972112 0
9972212 1
23126 0
433 1
-433 -1
9932114 0
9932214 1
2128 1
1218 0
19922119 0
19922219 1
19932219 1
19932119 0
9903228 1
9903218 0
9903118 -1
203338 -1
4122 1
9080225 0
-10431 -1
10431 1
-10421 0
10421 0
-10411 -1
10411 1
9090225 0
19903129 0
-10423 0
-10413 -1
10423 0
10413 1
20413 1
20423 0
-20423 0
-20413 -1
4112 0
4212 1
4222 2
-20433 -1
20433 1
-415 -1
415 1
-425 0
425 0
4132 0
4232 1
4214 1
4224 2
4114 0
10433 1
-10433 -1
-435 -1
435 1
4322 1
4312 0
14122 1
4314 0
4324 1
4332 0
4334 0
441 0
443 0
10441 0
20443 0
10443 0
445 0
4412 1
4422 2
100441 0
4414 1
4424 2
100443 0
30443 0
4432 1
4434 1
4444 2
521 1
511 0
-521 -1
-511 0
523 1
513 0
-523 -1
-513 0
531 0
-531 0
533 0
-533 0
5122 0
10511 0
-10521 -1
-10511 0
10521 1
-10523 -1
-10513 0
10513 0
10523 1
-20513 0
20513 0
20523 1
-20523 -1
5232 0
5132 -1
5212 0
5112 -1
5222 1
525 1
515 0
-525 -1
-515 0
-10533 0
10533 0
5214 0
5224 1
5114 -1
535 0
-535 0
-10531 0
10531 0
5312 -1
5322 0
5324 0
5314 -1
-20533 0
20533 0
5332 -1
5334 -1
541 1
-541 -1
-543 -1
543 1
5142 0
5242 1
5412 0
5422 1
5414 0
5424 1
5342 0
5432 0
5434 0
-10541 -1
10541 1
-20543 -1
10543 1
20543 1
-10543 -1
545 1
-545 -1
5442 1
5444 1
551 0
553 0
10551 0
20553 0
10553 0
555 0
100553 0
200553 0
5512 -1
5522 0
5514 -1
5524 0
5532 -1
5534 -1
5542 0
5544 0
5554 -1
-2212 -1
-2112 0
-3122 0
-3222 -1
-3212 0
-3112 1
-2214 -1
-1114 1
-2114 0
-2224 -2
-3322 0
-3312 1
-3114 1
-3214 0
-3224 -1
-13122 0
-12212 -1
-12112 0
-1214 0
-2124 -1
-3124 0
-22112 0
-22212 -1
-3324 0
-3314 1
-23122 0
-1112 1
-2222 -2
-1212 0
-2122 -1
-32212 -1
-32112 0
-13222 -1
-13212 0
-13112 1
-13224 -1
-33122 0
-13114 1
-13214 0
-3334 1
-2216 -1
-2116 0
-12216 -1
-12116 0
-203312 1
-13124 0
-203322 0
-12224 -2
-12214 -1
-12114 0
-11114 1
-42212 -1
-42112 0
-22124 -1
-32124 -1
-21214 0
-31214 0
-23212 0
-23222 -1
-23112 1
-3116 1
-3226 -1
-3216 0
-43122 0
-53122 0
-3126 0
-13314 1
-13324 0
-13126 0
-11112 1
-11212 0
-12122 -1
-12222 -2
-9902114 0
-9902214 -1
-2226 -2
-9952112 0
-9952212 -1
-2126 -1
-1216 0
-1116 1
-23124 0
-9962212 -1
-9962112 0
-22222 -2
-21112 1
-9912114 0
-9912214 -1
-21212 0
-22122 -1
-13116 1
-13216 0
-13226 -1
-22214 -1
-21114 1
-22114 0
-22224 -2
-1118 1
-2118 0
-2228 -2
-2218 -1
-23114 1
-23224 -1
-23214 0
-11216 0
-12126 -1
-103316 1
-11116 1
-103326 0
-12226 -2
-9902118 0
-9902218 -1
-9922214 -1
-9922114 0
-203316 1
-203326 0
-3118 1
-3228 -1
-3218 0
-9922216 -1
-9922116 0
-3128 0
-9972112 0
-9972212 -1
-23126 0
-9932114 0
-9932214 -1
-2128 -1
-1218 0
-19922119 0
-19922219 -1
-19932219 -1
-19932119 0
-9903228 -1
-9903218 0
-9903118 1
-203338 1
-4122 -1
-19903129 0
-4112 0
-4212 -1
-4222 -2
-4132 0
-4232 -1
-4214 -1
-4224 -2
-4114 0
-4322 -1
-4312 0
-14122 -1
-4314 0
-4324 -1
-4332 0
-4334 0
-4412 -1
-4422 -2
-4414 -1
-4424 -2
-4432 -1
-4434 -1
-4444 -2
-5122 0
-5232 0
-5132 1
-5212 0
-5112 1
-5222 -1
-5214 0
-5224 -1
-5114 1
-5312 1
-5322 0
-5324 0
-5314 1
-5332 1
-5334 1
-5142 0
-5242 -1
-5412 0
-5422 -1
-5414 0
-5424 -1
-5342 0
-5432 0
-5434 0
-5442 -1
-5444 -1
-5512 1
-5522 0
-5514 1
-5524 0
-5532 1
-5534 1
-5542 0
-5544 0
-5554 1
