   1561.0010000000000     
   12.500000000000000              501
  7811.0010000000  2580.5471529158  7358.5347597254  0.0000000000  1.0000000000
  7798.5010000000  2576.3988707550  7349.6814089551  0.0000000000  1.0000000000
  7786.0010000000  2572.2506012744  7340.8245131770  0.0000000000  1.0000000000
  7773.5010000000  2568.1023453744  7331.9640671359  0.0000000000  1.0000000000
  7761.0010000000  2563.9541040128  7323.1000656771  0.0000000000  1.0000000000
  7748.5010000000  2559.8058825653  7314.2325130676  0.0000000000  1.0000000000
  7736.0010000000  2555.6576733805  7305.3613857035  0.0000000000  1.0000000000
  7723.5010000000  2551.5094776056  7296.4866787542  0.0000000000  1.0000000000
  7711.0010000000  2547.3612964452  7287.6083874902  0.0000000000  1.0000000000
  7698.5010000000  2543.2131311617  7278.7265072828  0.0000000000  1.0000000000
  7686.0010000000  2539.0649830752  7269.8410336045  0.0000000000  1.0000000000
  7673.5010000000  2534.9168449077  7260.9519434766  0.0000000000  1.0000000000
  7661.0010000000  2530.7687267716  7252.0592511566  0.0000000000  1.0000000000
  7648.5010000000  2526.6206215255  7243.1629338989  0.0000000000  1.0000000000
  7636.0010000000  2522.4725350639  7234.2629968806  0.0000000000  1.0000000000
  7623.5010000000  2518.3244603978  7225.3594176122  0.0000000000  1.0000000000
  7611.0010000000  2514.1763992411  7216.4521922438  0.0000000000  1.0000000000
  7598.5010000000  2510.0283576615  7207.5413262577  0.0000000000  1.0000000000
  7586.0010000000  2505.8803288906  7198.6267975391  0.0000000000  1.0000000000
  7573.5010000000  2501.7323148313  7189.7086025670  0.0000000000  1.0000000000
  7561.0010000000  2497.5843174441  7180.7867379229  0.0000000000  1.0000000000
  7548.5010000000  2493.4363387470  7171.8612002909  0.0000000000  1.0000000000
  7536.0010000000  2489.2883680075  7162.9319588797  0.0000000000  1.0000000000
  7523.5010000000  2485.1404201991  7153.9990382026  0.0000000000  1.0000000000
  7511.0010000000  2480.9924847366  7145.0624077198  0.0000000000  1.0000000000
  7498.5010000000  2476.8445639165  7136.1220645956  0.0000000000  1.0000000000
  7486.0010000000  2472.6966600929  7127.1780060974  0.0000000000  1.0000000000
  7473.5010000000  2468.5487714349  7118.2302204417  0.0000000000  1.0000000000
  7461.0010000000  2464.4008961905  7109.2786959790  0.0000000000  1.0000000000
  7448.5010000000  2460.2530411508  7100.3234394724  0.0000000000  1.0000000000
  7436.0010000000  2456.1052004629  7091.3644303638  0.0000000000  1.0000000000
  7423.5010000000  2451.9573725956  7082.4016573840  0.0000000000  1.0000000000
  7411.0010000000  2447.8095645289  7073.4351276311  0.0000000000  1.0000000000
  7398.5010000000  2443.6617706468  7064.4648209513  0.0000000000  1.0000000000
  7386.0010000000  2439.5139938444  7055.4907355580  0.0000000000  1.0000000000
  7373.5010000000  2435.3662286742  7046.5128515833  0.0000000000  1.0000000000
  7361.0010000000  2431.2184865680  7037.5311856668  0.0000000000  1.0000000000
  7348.5010000000  2427.0707538362  7028.5457000254  0.0000000000  1.0000000000
  7336.0010000000  2422.9230420364  7019.5564115241  0.0000000000  1.0000000000
  7323.5010000000  2418.7753418478  7010.5632917601  0.0000000000  1.0000000000
  7311.0010000000  2414.6276607644  7001.5663487464  0.0000000000  1.0000000000
  7298.5010000000  2410.4799979805  6992.5655724771  0.0000000000  1.0000000000
  7286.0010000000  2406.3323486070  6983.5609440441  0.0000000000  1.0000000000
  7273.5010000000  2402.1847161695  6974.5524627689  0.0000000000  1.0000000000
  7261.0010000000  2398.0371000991  6965.5401190557  0.0000000000  1.0000000000
  7248.5010000000  2393.8894999063  6956.5239034458  0.0000000000  1.0000000000
  7236.0010000000  2389.7419151803  6947.5038066177  0.0000000000  1.0000000000
  7223.5010000000  2385.5943497250  6938.4798283872  0.0000000000  1.0000000000
  7211.0010000000  2381.4467991414  6929.4519506922  0.0000000000  1.0000000000
  7198.5010000000  2377.2992673804  6920.4201736084  0.0000000000  1.0000000000
  7186.0010000000  2373.1517502117  6911.3844793650  0.0000000000  1.0000000000
  7173.5010000000  2369.0042517338  6902.3448682982  0.0000000000  1.0000000000
  7161.0010000000  2364.8567637761  6893.3013139681  0.0000000000  1.0000000000
  7148.5010000000  2360.7092988071  6884.2538349020  0.0000000000  1.0000000000
  7136.0010000000  2356.5618488199  6875.2024049451  0.0000000000  1.0000000000
  7123.5010000000  2352.4144141145  6866.1470160193  0.0000000000  1.0000000000
  7111.0010000000  2348.2669991575  6857.0876691149  0.0000000000  1.0000000000
  7098.5010000000  2344.1196003090  6848.0243474868  0.0000000000  1.0000000000
  7086.0010000000  2339.9722181062  6838.9570434745  0.0000000000  1.0000000000
  7073.5010000000  2335.8248531653  6829.8857495571  0.0000000000  1.0000000000
  7061.0010000000  2331.6775021160  6820.8104494556  0.0000000000  1.0000000000
  7048.5010000000  2327.5301738688  6811.7311537331  0.0000000000  1.0000000000
  7036.0010000000  2323.3828570966  6802.6478286179  0.0000000000  1.0000000000
  7023.5010000000  2319.2355608625  6793.5604849460  0.0000000000  1.0000000000
  7011.0010000000  2315.0882821336  6784.4691070309  0.0000000000  1.0000000000
  6998.5010000000  2310.9410179778  6775.3736793585  0.0000000000  1.0000000000
  6986.0010000000  2306.7937736297  6766.2742042891  0.0000000000  1.0000000000
  6973.5010000000  2302.6465463259  6757.1706666064  0.0000000000  1.0000000000
  6961.0010000000  2298.4993374258  6748.0630601024  0.0000000000  1.0000000000
  6948.5010000000  2294.3521443512  6738.9513698835  0.0000000000  1.0000000000
  6936.0010000000  2290.2049686356  6729.8355900489  0.0000000000  1.0000000000
  6923.5010000000  2286.0578118916  6720.7157148395  0.0000000000  1.0000000000
  6911.0010000000  2281.9106718105  6711.5917298353  0.0000000000  1.0000000000
  6898.5010000000  2277.7635461840  6702.4636207907  0.0000000000  1.0000000000
  6886.0010000000  2273.6164448733  6693.3313999961  0.0000000000  1.0000000000
  6873.5010000000  2269.4693578545  6684.1950359246  0.0000000000  1.0000000000
  6861.0010000000  2265.3222871837  6675.0545236018  0.0000000000  1.0000000000
  6848.5010000000  2261.1752349963  6665.9098581968  0.0000000000  1.0000000000
  6836.0010000000  2257.0282035064  6656.7610350218  0.0000000000  1.0000000000
  6823.5010000000  2252.8811870824  6647.6080320382  0.0000000000  1.0000000000
  6811.0010000000  2248.7341920858  6638.4508536330  0.0000000000  1.0000000000
  6798.5010000000  2244.5872091297  6629.2894693804  0.0000000000  1.0000000000
  6786.0010000000  2240.4402487011  6620.1238927110  0.0000000000  1.0000000000
  6773.5010000000  2236.2933055605  6610.9541022750  0.0000000000  1.0000000000
  6761.0010000000  2232.1463824609  6601.7800943458  0.0000000000  1.0000000000
  6748.5010000000  2227.9994743751  6592.6018479437  0.0000000000  1.0000000000
  6736.0010000000  2223.8525881708  6583.4193683713  0.0000000000  1.0000000000
  6723.5010000000  2219.7057190168  6574.2326349956  0.0000000000  1.0000000000
  6711.0010000000  2215.5588661178  6565.0416360686  0.0000000000  1.0000000000
  6698.5010000000  2211.4120326866  6555.8463686871  0.0000000000  1.0000000000
  6686.0010000000  2207.2652181131  6546.6468214352  0.0000000000  1.0000000000
  6673.5010000000  2203.1184218876  6537.4429830757  0.0000000000  1.0000000000
  6661.0010000000  2198.9716474924  6528.2348511924  0.0000000000  1.0000000000
  6648.5010000000  2194.8248868318  6519.0223976128  0.0000000000  1.0000000000
  6636.0010000000  2190.6781474753  6509.8056289138  0.0000000000  1.0000000000
  6623.5010000000  2186.5314254251  6500.5845259323  0.0000000000  1.0000000000
  6611.0010000000  2182.3847245447  6491.3590869378  0.0000000000  1.0000000000
  6598.5010000000  2178.2380410489  6482.1292931434  0.0000000000  1.0000000000
  6586.0010000000  2174.0913751335  6472.8951345690  0.0000000000  1.0000000000
  6573.5010000000  2169.9447309476  6463.6566100006  0.0000000000  1.0000000000
  6561.0010000000  2165.7981050248  6454.4137012179  0.0000000000  1.0000000000
  6548.5010000000  2161.6514940215  6445.1663902141  0.0000000000  1.0000000000
  6536.0010000000  2157.5049100614  6435.9146934409  0.0000000000  1.0000000000
  6523.5010000000  2153.3583384885  6426.6585675635  0.0000000000  1.0000000000
  6511.0010000000  2149.2117877864  6417.3980208280  0.0000000000  1.0000000000
  6498.5010000000  2145.0652588561  6408.1330445243  0.0000000000  1.0000000000
  6486.0010000000  2140.9187488853  6398.8636215965  0.0000000000  1.0000000000
  6473.5010000000  2136.7722551845  6389.5897352044  0.0000000000  1.0000000000
  6461.0010000000  2132.6257827931  6380.3113857473  0.0000000000  1.0000000000
  6448.5010000000  2128.4793330317  6371.0285652714  0.0000000000  1.0000000000
  6436.0010000000  2124.3328997377  6361.7412490157  0.0000000000  1.0000000000
  6423.5010000000  2120.1864844662  6352.4494294434  0.0000000000  1.0000000000
  6411.0010000000  2116.0400926541  6343.1531076804  0.0000000000  1.0000000000
  6398.5010000000  2111.8937184906  6333.8522595928  0.0000000000  1.0000000000
  6386.0010000000  2107.7473638499  6324.5468782217  0.0000000000  1.0000000000
  6373.5010000000  2103.6010307065  6315.2369567934  0.0000000000  1.0000000000
  6361.0010000000  2099.4547136185  6305.9224718281  0.0000000000  1.0000000000
  6348.5010000000  2095.3084223015  6296.6034338475  0.0000000000  1.0000000000
  6336.0010000000  2091.1621477896  6287.2798113474  0.0000000000  1.0000000000
  6323.5010000000  2087.0158925102  6277.9515983718  0.0000000000  1.0000000000
  6311.0010000000  2082.8696589914  6268.6187891509  0.0000000000  1.0000000000
  6298.5010000000  2078.7234461311  6259.2813696978  0.0000000000  1.0000000000
  6286.0010000000  2074.5772529500  6249.9393262460  0.0000000000  1.0000000000
  6273.5010000000  2070.4310785920  6240.5926452497  0.0000000000  1.0000000000
  6261.0010000000  2066.2849260377  6231.2413217630  0.0000000000  1.0000000000
  6248.5010000000  2062.1387946601  6221.8853426575  0.0000000000  1.0000000000
  6236.0010000000  2057.9926839548  6212.5246950264  0.0000000000  1.0000000000
  6223.5010000000  2053.8465935406  6203.1593661850  0.0000000000  1.0000000000
  6211.0010000000  2049.7005231591  6193.7893436710  0.0000000000  1.0000000000
  6198.5010000000  2045.5544726749  6184.4146152448  0.0000000000  1.0000000000
  6186.0010000000  2041.4084457560  6175.0351772185  0.0000000000  1.0000000000
  6173.5010000000  2037.2624388210  6165.6510094536  0.0000000000  1.0000000000
  6161.0010000000  2033.1164521033  6156.2621003808  0.0000000000  1.0000000000
  6148.5010000000  2028.9704859591  6146.8684386549  0.0000000000  1.0000000000
  6136.0010000000  2024.8245408675  6137.4700131551  0.0000000000  1.0000000000
  6123.5010000000  2020.6786174307  6128.0668129855  0.0000000000  1.0000000000
  6111.0010000000  2016.5327127266  6118.6588191974  0.0000000000  1.0000000000
  6098.5010000000  2012.3868349027  6109.2460379101  0.0000000000  1.0000000000
  6086.0010000000  2008.2409740058  6099.8284340954  0.0000000000  1.0000000000
  6073.5010000000  2004.0951347933  6090.4060060639  0.0000000000  1.0000000000
  6061.0010000000  1999.9493184988  6080.9787440742  0.0000000000  1.0000000000
  6048.5010000000  1995.8035228596  6071.5466303768  0.0000000000  1.0000000000
  6036.0010000000  1991.6577493719  6062.1096557103  0.0000000000  1.0000000000
  6023.5010000000  1987.5119960470  6052.6678028226  0.0000000000  1.0000000000
  6011.0010000000  1983.3662646437  6043.2210629336  0.0000000000  1.0000000000
  5998.5010000000  1979.2205570436  6033.7694274918  0.0000000000  1.0000000000
  5986.0010000000  1975.0748716604  6024.3128799816  0.0000000000  1.0000000000
  5973.5010000000  1970.9292034682  6014.8513959661  0.0000000000  1.0000000000
  5961.0010000000  1966.7835619269  6005.3849840101  0.0000000000  1.0000000000
  5948.5010000000  1962.6379422789  5995.9136201706  0.0000000000  1.0000000000
  5936.0010000000  1958.4923399342  5986.4372808036  0.0000000000  1.0000000000
  5923.5010000000  1954.3467647216  5976.9559751646  0.0000000000  1.0000000000
  5911.0010000000  1950.2012123194  5967.4696801058  0.0000000000  1.0000000000
  5898.5010000000  1946.0556785742  5957.9783727796  0.0000000000  1.0000000000
  5886.0010000000  1941.9101701373  5948.4820550119  0.0000000000  1.0000000000
  5873.5010000000  1937.7646831406  5938.9807044795  0.0000000000  1.0000000000
  5861.0010000000  1933.6192174181  5929.4743072680  0.0000000000  1.0000000000
  5848.5010000000  1929.4737764778  5919.9628578288  0.0000000000  1.0000000000
  5836.0010000000  1925.3283569049  5910.4463346675  0.0000000000  1.0000000000
  5823.5010000000  1921.1829589696  5900.9247246738  0.0000000000  1.0000000000
  5811.0010000000  1917.0375865995  5891.3980230786  0.0000000000  1.0000000000
  5798.5010000000  1912.8922333268  5881.8662011568  0.0000000000  1.0000000000
  5786.0010000000  1908.7469068758  5872.3292627420  0.0000000000  1.0000000000
  5773.5010000000  1904.6016010923  5862.7871796840  0.0000000000  1.0000000000
  5761.0010000000  1900.4563204799  5853.2399482850  0.0000000000  1.0000000000
  5748.5010000000  1896.3110626982  5843.6875490265  0.0000000000  1.0000000000
  5736.0010000000  1892.1658255753  5834.1299626961  0.0000000000  1.0000000000
  5723.5010000000  1888.0206140508  5824.5671864113  0.0000000000  1.0000000000
  5711.0010000000  1883.8754262547  5814.9992015218  0.0000000000  1.0000000000
  5698.5010000000  1879.7302604855  5805.4259896857  0.0000000000  1.0000000000
  5686.0010000000  1875.5851221190  5795.8475488394  0.0000000000  1.0000000000
  5673.5010000000  1871.4400028578  5786.2638452533  0.0000000000  1.0000000000
  5661.0010000000  1867.2949083914  5776.6748774473  0.0000000000  1.0000000000
  5648.5010000000  1863.1498410941  5767.0806362225  0.0000000000  1.0000000000
  5636.0010000000  1859.0047931905  5757.4810888060  0.0000000000  1.0000000000
  5623.5010000000  1854.8597708232  5747.8762345703  0.0000000000  1.0000000000
  5611.0010000000  1850.7147734166  5738.2660572647  0.0000000000  1.0000000000
  5598.5010000000  1846.5698005634  5728.6505409507  0.0000000000  1.0000000000
  5586.0010000000  1842.4248486157  5719.0296620880  0.0000000000  1.0000000000
  5573.5010000000  1838.2799243260  5709.4034212017  0.0000000000  1.0000000000
  5561.0010000000  1834.1350243772  5699.7717953697  0.0000000000  1.0000000000
  5548.5010000000  1829.9901490347  5690.1347699072  0.0000000000  1.0000000000
  5536.0010000000  1825.8452953466  5680.4923225657  0.0000000000  1.0000000000
  5523.5010000000  1821.7004673123  5670.8444471875  0.0000000000  1.0000000000
  5511.0010000000  1817.5556657020  5661.1911300340  0.0000000000  1.0000000000
  5498.5010000000  1813.4108880856  5651.5323498312  0.0000000000  1.0000000000
  5486.0010000000  1809.2661355871  5641.8680935008  0.0000000000  1.0000000000
  5473.5010000000  1805.1214061417  5632.1983404478  0.0000000000  1.0000000000
  5461.0010000000  1800.9767045781  5622.5230860819  0.0000000000  1.0000000000
  5448.5010000000  1796.8320258340  5612.8423026466  0.0000000000  1.0000000000
  5436.0010000000  1792.6873750804  5603.1559861985  0.0000000000  1.0000000000
  5423.5010000000  1788.5427476317  5593.4641096829  0.0000000000  1.0000000000
  5411.0010000000  1784.3981456728  5583.7666620163  0.0000000000  1.0000000000
  5398.5010000000  1780.2535682346  5574.0636246558  0.0000000000  1.0000000000
  5386.0010000000  1776.1090178558  5564.3549871874  0.0000000000  1.0000000000
  5373.5010000000  1771.9644939324  5554.6407317570  0.0000000000  1.0000000000
  5361.0010000000  1767.8199960517  5544.9208408693  0.0000000000  1.0000000000
  5348.5010000000  1763.6755239923  5535.1952973885  0.0000000000  1.0000000000
  5336.0010000000  1759.5310744306  5525.4640768037  0.0000000000  1.0000000000
  5323.5010000000  1755.3866541204  5515.7271781796  0.0000000000  1.0000000000
  5311.0010000000  1751.2422601151  5505.9845777184  0.0000000000  1.0000000000
  5298.5010000000  1747.0978896822  5496.2362520206  0.0000000000  1.0000000000
  5286.0010000000  1742.9535468446  5486.4821934840  0.0000000000  1.0000000000
  5273.5010000000  1738.8092325284  5476.7223871431  0.0000000000  1.0000000000
  5261.0010000000  1734.6649413341  5466.9568030354  0.0000000000  1.0000000000
  5248.5010000000  1730.5206778582  5457.1854346507  0.0000000000  1.0000000000
  5236.0010000000  1726.3764436183  5447.4082681451  0.0000000000  1.0000000000
  5223.5010000000  1722.2322338409  5437.6252747345  0.0000000000  1.0000000000
  5211.0010000000  1718.0880504612  5427.8364413626  0.0000000000  1.0000000000
  5198.5010000000  1713.9438956053  5418.0417553410  0.0000000000  1.0000000000
  5186.0010000000  1709.7997651436  5408.2411890975  0.0000000000  1.0000000000
  5173.5010000000  1705.6556648376  5398.4347383523  0.0000000000  1.0000000000
  5161.0010000000  1701.5115909810  5388.6223763358  0.0000000000  1.0000000000
  5148.5010000000  1697.3675433113  5378.8040843207  0.0000000000  1.0000000000
  5136.0010000000  1693.2235249811  5368.9798515765  0.0000000000  1.0000000000
  5123.5010000000  1689.0795329453  5359.1496525847  0.0000000000  1.0000000000
  5111.0010000000  1684.9355675852  5349.3134698436  0.0000000000  1.0000000000
  5098.5010000000  1680.7916326796  5339.4712938231  0.0000000000  1.0000000000
  5086.0010000000  1676.6477226679  5329.6230927107  0.0000000000  1.0000000000
  5073.5010000000  1672.5038449346  5319.7688653505  0.0000000000  1.0000000000
  5061.0010000000  1668.3599912068  5309.9085732580  0.0000000000  1.0000000000
  5048.5010000000  1664.2161661333  5300.0422085695  0.0000000000  1.0000000000
  5036.0010000000  1660.0723714005  5290.1697562836  0.0000000000  1.0000000000
  5023.5010000000  1655.9286026147  5280.2911868027  0.0000000000  1.0000000000
  5011.0010000000  1651.7848650682  5270.4064935075  0.0000000000  1.0000000000
  4998.5010000000  1647.6411548376  5260.5156476980  0.0000000000  1.0000000000
  4986.0010000000  1643.4974713910  5250.6186286432  0.0000000000  1.0000000000
  4973.5010000000  1639.3538206816  5240.7154310038  0.0000000000  1.0000000000
  4961.0010000000  1635.2101963827  5230.8060199874  0.0000000000  1.0000000000
  4948.5010000000  1631.0666017884  5220.8903836816  0.0000000000  1.0000000000
  4936.0010000000  1626.9230373012  5210.9685031545  0.0000000000  1.0000000000
  4923.5010000000  1622.7795004617  5201.0403525033  0.0000000000  1.0000000000
  4911.0010000000  1618.6359921665  5191.1059137433  0.0000000000  1.0000000000
  4898.5010000000  1614.4925166384  5181.1651767624  0.0000000000  1.0000000000
  4886.0010000000  1610.3490690676  5171.2181096662  0.0000000000  1.0000000000
  4873.5010000000  1606.2056480064  5161.2646884913  0.0000000000  1.0000000000
  4861.0010000000  1602.0622614797  5151.3049119248  0.0000000000  1.0000000000
  4848.5010000000  1597.9189023811  5141.3387421746  0.0000000000  1.0000000000
  4836.0010000000  1593.7755730888  5131.3661641203  0.0000000000  1.0000000000
  4823.5010000000  1589.6322762189  5121.3871631077  0.0000000000  1.0000000000
  4811.0010000000  1585.4890085326  5111.4017102599  0.0000000000  1.0000000000
  4798.5010000000  1581.3457701170  5101.4097845800  0.0000000000  1.0000000000
  4786.0010000000  1577.2025643560  5091.4113729043  0.0000000000  1.0000000000
  4773.5010000000  1573.0593888137  5081.4064479068  0.0000000000  1.0000000000
  4761.0010000000  1568.9162443628  5071.3949901157  0.0000000000  1.0000000000
  4748.5010000000  1564.7731291208  5061.3769732728  0.0000000000  1.0000000000
  4736.0010000000  1560.6300445019  5051.3523789571  0.0000000000  1.0000000000
  4723.5010000000  1556.4869921818  5041.3211892601  0.0000000000  1.0000000000
  4711.0010000000  1552.3439710994  5031.2833795188  0.0000000000  1.0000000000
  4698.5010000000  1548.2009804789  5021.2389256233  0.0000000000  1.0000000000
  4686.0010000000  1544.0580228173  5011.1878112667  0.0000000000  1.0000000000
  4673.5010000000  1539.9150978924  5001.1300134199  0.0000000000  1.0000000000
  4661.0010000000  1535.7722027927  4991.0655023808  0.0000000000  1.0000000000
  4648.5010000000  1531.6293408541  4980.9942634831  0.0000000000  1.0000000000
  4636.0010000000  1527.4865097485  4970.9162681605  0.0000000000  1.0000000000
  4623.5010000000  1523.3437104144  4960.8314956460  0.0000000000  1.0000000000
  4611.0010000000  1519.2009440757  4950.7399257335  0.0000000000  1.0000000000
  4598.5010000000  1515.0582092974  4940.6415315986  0.0000000000  1.0000000000
  4586.0010000000  1510.9155078928  4930.5362941903  0.0000000000  1.0000000000
  4573.5010000000  1506.7728390282  4920.4241878610  0.0000000000  1.0000000000
  4561.0010000000  1502.6302051064  4910.3051947198  0.0000000000  1.0000000000
  4548.5010000000  1498.4876000533  4900.1792760174  0.0000000000  1.0000000000
  4536.0010000000  1494.3450298119  4890.0464222182  0.0000000000  1.0000000000
  4523.5010000000  1490.2024947691  4879.9066100728  0.0000000000  1.0000000000
  4511.0010000000  1486.0599898165  4869.7598027174  0.0000000000  1.0000000000
  4498.5010000000  1481.9175217899  4859.6059923877  0.0000000000  1.0000000000
  4486.0010000000  1477.7750862242  4849.4451434834  0.0000000000  1.0000000000
  4473.5010000000  1473.6326818972  4839.2772281795  0.0000000000  1.0000000000
  4461.0010000000  1469.4903136771  4829.1022334516  0.0000000000  1.0000000000
  4448.5010000000  1465.3479809732  4818.9201327267  0.0000000000  1.0000000000
  4436.0010000000  1461.2056806621  4808.7308930365  0.0000000000  1.0000000000
  4423.5010000000  1457.0634128391  4798.5344891543  0.0000000000  1.0000000000
  4411.0010000000  1452.9211836414  4788.3309105802  0.0000000000  1.0000000000
  4398.5010000000  1448.7789852516  4778.1201122814  0.0000000000  1.0000000000
  4386.0010000000  1444.6368244686  4767.9020850729  0.0000000000  1.0000000000
  4373.5010000000  1440.4946970334  4757.6767923431  0.0000000000  1.0000000000
  4361.0010000000  1436.3526047291  4747.4442122122  0.0000000000  1.0000000000
  4348.5010000000  1432.2105496726  4737.2043234686  0.0000000000  1.0000000000
  4336.0010000000  1428.0685286795  4726.9570916237  0.0000000000  1.0000000000
  4323.5010000000  1423.9265417598  4716.7024899030  0.0000000000  1.0000000000
  4311.0010000000  1419.7845920868  4706.4404991974  0.0000000000  1.0000000000
  4298.5010000000  1415.6426775694  4696.1710871861  0.0000000000  1.0000000000
  4286.0010000000  1411.5007992923  4685.8942292367  0.0000000000  1.0000000000
  4273.5010000000  1407.3589586985  4675.6099014343  0.0000000000  1.0000000000
  4261.0010000000  1403.2171520275  4665.3180667581  0.0000000000  1.0000000000
  4248.5010000000  1399.0753842501  4655.0187096953  0.0000000000  1.0000000000
  4236.0010000000  1394.9336523655  4644.7117947387  0.0000000000  1.0000000000
  4223.5010000000  1390.7919565422  4634.3972940679  0.0000000000  1.0000000000
  4211.0010000000  1386.6502973317  4624.0751806289  0.0000000000  1.0000000000
  4198.5010000000  1382.5086756682  4613.7454281352  0.0000000000  1.0000000000
  4186.0010000000  1378.3670901248  4603.4080042191  0.0000000000  1.0000000000
  4173.5010000000  1374.2255451573  4593.0628910071  0.0000000000  1.0000000000
  4161.0010000000  1370.0840346536  4582.7100440348  0.0000000000  1.0000000000
  4148.5010000000  1365.9425638596  4572.3494470177  0.0000000000  1.0000000000
  4136.0010000000  1361.8011302218  4561.9810639768  0.0000000000  1.0000000000
  4123.5010000000  1357.6597370447  4551.6048733935  0.0000000000  1.0000000000
  4111.0010000000  1353.5183798949  4541.2208341608  0.0000000000  1.0000000000
  4098.5010000000  1349.3770601974  4530.8289196365  0.0000000000  1.0000000000
  4086.0010000000  1345.2357824786  4520.4291107727  0.0000000000  1.0000000000
  4073.5010000000  1341.0945408950  4510.0213622735  0.0000000000  1.0000000000
  4061.0010000000  1336.9533408126  4499.6056567893  0.0000000000  1.0000000000
  4048.5010000000  1332.8121772767  4489.1819508093  0.0000000000  1.0000000000
  4036.0010000000  1328.6710538232  4478.7502219628  0.0000000000  1.0000000000
  4023.5010000000  1324.5299717320  4468.3104419979  0.0000000000  1.0000000000
  4011.0010000000  1320.3889274007  4457.8625701284  0.0000000000  1.0000000000
  3998.5010000000  1316.2479230107  4447.4065799253  0.0000000000  1.0000000000
  3986.0010000000  1312.1069611752  4436.9424458426  0.0000000000  1.0000000000
  3973.5010000000  1307.9660370247  4426.4701231949  0.0000000000  1.0000000000
  3961.0010000000  1303.8251540926  4415.9895883039  0.0000000000  1.0000000000
  3948.5010000000  1299.6843110928  4405.5008050730  0.0000000000  1.0000000000
  3936.0010000000  1295.5435124602  4395.0037516691  0.0000000000  1.0000000000
  3923.5010000000  1291.4027526084  4384.4983806212  0.0000000000  1.0000000000
  3911.0010000000  1287.2620316971  4373.9846587687  0.0000000000  1.0000000000
  3898.5010000000  1283.1213555696  4363.4625671580  0.0000000000  1.0000000000
  3886.0010000000  1278.9807201227  4352.9320613315  0.0000000000  1.0000000000
  3873.5010000000  1274.8401269622  4342.3931110861  0.0000000000  1.0000000000
  3861.0010000000  1270.6995755935  4331.8456806292  0.0000000000  1.0000000000
  3848.5010000000  1266.5590660292  4321.2897352039  0.0000000000  1.0000000000
  3836.0010000000  1262.4185987888  4310.7252410917  0.0000000000  1.0000000000
  3823.5010000000  1258.2781748992  4300.1521656147  0.0000000000  1.0000000000
  3811.0010000000  1254.1377958939  4289.5704771386  0.0000000000  1.0000000000
  3798.5010000000  1249.9974561622  4278.9801254958  0.0000000000  1.0000000000
  3786.0010000000  1245.8571633969  4268.3810942746  0.0000000000  1.0000000000
  3773.5010000000  1241.7169105202  4257.7733289992  0.0000000000  1.0000000000
  3761.0010000000  1237.5767037198  4247.1568088906  0.0000000000  1.0000000000
  3748.5010000000  1233.4365420897  4236.5314947339  0.0000000000  1.0000000000
  3736.0010000000  1229.2964227624  4225.8973419872  0.0000000000  1.0000000000
  3723.5010000000  1225.1563484784  4215.2543202244  0.0000000000  1.0000000000
  3711.0010000000  1221.0163174978  4204.6023872259  0.0000000000  1.0000000000
  3698.5010000000  1216.8763336635  4193.9415148506  0.0000000000  1.0000000000
  3686.0010000000  1212.7363938699  4183.2716567841  0.0000000000  1.0000000000
  3673.5010000000  1208.5965005941  4172.5927807966  0.0000000000  1.0000000000
  3661.0010000000  1204.4566519091  4161.9048430073  0.0000000000  1.0000000000
  3648.5010000000  1200.3168489705  4151.2078071861  0.0000000000  1.0000000000
  3636.0010000000  1196.1770910492  4140.5016319317  0.0000000000  1.0000000000
  3623.5010000000  1192.0373804856  4129.7862834776  0.0000000000  1.0000000000
  3611.0010000000  1187.8977177480  4119.0617229145  0.0000000000  1.0000000000
  3598.5010000000  1183.7580990155  4108.3278998959  0.0000000000  1.0000000000
  3586.0010000000  1179.6185284538  4097.5847844580  0.0000000000  1.0000000000
  3573.5010000000  1175.4790059395  4086.8323352070  0.0000000000  1.0000000000
  3561.0010000000  1171.3395319829  4076.0705120709  0.0000000000  1.0000000000
  3548.5010000000  1167.2001028822  4065.2992636871  0.0000000000  1.0000000000
  3536.0010000000  1163.0607228709  4054.5185590016  0.0000000000  1.0000000000
  3523.5010000000  1158.9213919701  4043.7283556773  0.0000000000  1.0000000000
  3511.0010000000  1154.7821084567  4032.9286064833  0.0000000000  1.0000000000
  3498.5010000000  1150.6428760877  4022.1192781445  0.0000000000  1.0000000000
  3486.0010000000  1146.5036896901  4011.3003137209  0.0000000000  1.0000000000
  3473.5010000000  1142.3645543658  4000.4716827633  0.0000000000  1.0000000000
  3461.0010000000  1138.2254687162  3989.6333374841  0.0000000000  1.0000000000
  3448.5010000000  1134.0864320539  3978.7852315858  0.0000000000  1.0000000000
  3436.0010000000  1129.9474467677  3967.9273264721  0.0000000000  1.0000000000
  3423.5010000000  1125.8085112145  3957.0595726079  0.0000000000  1.0000000000
  3411.0010000000  1121.6696244881  3946.1819220058  0.0000000000  1.0000000000
  3398.5010000000  1117.5307911107  3935.2943405764  0.0000000000  1.0000000000
  3386.0010000000  1113.3920092720  3924.3967772105  0.0000000000  1.0000000000
  3373.5010000000  1109.2532779250  3913.4891824046  0.0000000000  1.0000000000
  3361.0010000000  1105.1145967854  3902.5715082657  0.0000000000  1.0000000000
  3348.5010000000  1100.9759709713  3891.6437207713  0.0000000000  1.0000000000
  3336.0010000000  1096.8373947461  3880.7057568463  0.0000000000  1.0000000000
  3323.5010000000  1092.6988724407  3869.7575795958  0.0000000000  1.0000000000
  3311.0010000000  1088.5604022226  3858.7991354286  0.0000000000  1.0000000000
  3298.5010000000  1084.4219876616  3847.8303846426  0.0000000000  1.0000000000
  3286.0010000000  1080.2836239424  3836.8512648932  0.0000000000  1.0000000000
  3273.5010000000  1076.1453162389  3825.8617398984  0.0000000000  1.0000000000
  3261.0010000000  1072.0070613923  3814.8617508361  0.0000000000  1.0000000000
  3248.5010000000  1067.8688616458  3803.8512527936  0.0000000000  1.0000000000
  3236.0010000000  1063.7307155363  3792.8301905614  0.0000000000  1.0000000000
  3223.5010000000  1059.5926269766  3781.7985228034  0.0000000000  1.0000000000
  3211.0010000000  1055.4545917043  3770.7561859430  0.0000000000  1.0000000000
  3198.5010000000  1051.3166130998  3759.7031363234  0.0000000000  1.0000000000
  3186.0010000000  1047.1786909163  3748.6393201522  0.0000000000  1.0000000000
  3173.5010000000  1043.0408235729  3737.5646795901  0.0000000000  1.0000000000
  3161.0010000000  1038.9030148513  3726.4791706755  0.0000000000  1.0000000000
  3148.5010000000  1034.7652627570  3715.3827335040  0.0000000000  1.0000000000
  3136.0010000000  1030.6275673461  3704.2753131660  0.0000000000  1.0000000000
  3123.5010000000  1026.4899307089  3693.1568597234  0.0000000000  1.0000000000
  3111.0010000000  1022.3523503692  3682.0273104669  0.0000000000  1.0000000000
  3098.5010000000  1018.2148303073  3670.8866195429  0.0000000000  1.0000000000
  3086.0010000000  1014.0773688795  3659.7347254575  0.0000000000  1.0000000000
  3073.5010000000  1009.9399676164  3648.5715747434  0.0000000000  1.0000000000
  3061.0010000000  1005.8026246858  3637.3971043314  0.0000000000  1.0000000000
  3048.5010000000  1001.6653414434  3626.2112592163  0.0000000000  1.0000000000
  3036.0010000000   997.5281180895  3615.0139807350  0.0000000000  1.0000000000
  3023.5010000000   993.3909579992  3603.8052182780  0.0000000000  1.0000000000
  3011.0010000000   989.2538569817  3592.5849001840  0.0000000000  1.0000000000
  2998.5010000000   985.1168162220  3581.3529687785  0.0000000000  1.0000000000
  2986.0010000000   980.9798400860  3570.1093744747  0.0000000000  1.0000000000
  2973.5010000000   976.8429233598  3558.8540410741  0.0000000000  1.0000000000
  2961.0010000000   972.7060704477  3547.5869179366  0.0000000000  1.0000000000
  2948.5010000000   968.5692815374  3536.3079423707  0.0000000000  1.0000000000
  2936.0010000000   964.4325547848  3525.0170455307  0.0000000000  1.0000000000
  2923.5010000000   960.2958926480  3513.7141696934  0.0000000000  1.0000000000
  2911.0010000000   956.1592934857  3502.3992453208  0.0000000000  1.0000000000
  2898.5010000000   952.0227610056  3491.0722168767  0.0000000000  1.0000000000
  2886.0010000000   947.8862917525  3479.7330085797  0.0000000000  1.0000000000
  2873.5010000000   943.7498897144  3468.3815643925  0.0000000000  1.0000000000
  2861.0010000000   939.6135517972  3457.0178081976  0.0000000000  1.0000000000
  2848.5010000000   935.4772802828  3445.6416779632  0.0000000000  1.0000000000
  2836.0010000000   931.3410766202  3434.2531087110  0.0000000000  1.0000000000
  2823.5010000000   927.2049394196  3422.8520269603  0.0000000000  1.0000000000
  2811.0010000000   923.0688706199  3411.4383677047  0.0000000000  1.0000000000
  2798.5010000000   918.9328693753  3400.0120575543  0.0000000000  1.0000000000
  2786.0010000000   914.7969361627  3388.5730260488  0.0000000000  1.0000000000
  2773.5010000000   910.6610727818  3377.1212056674  0.0000000000  1.0000000000
  2761.0010000000   906.5252783430  3365.6565207107  0.0000000000  1.0000000000
  2748.5010000000   902.3895553329  3354.1789040915  0.0000000000  1.0000000000
  2736.0010000000   898.2539016109  3342.6882751265  0.0000000000  1.0000000000
  2723.5010000000   894.1183184542  3331.1845618415  0.0000000000  1.0000000000
  2711.0010000000   889.9828065657  3319.6676898926  0.0000000000  1.0000000000
  2698.5010000000   885.8473670942  3308.1375853905  0.0000000000  1.0000000000
  2686.0010000000   881.7119996872  3296.5941694558  0.0000000000  1.0000000000
  2673.5010000000   877.5767064577  3285.0373692770  0.0000000000  1.0000000000
  2661.0010000000   873.4414861141  3273.4671017030  0.0000000000  1.0000000000
  2648.5010000000   869.3063389066  3261.8832870389  0.0000000000  1.0000000000
  2636.0010000000   865.1712666275  3250.2858490589  0.0000000000  1.0000000000
  2623.5010000000   861.0362687500  3238.6747041712  0.0000000000  1.0000000000
  2611.0010000000   856.9013463444  3227.0497723811  0.0000000000  1.0000000000
  2598.5010000000   852.7665020784  3215.4109773049  0.0000000000  1.0000000000
  2586.0010000000   848.6317325779  3203.7582246425  0.0000000000  1.0000000000
  2573.5010000000   844.4970399825  3192.0914346831  0.0000000000  1.0000000000
  2561.0010000000   840.3624261883  3180.4105261122  0.0000000000  1.0000000000
  2548.5010000000   836.2278909944  3168.7154107452  0.0000000000  1.0000000000
  2536.0010000000   832.0934340538  3157.0059990054  0.0000000000  1.0000000000
  2523.5010000000   827.9590567832  3145.2822053239  0.0000000000  1.0000000000
  2511.0010000000   823.8247586278  3133.5439375423  0.0000000000  1.0000000000
  2498.5010000000   819.6905427126  3121.7911129391  0.0000000000  1.0000000000
  2486.0010000000   815.5564065395  3110.0236317802  0.0000000000  1.0000000000
  2473.5010000000   811.4223532073  3098.2414091993  0.0000000000  1.0000000000
  2461.0010000000   807.2883821430  3086.4443488155  0.0000000000  1.0000000000
  2448.5010000000   803.1544947054  3074.6323586693  0.0000000000  1.0000000000
  2436.0010000000   799.0206905336  3062.8053407867  0.0000000000  1.0000000000
  2423.5010000000   794.8869712545  3050.9632017571  0.0000000000  1.0000000000
  2411.0010000000   790.7533368598  3039.1058423517  0.0000000000  1.0000000000
  2398.5010000000   786.6197875811  3027.2331628625  0.0000000000  1.0000000000
  2386.0010000000   782.4863257225  3015.3450683614  0.0000000000  1.0000000000
  2373.5010000000   778.3529502898  3003.4414532417  0.0000000000  1.0000000000
  2361.0010000000   774.2196624461  2991.5222168779  0.0000000000  1.0000000000
  2348.5010000000   770.0864637358  2979.5872585135  0.0000000000  1.0000000000
  2336.0010000000   765.9533543512  2967.6364722318  0.0000000000  1.0000000000
  2323.5010000000   761.8203340847  2955.6697496654  0.0000000000  1.0000000000
  2311.0010000000   757.6874041363  2943.6869852113  0.0000000000  1.0000000000
  2298.5010000000   753.5545671318  2931.6880760870  0.0000000000  1.0000000000
  2286.0010000000   749.4218210496  2919.6729046670  0.0000000000  1.0000000000
  2273.5010000000   745.2891680290  2907.6413640273  0.0000000000  1.0000000000
  2261.0010000000   741.1566091569  2895.5933427944  0.0000000000  1.0000000000
  2248.5010000000   737.0241445391  2883.5287253078  0.0000000000  1.0000000000
  2236.0010000000   732.8917742281  2871.4473942877  0.0000000000  1.0000000000
  2223.5010000000   728.7595008335  2859.3492384551  0.0000000000  1.0000000000
  2211.0010000000   724.6273235819  2847.2341351299  0.0000000000  1.0000000000
  2198.5010000000   720.4952443579  2835.1019678810  0.0000000000  1.0000000000
  2186.0010000000   716.3632634971  2822.9526141763  0.0000000000  1.0000000000
  2173.5010000000   712.2313815520  2810.7859505232  0.0000000000  1.0000000000
  2161.0010000000   708.0996001805  2798.6018550648  0.0000000000  1.0000000000
  2148.5010000000   703.9679205210  2786.4002027717  0.0000000000  1.0000000000
  2136.0010000000   699.8363424381  2774.1808631667  0.0000000000  1.0000000000
  2123.5010000000   695.7048662603  2761.9437054143  0.0000000000  1.0000000000
  2111.0010000000   691.5734944727  2749.6886033243  0.0000000000  1.0000000000
  2098.5010000000   687.4422276570  2737.4154232929  0.0000000000  1.0000000000
  2086.0010000000   683.3110662245  2725.1240293879  0.0000000000  1.0000000000
  2073.5010000000   679.1800121066  2712.8142883488  0.0000000000  1.0000000000
  2061.0010000000   675.0490639622  2700.4860552722  0.0000000000  1.0000000000
  2048.5010000000   670.9182253364  2688.1391979018  0.0000000000  1.0000000000
  2036.0010000000   666.7874950534  2675.7735679229  0.0000000000  1.0000000000
  2023.5010000000   662.6568769262  2663.3890299465  0.0000000000  1.0000000000
  2011.0010000000   658.5263686585  2650.9854282331  0.0000000000  1.0000000000
  1998.5010000000   654.3959746478  2638.5626250450  0.0000000000  1.0000000000
  1986.0010000000   650.2656933892  2626.1204627863  0.0000000000  1.0000000000
  1973.5010000000   646.1355270445  2613.6587927138  0.0000000000  1.0000000000
  1961.0010000000   642.0054752405  2601.1774562232  0.0000000000  1.0000000000
  1948.5010000000   637.8755413896  2588.6763038876  0.0000000000  1.0000000000
  1936.0010000000   633.7457257793  2576.1551745355  0.0000000000  1.0000000000
  1923.5010000000   629.6160287964  2563.6139049233  0.0000000000  1.0000000000
  1911.0010000000   625.4864525408  2551.0523345995  0.0000000000  1.0000000000
  1898.5010000000   621.3569978548  2538.4702968394  0.0000000000  1.0000000000
  1886.0010000000   617.2276652073  2525.8676212589  0.0000000000  1.0000000000
  1873.5010000000   613.0984570532  2513.2441409701  0.0000000000  1.0000000000
  1861.0010000000   608.9693741633  2500.5996813274  0.0000000000  1.0000000000
  1848.5010000000   604.8404172575  2487.9340648412  0.0000000000  1.0000000000
  1836.0010000000   600.7115885934  2475.2471160013  0.0000000000  1.0000000000
  1823.5010000000   596.5828883720  2462.5386501843  0.0000000000  1.0000000000
  1811.0010000000   592.4543185585  2449.8084853261  0.0000000000  1.0000000000
  1798.5010000000   588.3258815051  2437.0564376476  0.0000000000  1.0000000000
  1786.0010000000   584.1975764520  2424.2823107627  0.0000000000  1.0000000000
  1773.5010000000   580.0694062050  2411.4859162404  0.0000000000  1.0000000000
  1761.0010000000   575.9413714544  2398.6670559750  0.0000000000  1.0000000000
  1748.5010000000   571.8134752314  2385.8255359315  0.0000000000  1.0000000000
  1736.0010000000   567.6857166199  2372.9611465198  0.0000000000  1.0000000000
  1723.5010000000   563.5580987421  2360.0736873615  0.0000000000  1.0000000000
  1711.0010000000   559.4306232003  2347.1629499234  0.0000000000  1.0000000000
  1698.5010000000   555.3032902691  2334.2287179941  0.0000000000  1.0000000000
  1686.0010000000   551.1761032385  2321.2707812084  0.0000000000  1.0000000000
  1673.5010000000   547.0490616112  2308.2889136307  0.0000000000  1.0000000000
  1661.0010000000   542.9221695816  2295.2829002988  0.0000000000  1.0000000000
  1648.5010000000   538.7954265520  2282.2525072968  0.0000000000  1.0000000000
  1636.0010000000   534.6688355577  2269.1975081937  0.0000000000  1.0000000000
  1623.5010000000   530.5423979656  2256.1176672341  0.0000000000  1.0000000000
  1611.0010000000   526.4161157129  2243.0127463005  0.0000000000  1.0000000000
  1598.5010000000   522.2899901531  2229.8825011495  0.0000000000  1.0000000000
  1586.0010000000   518.1640235920  2216.7266861861  0.0000000000  1.0000000000
  1573.5010000000   514.0382181499  2203.5450507419  0.0000000000  1.0000000000
  1561.0010000000   509.9125746718  2190.3373354588  0.0000000000  1.0000000000
