  1.00000000000000002E-003
  2.00000000000000004E-003         501
     1.0010000000     0.1532511739     6.4089132473  0.0000000000  0.0000000000
     0.9990000000     0.1529604918     6.3978069625  0.0000000000  0.0000000000
     0.9970000000     0.1526698017     6.3866978753  0.0000000000  0.0000000000
     0.9950000000     0.1523791036     6.3755859788  0.0000000000  0.0000000000
     0.9930000000     0.1520883975     6.3644712667  0.0000000000  0.0000000000
     0.9910000000     0.1517976833     6.3533537324  0.0000000000  0.0000000000
     0.9890000000     0.1515069610     6.3422333696  0.0000000000  0.0000000000
     0.9870000000     0.1512162304     6.3311101717  0.0000000000  0.0000000000
     0.9850000000     0.1509254916     6.3199841322  0.0000000000  0.0000000000
     0.9830000000     0.1506347444     6.3088552446  0.0000000000  0.0000000000
     0.9810000000     0.1503439888     6.2977235024  0.0000000000  0.0000000000
     0.9790000000     0.1500532248     6.2865888989  0.0000000000  0.0000000000
     0.9770000000     0.1497624523     6.2754514274  0.0000000000  0.0000000000
     0.9750000000     0.1494716712     6.2643110815  0.0000000000  0.0000000000
     0.9730000000     0.1491808814     6.2531678543  0.0000000000  0.0000000000
     0.9710000000     0.1488900830     6.2420217391  0.0000000000  0.0000000000
     0.9690000000     0.1485992758     6.2308727293  0.0000000000  0.0000000000
     0.9670000000     0.1483084598     6.2197208179  0.0000000000  0.0000000000
     0.9650000000     0.1480176350     6.2085659983  0.0000000000  0.0000000000
     0.9630000000     0.1477268012     6.1974082636  0.0000000000  0.0000000000
     0.9610000000     0.1474359584     6.1862476069  0.0000000000  0.0000000000
     0.9590000000     0.1471451065     6.1750840213  0.0000000000  0.0000000000
     0.9570000000     0.1468542455     6.1639174999  0.0000000000  0.0000000000
     0.9550000000     0.1465633753     6.1527480357  0.0000000000  0.0000000000
     0.9530000000     0.1462724959     6.1415756218  0.0000000000  0.0000000000
     0.9510000000     0.1459816072     6.1304002511  0.0000000000  0.0000000000
     0.9490000000     0.1456907090     6.1192219165  0.0000000000  0.0000000000
     0.9470000000     0.1453998015     6.1080406111  0.0000000000  0.0000000000
     0.9450000000     0.1451088844     6.0968563276  0.0000000000  0.0000000000
     0.9430000000     0.1448179577     6.0856690588  0.0000000000  0.0000000000
     0.9410000000     0.1445270214     6.0744787977  0.0000000000  0.0000000000
     0.9390000000     0.1442360754     6.0632855371  0.0000000000  0.0000000000
     0.9370000000     0.1439451196     6.0520892695  0.0000000000  0.0000000000
     0.9350000000     0.1436541539     6.0408899878  0.0000000000  0.0000000000
     0.9330000000     0.1433631784     6.0296876847  0.0000000000  0.0000000000
     0.9310000000     0.1430721928     6.0184823527  0.0000000000  0.0000000000
     0.9290000000     0.1427811972     6.0072739846  0.0000000000  0.0000000000
     0.9270000000     0.1424901915     5.9960625729  0.0000000000  0.0000000000
     0.9250000000     0.1421991756     5.9848481100  0.0000000000  0.0000000000
     0.9230000000     0.1419081494     5.9736305887  0.0000000000  0.0000000000
     0.9210000000     0.1416171129     5.9624100012  0.0000000000  0.0000000000
     0.9190000000     0.1413260660     5.9511863401  0.0000000000  0.0000000000
     0.9170000000     0.1410350087     5.9399595977  0.0000000000  0.0000000000
     0.9150000000     0.1407439407     5.9287297665  0.0000000000  0.0000000000
     0.9130000000     0.1404528622     5.9174968388  0.0000000000  0.0000000000
     0.9110000000     0.1401617730     5.9062608067  0.0000000000  0.0000000000
     0.9090000000     0.1398706730     5.8950216627  0.0000000000  0.0000000000
     0.9070000000     0.1395795622     5.8837793990  0.0000000000  0.0000000000
     0.9050000000     0.1392884404     5.8725340076  0.0000000000  0.0000000000
     0.9030000000     0.1389973077     5.8612854808  0.0000000000  0.0000000000
     0.9010000000     0.1387061640     5.8500338107  0.0000000000  0.0000000000
     0.8990000000     0.1384150090     5.8387789893  0.0000000000  0.0000000000
     0.8970000000     0.1381238429     5.8275210087  0.0000000000  0.0000000000
     0.8950000000     0.1378326655     5.8162598609  0.0000000000  0.0000000000
     0.8930000000     0.1375414767     5.8049955378  0.0000000000  0.0000000000
     0.8910000000     0.1372502765     5.7937280314  0.0000000000  0.0000000000
     0.8890000000     0.1369590647     5.7824573335  0.0000000000  0.0000000000
     0.8870000000     0.1366678414     5.7711834360  0.0000000000  0.0000000000
     0.8850000000     0.1363766064     5.7599063306  0.0000000000  0.0000000000
     0.8830000000     0.1360853596     5.7486260091  0.0000000000  0.0000000000
     0.8810000000     0.1357941010     5.7373424633  0.0000000000  0.0000000000
     0.8790000000     0.1355028305     5.7260556848  0.0000000000  0.0000000000
     0.8770000000     0.1352115479     5.7147656653  0.0000000000  0.0000000000
     0.8750000000     0.1349202533     5.7034723963  0.0000000000  0.0000000000
     0.8730000000     0.1346289465     5.6921758694  0.0000000000  0.0000000000
     0.8710000000     0.1343376275     5.6808760761  0.0000000000  0.0000000000
     0.8690000000     0.1340462961     5.6695730080  0.0000000000  0.0000000000
     0.8670000000     0.1337549524     5.6582666563  0.0000000000  0.0000000000
     0.8650000000     0.1334635961     5.6469570125  0.0000000000  0.0000000000
     0.8630000000     0.1331722273     5.6356440680  0.0000000000  0.0000000000
     0.8610000000     0.1328808458     5.6243278140  0.0000000000  0.0000000000
     0.8590000000     0.1325894515     5.6130082417  0.0000000000  0.0000000000
     0.8570000000     0.1322980444     5.6016853425  0.0000000000  0.0000000000
     0.8550000000     0.1320066244     5.5903591075  0.0000000000  0.0000000000
     0.8530000000     0.1317151913     5.5790295277  0.0000000000  0.0000000000
     0.8510000000     0.1314237452     5.5676965943  0.0000000000  0.0000000000
     0.8490000000     0.1311322859     5.5563602983  0.0000000000  0.0000000000
     0.8470000000     0.1308408132     5.5450206307  0.0000000000  0.0000000000
     0.8450000000     0.1305493273     5.5336775824  0.0000000000  0.0000000000
     0.8430000000     0.1302578278     5.5223311442  0.0000000000  0.0000000000
     0.8410000000     0.1299663148     5.5109813072  0.0000000000  0.0000000000
     0.8390000000     0.1296747882     5.4996280620  0.0000000000  0.0000000000
     0.8370000000     0.1293832478     5.4882713993  0.0000000000  0.0000000000
     0.8350000000     0.1290916936     5.4769113100  0.0000000000  0.0000000000
     0.8330000000     0.1288001255     5.4655477846  0.0000000000  0.0000000000
     0.8310000000     0.1285085433     5.4541808138  0.0000000000  0.0000000000
     0.8290000000     0.1282169471     5.4428103881  0.0000000000  0.0000000000
     0.8270000000     0.1279253366     5.4314364980  0.0000000000  0.0000000000
     0.8250000000     0.1276337118     5.4200591340  0.0000000000  0.0000000000
     0.8230000000     0.1273420726     5.4086782865  0.0000000000  0.0000000000
     0.8210000000     0.1270504190     5.3972939458  0.0000000000  0.0000000000
     0.8190000000     0.1267587507     5.3859061023  0.0000000000  0.0000000000
     0.8170000000     0.1264670677     5.3745147461  0.0000000000  0.0000000000
     0.8150000000     0.1261753700     5.3631198676  0.0000000000  0.0000000000
     0.8130000000     0.1258836573     5.3517214568  0.0000000000  0.0000000000
     0.8110000000     0.1255919297     5.3403195039  0.0000000000  0.0000000000
     0.8090000000     0.1253001869     5.3289139988  0.0000000000  0.0000000000
     0.8070000000     0.1250084290     5.3175049317  0.0000000000  0.0000000000
     0.8050000000     0.1247166557     5.3060922924  0.0000000000  0.0000000000
     0.8030000000     0.1244248671     5.2946760707  0.0000000000  0.0000000000
     0.8010000000     0.1241330629     5.2832562567  0.0000000000  0.0000000000
     0.7990000000     0.1238412431     5.2718328399  0.0000000000  0.0000000000
     0.7970000000     0.1235494076     5.2604058101  0.0000000000  0.0000000000
     0.7950000000     0.1232575563     5.2489751571  0.0000000000  0.0000000000
     0.7930000000     0.1229656890     5.2375408703  0.0000000000  0.0000000000
     0.7910000000     0.1226738057     5.2261029394  0.0000000000  0.0000000000
     0.7890000000     0.1223819062     5.2146613538  0.0000000000  0.0000000000
     0.7870000000     0.1220899905     5.2032161030  0.0000000000  0.0000000000
     0.7850000000     0.1217980583     5.1917671764  0.0000000000  0.0000000000
     0.7830000000     0.1215061097     5.1803145632  0.0000000000  0.0000000000
     0.7810000000     0.1212141445     5.1688582527  0.0000000000  0.0000000000
     0.7790000000     0.1209221626     5.1573982341  0.0000000000  0.0000000000
     0.7770000000     0.1206301639     5.1459344966  0.0000000000  0.0000000000
     0.7750000000     0.1203381482     5.1344670292  0.0000000000  0.0000000000
     0.7730000000     0.1200461155     5.1229958210  0.0000000000  0.0000000000
     0.7710000000     0.1197540656     5.1115208609  0.0000000000  0.0000000000
     0.7690000000     0.1194619984     5.1000421377  0.0000000000  0.0000000000
     0.7670000000     0.1191699138     5.0885596404  0.0000000000  0.0000000000
     0.7650000000     0.1188778117     5.0770733577  0.0000000000  0.0000000000
     0.7630000000     0.1185856919     5.0655832783  0.0000000000  0.0000000000
     0.7610000000     0.1182935544     5.0540893907  0.0000000000  0.0000000000
     0.7590000000     0.1180013989     5.0425916837  0.0000000000  0.0000000000
     0.7570000000     0.1177092255     5.0310901457  0.0000000000  0.0000000000
     0.7550000000     0.1174170340     5.0195847652  0.0000000000  0.0000000000
     0.7530000000     0.1171248241     5.0080755305  0.0000000000  0.0000000000
     0.7510000000     0.1168325960     4.9965624299  0.0000000000  0.0000000000
     0.7490000000     0.1165403492     4.9850454517  0.0000000000  0.0000000000
     0.7470000000     0.1162480839     4.9735245840  0.0000000000  0.0000000000
     0.7450000000     0.1159557998     4.9619998150  0.0000000000  0.0000000000
     0.7430000000     0.1156634968     4.9504711326  0.0000000000  0.0000000000
     0.7410000000     0.1153711748     4.9389385250  0.0000000000  0.0000000000
     0.7390000000     0.1150788337     4.9274019798  0.0000000000  0.0000000000
     0.7370000000     0.1147864732     4.9158614850  0.0000000000  0.0000000000
     0.7350000000     0.1144940934     4.9043170284  0.0000000000  0.0000000000
     0.7330000000     0.1142016940     4.8927685975  0.0000000000  0.0000000000
     0.7310000000     0.1139092749     4.8812161800  0.0000000000  0.0000000000
     0.7290000000     0.1136168360     4.8696597635  0.0000000000  0.0000000000
     0.7270000000     0.1133243771     4.8580993354  0.0000000000  0.0000000000
     0.7250000000     0.1130318982     4.8465348830  0.0000000000  0.0000000000
     0.7230000000     0.1127393990     4.8349663937  0.0000000000  0.0000000000
     0.7210000000     0.1124468794     4.8233938547  0.0000000000  0.0000000000
     0.7190000000     0.1121543394     4.8118172531  0.0000000000  0.0000000000
     0.7170000000     0.1118617786     4.8002365761  0.0000000000  0.0000000000
     0.7150000000     0.1115691971     4.7886518107  0.0000000000  0.0000000000
     0.7130000000     0.1112765947     4.7770629436  0.0000000000  0.0000000000
     0.7110000000     0.1109839711     4.7654699619  0.0000000000  0.0000000000
     0.7090000000     0.1106913263     4.7538728522  0.0000000000  0.0000000000
     0.7070000000     0.1103986602     4.7422716013  0.0000000000  0.0000000000
     0.7050000000     0.1101059725     4.7306661956  0.0000000000  0.0000000000
     0.7030000000     0.1098132631     4.7190566218  0.0000000000  0.0000000000
     0.7010000000     0.1095205319     4.7074428663  0.0000000000  0.0000000000
     0.6990000000     0.1092277787     4.6958249153  0.0000000000  0.0000000000
     0.6970000000     0.1089350034     4.6842027552  0.0000000000  0.0000000000
     0.6950000000     0.1086422058     4.6725763722  0.0000000000  0.0000000000
     0.6930000000     0.1083493857     4.6609457522  0.0000000000  0.0000000000
     0.6910000000     0.1080565431     4.6493108814  0.0000000000  0.0000000000
     0.6890000000     0.1077636776     4.6376717457  0.0000000000  0.0000000000
     0.6870000000     0.1074707893     4.6260283308  0.0000000000  0.0000000000
     0.6850000000     0.1071778779     4.6143806224  0.0000000000  0.0000000000
     0.6830000000     0.1068849432     4.6027286063  0.0000000000  0.0000000000
     0.6810000000     0.1065919851     4.5910722680  0.0000000000  0.0000000000
     0.6790000000     0.1062990034     4.5794115930  0.0000000000  0.0000000000
     0.6770000000     0.1060059980     4.5677465665  0.0000000000  0.0000000000
     0.6750000000     0.1057129687     4.5560771739  0.0000000000  0.0000000000
     0.6730000000     0.1054199154     4.5444034004  0.0000000000  0.0000000000
     0.6710000000     0.1051268377     4.5327252310  0.0000000000  0.0000000000
     0.6690000000     0.1048337357     4.5210426507  0.0000000000  0.0000000000
     0.6670000000     0.1045406091     4.5093556445  0.0000000000  0.0000000000
     0.6650000000     0.1042474577     4.4976641970  0.0000000000  0.0000000000
     0.6630000000     0.1039542814     4.4859682930  0.0000000000  0.0000000000
     0.6610000000     0.1036610799     4.4742679170  0.0000000000  0.0000000000
     0.6590000000     0.1033678532     4.4625630536  0.0000000000  0.0000000000
     0.6570000000     0.1030746009     4.4508536872  0.0000000000  0.0000000000
     0.6550000000     0.1027813231     4.4391398019  0.0000000000  0.0000000000
     0.6530000000     0.1024880193     4.4274213821  0.0000000000  0.0000000000
     0.6510000000     0.1021946896     4.4156984117  0.0000000000  0.0000000000
     0.6490000000     0.1019013336     4.4039708747  0.0000000000  0.0000000000
     0.6470000000     0.1016079513     4.3922387550  0.0000000000  0.0000000000
     0.6450000000     0.1013145423     4.3805020363  0.0000000000  0.0000000000
     0.6430000000     0.1010211066     4.3687607022  0.0000000000  0.0000000000
     0.6410000000     0.1007276439     4.3570147364  0.0000000000  0.0000000000
     0.6390000000     0.1004341540     4.3452641221  0.0000000000  0.0000000000
     0.6370000000     0.1001406368     4.3335088428  0.0000000000  0.0000000000
     0.6350000000     0.0998470920     4.3217488815  0.0000000000  0.0000000000
     0.6330000000     0.0995535195     4.3099842213  0.0000000000  0.0000000000
     0.6310000000     0.0992599189     4.2982148453  0.0000000000  0.0000000000
     0.6290000000     0.0989662903     4.2864407362  0.0000000000  0.0000000000
     0.6270000000     0.0986726332     4.2746618768  0.0000000000  0.0000000000
     0.6250000000     0.0983789476     4.2628782497  0.0000000000  0.0000000000
     0.6230000000     0.0980852332     4.2510898372  0.0000000000  0.0000000000
     0.6210000000     0.0977914898     4.2392966219  0.0000000000  0.0000000000
     0.6190000000     0.0974977172     4.2274985859  0.0000000000  0.0000000000
     0.6170000000     0.0972039152     4.2156957113  0.0000000000  0.0000000000
     0.6150000000     0.0969100836     4.2038879801  0.0000000000  0.0000000000
     0.6130000000     0.0966162221     4.1920753741  0.0000000000  0.0000000000
     0.6110000000     0.0963223305     4.1802578751  0.0000000000  0.0000000000
     0.6090000000     0.0960284086     4.1684354647  0.0000000000  0.0000000000
     0.6070000000     0.0957344563     4.1566081243  0.0000000000  0.0000000000
     0.6050000000     0.0954404732     4.1447758353  0.0000000000  0.0000000000
     0.6030000000     0.0951464591     4.1329385788  0.0000000000  0.0000000000
     0.6010000000     0.0948524138     4.1210963358  0.0000000000  0.0000000000
     0.5990000000     0.0945583371     4.1092490874  0.0000000000  0.0000000000
     0.5970000000     0.0942642288     4.0973968143  0.0000000000  0.0000000000
     0.5950000000     0.0939700886     4.0855394971  0.0000000000  0.0000000000
     0.5930000000     0.0936759162     4.0736771163  0.0000000000  0.0000000000
     0.5910000000     0.0933817114     4.0618096522  0.0000000000  0.0000000000
     0.5890000000     0.0930874741     4.0499370852  0.0000000000  0.0000000000
     0.5870000000     0.0927932039     4.0380593952  0.0000000000  0.0000000000
     0.5850000000     0.0924989005     4.0261765621  0.0000000000  0.0000000000
     0.5830000000     0.0922045639     4.0142885658  0.0000000000  0.0000000000
     0.5810000000     0.0919101936     4.0023953857  0.0000000000  0.0000000000
     0.5790000000     0.0916157894     3.9904970015  0.0000000000  0.0000000000
     0.5770000000     0.0913213512     3.9785933923  0.0000000000  0.0000000000
     0.5750000000     0.0910268786     3.9666845374  0.0000000000  0.0000000000
     0.5730000000     0.0907323713     3.9547704156  0.0000000000  0.0000000000
     0.5710000000     0.0904378292     3.9428510060  0.0000000000  0.0000000000
     0.5690000000     0.0901432519     3.9309262870  0.0000000000  0.0000000000
     0.5670000000     0.0898486392     3.9189962372  0.0000000000  0.0000000000
     0.5650000000     0.0895539908     3.9070608350  0.0000000000  0.0000000000
     0.5630000000     0.0892593064     3.8951200585  0.0000000000  0.0000000000
     0.5610000000     0.0889645858     3.8831738857  0.0000000000  0.0000000000
     0.5590000000     0.0886698287     3.8712222944  0.0000000000  0.0000000000
     0.5570000000     0.0883750347     3.8592652623  0.0000000000  0.0000000000
     0.5550000000     0.0880802037     3.8473027669  0.0000000000  0.0000000000
     0.5530000000     0.0877853353     3.8353347855  0.0000000000  0.0000000000
     0.5510000000     0.0874904292     3.8233612952  0.0000000000  0.0000000000
     0.5490000000     0.0871954852     3.8113822729  0.0000000000  0.0000000000
     0.5470000000     0.0869005029     3.7993976954  0.0000000000  0.0000000000
     0.5450000000     0.0866054821     3.7874075393  0.0000000000  0.0000000000
     0.5430000000     0.0863104225     3.7754117809  0.0000000000  0.0000000000
     0.5410000000     0.0860153237     3.7634103964  0.0000000000  0.0000000000
     0.5390000000     0.0857201855     3.7514033619  0.0000000000  0.0000000000
     0.5370000000     0.0854250074     3.7393906532  0.0000000000  0.0000000000
     0.5350000000     0.0851297894     3.7273722458  0.0000000000  0.0000000000
     0.5330000000     0.0848345309     3.7153481152  0.0000000000  0.0000000000
     0.5310000000     0.0845392317     3.7033182365  0.0000000000  0.0000000000
     0.5290000000     0.0842438915     3.6912825848  0.0000000000  0.0000000000
     0.5270000000     0.0839485099     3.6792411349  0.0000000000  0.0000000000
     0.5250000000     0.0836530867     3.6671938614  0.0000000000  0.0000000000
     0.5230000000     0.0833576214     3.6551407386  0.0000000000  0.0000000000
     0.5210000000     0.0830621138     3.6430817407  0.0000000000  0.0000000000
     0.5190000000     0.0827665635     3.6310168416  0.0000000000  0.0000000000
     0.5170000000     0.0824709701     3.6189460151  0.0000000000  0.0000000000
     0.5150000000     0.0821753334     3.6068692347  0.0000000000  0.0000000000
     0.5130000000     0.0818796530     3.5947864737  0.0000000000  0.0000000000
     0.5110000000     0.0815839284     3.5826977050  0.0000000000  0.0000000000
     0.5090000000     0.0812881595     3.5706029015  0.0000000000  0.0000000000
     0.5070000000     0.0809923458     3.5585020359  0.0000000000  0.0000000000
     0.5050000000     0.0806964869     3.5463950804  0.0000000000  0.0000000000
     0.5030000000     0.0804005824     3.5342820071  0.0000000000  0.0000000000
     0.5010000000     0.0801046321     3.5221627880  0.0000000000  0.0000000000
     0.4990000000     0.0798086355     3.5100373946  0.0000000000  0.0000000000
     0.4970000000     0.0795125923     3.4979057984  0.0000000000  0.0000000000
     0.4950000000     0.0792165020     3.4857679703  0.0000000000  0.0000000000
     0.4930000000     0.0789203643     3.4736238814  0.0000000000  0.0000000000
     0.4910000000     0.0786241788     3.4614735021  0.0000000000  0.0000000000
     0.4890000000     0.0783279451     3.4493168029  0.0000000000  0.0000000000
     0.4870000000     0.0780316628     3.4371537537  0.0000000000  0.0000000000
     0.4850000000     0.0777353314     3.4249843245  0.0000000000  0.0000000000
     0.4830000000     0.0774389507     3.4128084848  0.0000000000  0.0000000000
     0.4810000000     0.0771425201     3.4006262037  0.0000000000  0.0000000000
     0.4790000000     0.0768460393     3.3884374504  0.0000000000  0.0000000000
     0.4770000000     0.0765495077     3.3762421933  0.0000000000  0.0000000000
     0.4750000000     0.0762529251     3.3640404011  0.0000000000  0.0000000000
     0.4730000000     0.0759562910     3.3518320418  0.0000000000  0.0000000000
     0.4710000000     0.0756596049     3.3396170832  0.0000000000  0.0000000000
     0.4690000000     0.0753628664     3.3273954928  0.0000000000  0.0000000000
     0.4670000000     0.0750660750     3.3151672378  0.0000000000  0.0000000000
     0.4650000000     0.0747692303     3.3029322852  0.0000000000  0.0000000000
     0.4630000000     0.0744723318     3.2906906015  0.0000000000  0.0000000000
     0.4610000000     0.0741753792     3.2784421530  0.0000000000  0.0000000000
     0.4590000000     0.0738783718     3.2661869057  0.0000000000  0.0000000000
     0.4570000000     0.0735813093     3.2539248252  0.0000000000  0.0000000000
     0.4550000000     0.0732841911     3.2416558768  0.0000000000  0.0000000000
     0.4530000000     0.0729870168     3.2293800255  0.0000000000  0.0000000000
     0.4510000000     0.0726897859     3.2170972358  0.0000000000  0.0000000000
     0.4490000000     0.0723924979     3.2048074722  0.0000000000  0.0000000000
     0.4470000000     0.0720951522     3.1925106984  0.0000000000  0.0000000000
     0.4450000000     0.0717977485     3.1802068782  0.0000000000  0.0000000000
     0.4430000000     0.0715002861     3.1678959746  0.0000000000  0.0000000000
     0.4410000000     0.0712027646     3.1555779506  0.0000000000  0.0000000000
     0.4390000000     0.0709051834     3.1432527687  0.0000000000  0.0000000000
     0.4370000000     0.0706075421     3.1309203909  0.0000000000  0.0000000000
     0.4350000000     0.0703098400     3.1185807790  0.0000000000  0.0000000000
     0.4330000000     0.0700120766     3.1062338944  0.0000000000  0.0000000000
     0.4310000000     0.0697142514     3.0938796979  0.0000000000  0.0000000000
     0.4290000000     0.0694163638     3.0815181501  0.0000000000  0.0000000000
     0.4270000000     0.0691184132     3.0691492113  0.0000000000  0.0000000000
     0.4250000000     0.0688203992     3.0567728410  0.0000000000  0.0000000000
     0.4230000000     0.0685223210     3.0443889987  0.0000000000  0.0000000000
     0.4210000000     0.0682241782     3.0319976432  0.0000000000  0.0000000000
     0.4190000000     0.0679259701     3.0195987330  0.0000000000  0.0000000000
     0.4170000000     0.0676276962     3.0071922262  0.0000000000  0.0000000000
     0.4150000000     0.0673293557     2.9947780803  0.0000000000  0.0000000000
     0.4130000000     0.0670309482     2.9823562524  0.0000000000  0.0000000000
     0.4110000000     0.0667324730     2.9699266994  0.0000000000  0.0000000000
     0.4090000000     0.0664339294     2.9574893773  0.0000000000  0.0000000000
     0.4070000000     0.0661353169     2.9450442419  0.0000000000  0.0000000000
     0.4050000000     0.0658366347     2.9325912485  0.0000000000  0.0000000000
     0.4030000000     0.0655378823     2.9201303520  0.0000000000  0.0000000000
     0.4010000000     0.0652390590     2.9076615065  0.0000000000  0.0000000000
     0.3990000000     0.0649401640     2.8951846659  0.0000000000  0.0000000000
     0.3970000000     0.0646411968     2.8826997834  0.0000000000  0.0000000000
     0.3950000000     0.0643421565     2.8702068119  0.0000000000  0.0000000000
     0.3930000000     0.0640085923     2.8577054051 -0.0000000000  0.0000000000
     0.3910000000     0.0636554592     2.8451944292  0.0000000000  0.0000000000
     0.3890000000     0.0633025629     2.8326737353  0.0000000000  0.0000000000
     0.3870000000     0.0629499043     2.8201432718 -0.0000000000  0.0000000000
     0.3850000000     0.0625974840     2.8076029868 -0.0000000000  0.0000000000
     0.3830000000     0.0622453028     2.7950528275  0.0000000000  0.0000000000
     0.3810000000     0.0618933613     2.7824927406 -0.0000000000  0.0000000000
     0.3790000000     0.0615416603     2.7699226724 -0.0000000000  0.0000000000
     0.3770000000     0.0611902005     2.7573425684  0.0000000000  0.0000000000
     0.3750000000     0.0608389827     2.7447523736  0.0000000000  0.0000000000
     0.3730000000     0.0604880075     2.7321520325 -0.0000000000  0.0000000000
     0.3710000000     0.0601372757     2.7195414888  0.0000000000  0.0000000000
     0.3690000000     0.0597867881     2.7069206858 -0.0000000000  0.0000000000
     0.3670000000     0.0594365452     2.6942895659  0.0000000000  0.0000000000
     0.3650000000     0.0590865479     2.6816480711  0.0000000000  0.0000000000
     0.3630000000     0.0587367969     2.6689961427 -0.0000000000  0.0000000000
     0.3610000000     0.0583872929     2.6563337211  0.0000000000  0.0000000000
     0.3590000000     0.0580380366     2.6436607464  0.0000000000  0.0000000000
     0.3570000000     0.0576890288     2.6309771577  0.0000000000  0.0000000000
     0.3550000000     0.0573402702     2.6182828937 -0.0000000000  0.0000000000
     0.3530000000     0.0569917615     2.6055778920 -0.0000000000  0.0000000000
     0.3510000000     0.0566435034     2.5928620898 -0.0000000000  0.0000000000
     0.3490000000     0.0562954967     2.5801354235  0.0000000000  0.0000000000
     0.3470000000     0.0559477421     2.5673978287  0.0000000000  0.0000000000
     0.3450000000     0.0556002402     2.5546492402 -0.0000000000  0.0000000000
     0.3430000000     0.0552529919     2.5418895920  0.0000000000  0.0000000000
     0.3410000000     0.0549059978     2.5291188175  0.0000000000  0.0000000000
     0.3390000000     0.0545592586     2.5163368492  0.0000000000  0.0000000000
     0.3370000000     0.0542127752     2.5035436186  0.0000000000  0.0000000000
     0.3350000000     0.0538665480     2.4907390562 -0.0000000000  0.0000000000
     0.3330000000     0.0535205780     2.4779230928 -0.0000000000  0.0000000000
     0.3310000000     0.0531748658     2.4650956570  0.0000000000  0.0000000000
     0.3290000000     0.0528294121     2.4522566771  0.0000000000  0.0000000000
     0.3270000000     0.0524842176     2.4394060804 -0.0000000000  0.0000000000
     0.3250000000     0.0521392830     2.4265437933  0.0000000000  0.0000000000
     0.3230000000     0.0517946089     2.4136697412 -0.0000000000  0.0000000000
     0.3210000000     0.0514501962     2.4007838486 -0.0000000000  0.0000000000
     0.3190000000     0.0511060455     2.3878860391  0.0000000000  0.0000000000
     0.3170000000     0.0507621574     2.3749762353 -0.0000000000  0.0000000000
     0.3150000000     0.0504185326     2.3620543586  0.0000000000  0.0000000000
     0.3130000000     0.0500751719     2.3491203296  0.0000000000  0.0000000000
     0.3110000000     0.0497320758     2.3361740678 -0.0000000000  0.0000000000
     0.3090000000     0.0493892451     2.3232154914 -0.0000000000  0.0000000000
     0.3070000000     0.0490466804     2.3102445178  0.0000000000  0.0000000000
     0.3050000000     0.0487043824     2.2972610632 -0.0000000000  0.0000000000
     0.3030000000     0.0483623517     2.2842650425  0.0000000000  0.0000000000
     0.3010000000     0.0480205889     2.2712563697  0.0000000000  0.0000000000
     0.2990000000     0.0476790947     2.2582349574  0.0000000000  0.0000000000
     0.2970000000     0.0473378697     2.2452007171 -0.0000000000  0.0000000000
     0.2950000000     0.0469969145     2.2321535590  0.0000000000  0.0000000000
     0.2930000000     0.0466562297     2.2190933920  0.0000000000  0.0000000000
     0.2910000000     0.0463158160     2.2060201239 -0.0000000000  0.0000000000
     0.2890000000     0.0459756739     2.1929336610  0.0000000000  0.0000000000
     0.2870000000     0.0456358040     2.1798339082 -0.0000000000  0.0000000000
     0.2850000000     0.0452962068     2.1667207692 -0.0000000000  0.0000000000
     0.2830000000     0.0449568830     2.1535941462 -0.0000000000  0.0000000000
     0.2810000000     0.0446178331     2.1404539400  0.0000000000  0.0000000000
     0.2790000000     0.0442790576     2.1273000499 -0.0000000000  0.0000000000
     0.2770000000     0.0439405571     2.1141323735  0.0000000000  0.0000000000
     0.2750000000     0.0436023320     2.1009508073  0.0000000000  0.0000000000
     0.2730000000     0.0432643829     2.0877552457  0.0000000000  0.0000000000
     0.2710000000     0.0429267103     2.0745455820 -0.0000000000  0.0000000000
     0.2690000000     0.0425893146     2.0613217075  0.0000000000  0.0000000000
     0.2670000000     0.0422521962     2.0480835119  0.0000000000  0.0000000000
     0.2650000000     0.0419153557     2.0348308831  0.0000000000  0.0000000000
     0.2630000000     0.0415787935     2.0215637075  0.0000000000  0.0000000000
     0.2610000000     0.0412425099     2.0082818694  0.0000000000  0.0000000000
     0.2590000000     0.0409065054     1.9949852513  0.0000000000  0.0000000000
     0.2570000000     0.0405707803     1.9816737337 -0.0000000000  0.0000000000
     0.2550000000     0.0402353349     1.9683471956 -0.0000000000  0.0000000000
     0.2530000000     0.0399001697     1.9550055135  0.0000000000  0.0000000000
     0.2510000000     0.0395652850     1.9416485620  0.0000000000  0.0000000000
     0.2490000000     0.0392306809     1.9282762137  0.0000000000  0.0000000000
     0.2470000000     0.0388963579     1.9148883389  0.0000000000  0.0000000000
     0.2450000000     0.0385623161     1.9014848058 -0.0000000000  0.0000000000
     0.2430000000     0.0382285558     1.8880654802 -0.0000000000  0.0000000000
     0.2410000000     0.0378950771     1.8746302258  0.0000000000  0.0000000000
     0.2390000000     0.0375618803     1.8611789029  0.0000000000  0.0000000000
     0.2370000000     0.0372289654     1.8477113718  0.0000000000  0.0000000000
     0.2350000000     0.0368963326     1.8342274878 -0.0000000000  0.0000000000
     0.2330000000     0.0365639820     1.8207271046  0.0000000000  0.0000000000
     0.2310000000     0.0362319137     1.8072100731 -0.0000000000  0.0000000000
     0.2290000000     0.0359001276     1.7936762416 -0.0000000000  0.0000000000
     0.2270000000     0.0355686238     1.7801254555  0.0000000000  0.0000000000
     0.2250000000     0.0352374022     1.7665575571 -0.0000000000  0.0000000000
     0.2230000000     0.0349064627     1.7529723861  0.0000000000  0.0000000000
     0.2210000000     0.0345758052     1.7393697790  0.0000000000  0.0000000000
     0.2190000000     0.0342454296     1.7257495690  0.0000000000  0.0000000000
     0.2170000000     0.0339153357     1.7121115864  0.0000000000  0.0000000000
     0.2150000000     0.0335855233     1.6984556577  0.0000000000  0.0000000000
     0.2130000000     0.0332559921     1.6847816064 -0.0000000000  0.0000000000
     0.2110000000     0.0329267417     1.6710892523 -0.0000000000  0.0000000000
     0.2090000000     0.0325977718     1.6573784115  0.0000000000  0.0000000000
     0.2070000000     0.0322690821     1.6436488964 -0.0000000000  0.0000000000
     0.2050000000     0.0319406720     1.6299005155 -0.0000000000  0.0000000000
     0.2030000000     0.0316125411     1.6161330733  0.0000000000  0.0000000000
     0.2010000000     0.0312846887     1.6023463703  0.0000000000  0.0000000000
     0.1990000000     0.0309571144     1.5885402026  0.0000000000  0.0000000000
     0.1970000000     0.0306298173     1.5747143620 -0.0000000000  0.0000000000
     0.1950000000     0.0303027969     1.5608686357  0.0000000000  0.0000000000
     0.1930000000     0.0299760523     1.5470028063  0.0000000000  0.0000000000
     0.1910000000     0.0296495827     1.5331166515 -0.0000000000  0.0000000000
     0.1890000000     0.0293233873     1.5192099440 -0.0000000000  0.0000000000
     0.1870000000     0.0289974649     1.5052824514  0.0000000000  0.0000000000
     0.1850000000     0.0286718147     1.4913339359  0.0000000000  0.0000000000
     0.1830000000     0.0283464354     1.4773641541  0.0000000000  0.0000000000
     0.1810000000     0.0280213260     1.4633728571  0.0000000000  0.0000000000
     0.1790000000     0.0276964852     1.4493597898  0.0000000000  0.0000000000
     0.1770000000     0.0273719116     1.4353246915  0.0000000000  0.0000000000
     0.1750000000     0.0270476039     1.4212672939 -0.0000000000  0.0000000000
     0.1730000000     0.0267235607     1.4071873233  0.0000000000  0.0000000000
     0.1710000000     0.0263997802     1.3930844989 -0.0000000000  0.0000000000
     0.1690000000     0.0260762610     1.3789585324 -0.0000000000  0.0000000000
     0.1670000000     0.0257530012     1.3648091284  0.0000000000  0.0000000000
     0.1650000000     0.0254299990     1.3506359840  0.0000000000  0.0000000000
     0.1630000000     0.0251072526     1.3364387880 -0.0000000000  0.0000000000
     0.1610000000     0.0247847599     1.3222172212  0.0000000000  0.0000000000
     0.1590000000     0.0244625188     1.3079709556 -0.0000000000  0.0000000000
     0.1570000000     0.0241405271     1.2936996543 -0.0000000000  0.0000000000
     0.1550000000     0.0238187825     1.2794029711 -0.0000000000  0.0000000000
     0.1530000000     0.0234972825     1.2650805502  0.0000000000  0.0000000000
     0.1510000000     0.0231760247     1.2507320255  0.0000000000  0.0000000000
     0.1490000000     0.0228550065     1.2363570204  0.0000000000  0.0000000000
     0.1470000000     0.0225342249     1.2219551474  0.0000000000  0.0000000000
     0.1450000000     0.0222136773     1.2075260075 -0.0000000000  0.0000000000
     0.1430000000     0.0218933605     1.1930691896 -0.0000000000  0.0000000000
     0.1410000000     0.0215732715     1.1785842701 -0.0000000000  0.0000000000
     0.1390000000     0.0212534071     1.1640708123  0.0000000000  0.0000000000
     0.1370000000     0.0209337638     1.1495283659  0.0000000000  0.0000000000
     0.1350000000     0.0206143382     1.1349564658  0.0000000000  0.0000000000
     0.1330000000     0.0202951267     1.1203546328 -0.0000000000  0.0000000000
     0.1310000000     0.0199761255     1.1057223712 -0.0000000000  0.0000000000
     0.1290000000     0.0196573306     1.0910591688  0.0000000000  0.0000000000
     0.1270000000     0.0193387381     1.0763644963 -0.0000000000  0.0000000000
     0.1250000000     0.0190203438     1.0616378059  0.0000000000  0.0000000000
     0.1230000000     0.0187021433     1.0468785309 -0.0000000000  0.0000000000
     0.1210000000     0.0183841323     1.0320860842  0.0000000000  0.0000000000
     0.1190000000     0.0180663060     1.0172598576 -0.0000000000  0.0000000000
     0.1170000000     0.0177486597     1.0023992205  0.0000000000  0.0000000000
     0.1150000000     0.0174311886     0.9875035186  0.0000000000  0.0000000000
     0.1130000000     0.0171138877     0.9725720730 -0.0000000000  0.0000000000
     0.1110000000     0.0167967516     0.9576041780 -0.0000000000  0.0000000000
     0.1090000000     0.0164797753     0.9425991003 -0.0000000000  0.0000000000
     0.1070000000     0.0161629531     0.9275560773  0.0000000000  0.0000000000
     0.1050000000     0.0158462796     0.9124743148  0.0000000000  0.0000000000
     0.1030000000     0.0155297491     0.8973529860 -0.0000000000  0.0000000000
     0.1010000000     0.0152133557     0.8821912280 -0.0000000000  0.0000000000
     0.0990000000     0.0148970936     0.8669881414  0.0000000000  0.0000000000
     0.0970000000     0.0145809568     0.8517427865 -0.0000000000  0.0000000000
     0.0950000000     0.0142649392     0.8364541815  0.0000000000  0.0000000000
     0.0930000000     0.0139490346     0.8211212990  0.0000000000  0.0000000000
     0.0910000000     0.0136332370     0.8057430636 -0.0000000000  0.0000000000
     0.0890000000     0.0133175401     0.7903183479 -0.0000000000  0.0000000000
     0.0870000000     0.0130019378     0.7748459692  0.0000000000  0.0000000000
     0.0850000000     0.0126864239     0.7593246855 -0.0000000000  0.0000000000
     0.0830000000     0.0123709924     0.7437531908 -0.0000000000  0.0000000000
     0.0810000000     0.0120556375     0.7281301105 -0.0000000000  0.0000000000
     0.0790000000     0.0117403535     0.7124539955  0.0000000000  0.0000000000
     0.0770000000     0.0114251348     0.6967233176  0.0000000000  0.0000000000
     0.0750000000     0.0111099764     0.6809364614  0.0000000000  0.0000000000
     0.0730000000     0.0107948737     0.6650917180  0.0000000000  0.0000000000
     0.0710000000     0.0104798224     0.6491872766  0.0000000000  0.0000000000
     0.0690000000     0.0101648191     0.6332212158  0.0000000000  0.0000000000
     0.0670000000     0.0098498611     0.6171914930  0.0000000000  0.0000000000
     0.0650000000     0.0095349468     0.6010959340  0.0000000000  0.0000000000
     0.0630000000     0.0092200755     0.5849322194  0.0000000000  0.0000000000
     0.0610000000     0.0089052484     0.5686978710  0.0000000000  0.0000000000
     0.0590000000     0.0085904679     0.5523902354  0.0000000000  0.0000000000
     0.0570000000     0.0082757389     0.5360064655 -0.0000000000  0.0000000000
     0.0550000000     0.0079610686     0.5195434997  0.0000000000  0.0000000000
     0.0530000000     0.0076464673     0.5029980373 -0.0000000000  0.0000000000
     0.0510000000     0.0073319488     0.4863665117  0.0000000000  0.0000000000
     0.0490000000     0.0070175313     0.4696450577 -0.0000000000  0.0000000000
     0.0470000000     0.0067032383     0.4528294746  0.0000000000  0.0000000000
     0.0450000000     0.0063890994     0.4359151824 -0.0000000000  0.0000000000
     0.0430000000     0.0060751520     0.4188971709 -0.0000000000  0.0000000000
     0.0410000000     0.0057614427     0.4017699388 -0.0000000000  0.0000000000
     0.0390000000     0.0054480294     0.3845274219  0.0000000000  0.0000000000
     0.0370000000     0.0051349838     0.3671629059  0.0000000000  0.0000000000
     0.0350000000     0.0048223945     0.3496689217  0.0000000000  0.0000000000
     0.0330000000     0.0045103713     0.3320371173 -0.0000000000  0.0000000000
     0.0310000000     0.0041990498     0.3142580984  0.0000000000  0.0000000000
     0.0290000000     0.0038885984     0.2963212313 -0.0000000000  0.0000000000
     0.0270000000     0.0035792268     0.2782143924 -0.0000000000  0.0000000000
     0.0250000000     0.0032711973     0.2599236464  0.0000000000  0.0000000000
     0.0230000000     0.0029648395     0.2414328285 -0.0000000000  0.0000000000
     0.0210000000     0.0026605713     0.2227229870  0.0000000000  0.0000000000
     0.0190000000     0.0023589264     0.2037716277  0.0000000000  0.0000000000
     0.0170000000     0.0020605944     0.1845516600  0.0000000000  0.0000000000
     0.0150000000     0.0017664773     0.1650298820 -0.0000000000  0.0000000000
     0.0130000000     0.0014777754     0.1451647175 -0.0000000000  0.0000000000
     0.0110000000     0.0011961200     0.1249026693  0.0000000000  0.0000000000
     0.0090000000     0.0009237952     0.1041724110  0.0000000000  0.0000000000
     0.0070000000     0.0006641390     0.0828740866  0.0000000000  0.0000000000
     0.0050000000     0.0004223795     0.0608575153  0.0000000000  0.0000000000
     0.0030000000     0.0002077797     0.0378688024  0.0000000000  0.0000000000
     0.0010000000     0.0000416850     0.0133631524  0.0000000000  0.0000000000
