   1561.0010000000000     
   12.500000000000000              502
  7823.5010000000  2584.2849699806  7367.6438156087  0.0000000000  1.0000000000
  7811.0010000000  2580.1370084933  7358.7933362708  0.0000000000  1.0000000000
  7798.5010000000  2575.9890628515  7349.9393251390  0.0000000000  1.0000000000
  7786.0010000000  2571.8411295075  7341.0817674892  0.0000000000  1.0000000000
  7773.5010000000  2567.6932137330  7332.2206674038  0.0000000000  1.0000000000
  7761.0010000000  2563.5453121062  7323.3560103745  0.0000000000  1.0000000000
  7748.5010000000  2559.3974212841  7314.4877820231  0.0000000000  1.0000000000
  7736.0010000000  2555.2495510660  7305.6159960492  0.0000000000  1.0000000000
  7723.5010000000  2551.1016938700  7296.7406289604  0.0000000000  1.0000000000
  7711.0010000000  2546.9538509018  7287.8616760268  0.0000000000  1.0000000000
  7698.5010000000  2542.8060277635  7278.9791419122  0.0000000000  1.0000000000
  7686.0010000000  2538.6582170938  7270.0930034950  0.0000000000  1.0000000000
  7673.5010000000  2534.5104202873  7261.2032563712  0.0000000000  1.0000000000
  7661.0010000000  2530.3626387967  7252.3098962380  0.0000000000  1.0000000000
  7648.5010000000  2526.2148741319  7243.4129188943  0.0000000000  1.0000000000
  7636.0010000000  2522.0671235487  7234.5123109852  0.0000000000  1.0000000000
  7623.5010000000  2517.9193929953  7225.6080777832  0.0000000000  1.0000000000
  7611.0010000000  2513.7716712503  7216.7001876723  0.0000000000  1.0000000000
  7598.5010000000  2509.6239686948  7207.7886553918  0.0000000000  1.0000000000
  7586.0010000000  2505.4762828522  7198.8734680476  0.0000000000  1.0000000000
  7573.5010000000  2501.3286113251  7189.9546128788  0.0000000000  1.0000000000
  7561.0010000000  2497.1809560750  7181.0320864664  0.0000000000  1.0000000000
  7548.5010000000  2493.0333148463  7172.1058762925  0.0000000000  1.0000000000
  7536.0010000000  2488.8856897319  7163.1759791663  0.0000000000  1.0000000000
  7523.5010000000  2484.7380828822  7154.2423920002  0.0000000000  1.0000000000
  7511.0010000000  2480.5904922466  7145.3051026302  0.0000000000  1.0000000000
  7498.5010000000  2476.4429115995  7136.3640898546  0.0000000000  1.0000000000
  7486.0010000000  2472.2953518090  7127.4193692914  0.0000000000  1.0000000000
  7473.5010000000  2468.1478067861  7118.4709199762  0.0000000000  1.0000000000
  7461.0010000000  2464.0002790174  7109.5187394062  0.0000000000  1.0000000000
  7448.5010000000  2459.8527668151  7100.5628160416  0.0000000000  1.0000000000
  7436.0010000000  2455.7052685700  7091.6031384769  0.0000000000  1.0000000000
  7423.5010000000  2451.5577869736  7082.6397045669  0.0000000000  1.0000000000
  7411.0010000000  2447.4103247750  7073.6725122706  0.0000000000  1.0000000000
  7398.5010000000  2443.2628763592  7064.7015414307  0.0000000000  1.0000000000
  7386.0010000000  2439.1154446224  7055.7267902610  0.0000000000  1.0000000000
  7373.5010000000  2434.9680283186  7046.7482479848  0.0000000000  1.0000000000
  7361.0010000000  2430.8206262802  7037.7659039611  0.0000000000  1.0000000000
  7348.5010000000  2426.6732457982  7028.7797658431  0.0000000000  1.0000000000
  7336.0010000000  2422.5258774627  7019.7898050719  0.0000000000  1.0000000000
  7323.5010000000  2418.3785287009  7010.7960295418  0.0000000000  1.0000000000
  7311.0010000000  2414.2311944561  7001.7984200528  0.0000000000  1.0000000000
  7298.5010000000  2410.0838781078  6992.7969756693  0.0000000000  1.0000000000
  7286.0010000000  2405.9365747679  6983.7916774800  0.0000000000  1.0000000000
  7273.5010000000  2401.7892921205  6974.7825338397  0.0000000000  1.0000000000
  7261.0010000000  2397.6420254301  6965.7695261029  0.0000000000  1.0000000000
  7248.5010000000  2393.4947742082  6956.7526448095  0.0000000000  1.0000000000
  7236.0010000000  2389.3475421864  6947.7318896463  0.0000000000  1.0000000000
  7223.5010000000  2385.2003248823  6938.7072424027  0.0000000000  1.0000000000
  7211.0010000000  2381.0531220443  6929.6786940311  0.0000000000  1.0000000000
  7198.5010000000  2376.9059376250  6920.6462446076  0.0000000000  1.0000000000
  7186.0010000000  2372.7587715147  6911.6098853368  0.0000000000  1.0000000000
  7173.5010000000  2368.6116236826  6902.5696075616  0.0000000000  1.0000000000
  7161.0010000000  2364.4644900683  6893.5253938003  0.0000000000  1.0000000000
  7148.5010000000  2360.3173749187  6884.4772446511  0.0000000000  1.0000000000
  7136.0010000000  2356.1702784402  6875.4251518721  0.0000000000  1.0000000000
  7123.5010000000  2352.0231968252  6866.3690984215  0.0000000000  1.0000000000
  7111.0010000000  2347.8761304544  6857.3090763590  0.0000000000  1.0000000000
  7098.5010000000  2343.7290838691  6848.2450868074  0.0000000000  1.0000000000
  7086.0010000000  2339.5820535151  6839.1771131661  0.0000000000  1.0000000000
  7073.5010000000  2335.4350440808  6830.1051568210  0.0000000000  1.0000000000
  7061.0010000000  2331.2880481154  6821.0291925670  0.0000000000  1.0000000000
  7048.5010000000  2327.1410704706  6811.9492220777  0.0000000000  1.0000000000
  7036.0010000000  2322.9941120009  6802.8652382516  0.0000000000  1.0000000000
  7023.5010000000  2318.8471695904  6793.7772252512  0.0000000000  1.0000000000
  7011.0010000000  2314.7002442676  6784.6851762797  0.0000000000  1.0000000000
  6998.5010000000  2310.5533371402  6775.5890846808  0.0000000000  1.0000000000
  6986.0010000000  2306.4064493948  6766.4889439396  0.0000000000  1.0000000000
  6973.5010000000  2302.2595742416  6757.3847299929  0.0000000000  1.0000000000
  6961.0010000000  2298.1127211022  6748.2764543291  0.0000000000  1.0000000000
  6948.5010000000  2293.9658833664  6739.1640931999  0.0000000000  1.0000000000
  6936.0010000000  2289.8190665807  6730.0476495246  0.0000000000  1.0000000000
  6923.5010000000  2285.6722643307  6720.9270998941  0.0000000000  1.0000000000
  6911.0010000000  2281.5254823264  6711.8024475198  0.0000000000  1.0000000000
  6898.5010000000  2277.3787183445  6702.6736781301  0.0000000000  1.0000000000
  6886.0010000000  2273.2319742521  6693.5407864164  0.0000000000  1.0000000000
  6873.5010000000  2269.0852440269  6684.4037496514  0.0000000000  1.0000000000
  6861.0010000000  2264.9385337055  6675.2625716332  0.0000000000  1.0000000000
  6848.5010000000  2260.7918414347  6666.1172387414  0.0000000000  1.0000000000
  6836.0010000000  2256.6451654623  6656.9677375313  0.0000000000  1.0000000000
  6823.5010000000  2252.4985120616  6647.8140722312  0.0000000000  1.0000000000
  6811.0010000000  2248.3518756920  6638.6562209589  0.0000000000  1.0000000000
  6798.5010000000  2244.2052548872  6629.4941707731  0.0000000000  1.0000000000
  6786.0010000000  2240.0586561733  6620.3279263585  0.0000000000  1.0000000000
  6773.5010000000  2235.9120743122  6611.1574663620  0.0000000000  1.0000000000
  6761.0010000000  2231.7655081233  6601.9827783480  0.0000000000  1.0000000000
  6748.5010000000  2227.6189643860  6592.8038674596  0.0000000000  1.0000000000
  6736.0010000000  2223.4724381641  6583.6207128748  0.0000000000  1.0000000000
  6723.5010000000  2219.3259285631  6574.4333026661  0.0000000000  1.0000000000
  6711.0010000000  2215.1794426153  6565.2416424369  0.0000000000  1.0000000000
  6698.5010000000  2211.0329717791  6556.0457032301  0.0000000000  1.0000000000
  6686.0010000000  2206.8865193645  6546.8454823130  0.0000000000  1.0000000000
  6673.5010000000  2202.7400887600  6537.6409770988  0.0000000000  1.0000000000
  6661.0010000000  2198.5936756506  6528.4321678592  0.0000000000  1.0000000000
  6648.5010000000  2194.4472797297  6519.2190437133  0.0000000000  1.0000000000
  6636.0010000000  2190.3009046717  6510.0016025874  0.0000000000  1.0000000000
  6623.5010000000  2186.1545503550  6500.7798339353  0.0000000000  1.0000000000
  6611.0010000000  2182.0082128898  6491.5537187789  0.0000000000  1.0000000000
  6598.5010000000  2177.8618962362  6482.3232555600  0.0000000000  1.0000000000
  6586.0010000000  2173.7155967167  6473.0884256773  0.0000000000  1.0000000000
  6573.5010000000  2169.5693184821  6463.8492279173  0.0000000000  1.0000000000
  6561.0010000000  2165.4230580674  6454.6056440566  0.0000000000  1.0000000000
  6548.5010000000  2161.2768159722  6445.3576646566  0.0000000000  1.0000000000
  6536.0010000000  2157.1305966331  6436.1052890230  0.0000000000  1.0000000000
  6523.5010000000  2152.9843969039  6426.8484995013  0.0000000000  1.0000000000
  6511.0010000000  2148.8382137612  6417.5872786517  0.0000000000  1.0000000000
  6498.5010000000  2144.6920519438  6408.3216263258  0.0000000000  1.0000000000
  6486.0010000000  2140.5459086410  6399.0515254652  0.0000000000  1.0000000000
  6473.5010000000  2136.3997887821  6389.7769762704  0.0000000000  1.0000000000
  6461.0010000000  2132.2536859656  6380.4979535517  0.0000000000  1.0000000000
  6448.5010000000  2128.1076015304  6371.2144493792  0.0000000000  1.0000000000
  6436.0010000000  2123.9615407078  6361.9264645033  0.0000000000  1.0000000000
  6423.5010000000  2119.8154974487  6352.6339743597  0.0000000000  1.0000000000
  6411.0010000000  2115.6694734105  6343.3369715948  0.0000000000  1.0000000000
  6398.5010000000  2111.5234741269  6334.0354575117  0.0000000000  1.0000000000
  6386.0010000000  2107.3774901307  6324.7293997099  0.0000000000  1.0000000000
  6373.5010000000  2103.2315271792  6315.4187998954  0.0000000000  1.0000000000
  6361.0010000000  2099.0855873495  6306.1036514792  0.0000000000  1.0000000000
  6348.5010000000  2094.9396653129  6296.7839311799  0.0000000000  1.0000000000
  6336.0010000000  2090.7937633812  6287.4596328298  0.0000000000  1.0000000000
  6323.5010000000  2086.6478839668  6278.1307504475  0.0000000000  1.0000000000
  6311.0010000000  2082.5020258464  6268.7972698239  0.0000000000  1.0000000000
  6298.5010000000  2078.3561841885  6259.4591685645  0.0000000000  1.0000000000
  6286.0010000000  2074.2103654831  6250.1164497204  0.0000000000  1.0000000000
  6273.5010000000  2070.0645688588  6240.7690997188  0.0000000000  1.0000000000
  6261.0010000000  2065.9187898530  6231.4170968275  0.0000000000  1.0000000000
  6248.5010000000  2061.7730352742  6222.0604446858  0.0000000000  1.0000000000
  6236.0010000000  2057.6273009002  6212.6991219960  0.0000000000  1.0000000000
  6223.5010000000  2053.4815863512  6203.3331160719  0.0000000000  1.0000000000
  6211.0010000000  2049.3358950626  6193.9624227965  0.0000000000  1.0000000000
  6198.5010000000  2045.1902231976  6184.5870215647  0.0000000000  1.0000000000
  6186.0010000000  2041.0445707453  6175.2069003584  0.0000000000  1.0000000000
  6173.5010000000  2036.8989414930  6165.8220557050  0.0000000000  1.0000000000
  6161.0010000000  2032.7533319895  6156.4324676948  0.0000000000  1.0000000000
  6148.5010000000  2028.6077462568  6147.0381332863  0.0000000000  1.0000000000
  6136.0010000000  2024.4621811006  6137.6390330356  0.0000000000  1.0000000000
  6123.5010000000  2020.3166371249  6128.2351560452  0.0000000000  1.0000000000
  6111.0010000000  2016.1711150565  6118.8264916434  0.0000000000  1.0000000000
  6098.5010000000  2012.0256121035  6109.4130211123  0.0000000000  1.0000000000
  6086.0010000000  2007.8801328915  6099.9947425195  0.0000000000  1.0000000000
  6073.5010000000  2003.7346748856  6090.5716376166  0.0000000000  1.0000000000
  6061.0010000000  1999.5892429458  6081.1437049071  0.0000000000  1.0000000000
  6048.5010000000  1995.4438275565  6071.7109101386  0.0000000000  1.0000000000
  6036.0010000000  1991.2984374592  6062.2732605319  0.0000000000  1.0000000000
  6023.5010000000  1987.1530670425  6052.8307305864  0.0000000000  1.0000000000
  6011.0010000000  1983.0077180671  6043.3833115213  0.0000000000  1.0000000000
  5998.5010000000  1978.8623960130  6033.9310029872  0.0000000000  1.0000000000
  5986.0010000000  1974.7170920971  6024.4737720515  0.0000000000  1.0000000000
  5973.5010000000  1970.5718120679  6015.0116188570  0.0000000000  1.0000000000
  5961.0010000000  1966.4265510351  6005.5445192100  0.0000000000  1.0000000000
  5948.5010000000  1962.2813149987  5996.0724737214  0.0000000000  1.0000000000
  5936.0010000000  1958.1361029218  5986.5954668781  0.0000000000  1.0000000000
  5923.5010000000  1953.9909139136  5977.1134834318  0.0000000000  1.0000000000
  5911.0010000000  1949.8457436711  5967.6265002569  0.0000000000  1.0000000000
  5898.5010000000  1945.7005987138  5958.1345189312  0.0000000000  1.0000000000
  5886.0010000000  1941.5554750241  5948.6375168528  0.0000000000  1.0000000000
  5873.5010000000  1937.4103758328  5939.1354879551  0.0000000000  1.0000000000
  5861.0010000000  1933.2653009588  5929.6284182960  0.0000000000  1.0000000000
  5848.5010000000  1929.1202468379  5920.1162861012  0.0000000000  1.0000000000
  5836.0010000000  1924.9752171202  5910.5990860811  0.0000000000  1.0000000000
  5823.5010000000  1920.8302085436  5901.0767970154  0.0000000000  1.0000000000
  5811.0010000000  1916.6852250376  5891.5494141350  0.0000000000  1.0000000000
  5798.5010000000  1912.5402636426  5882.0169167750  0.0000000000  1.0000000000
  5786.0010000000  1908.3953285674  5872.4793006884  0.0000000000  1.0000000000
  5773.5010000000  1904.2504136600  5862.9365377202  0.0000000000  1.0000000000
  5761.0010000000  1900.1055234260  5853.3886241731  0.0000000000  1.0000000000
  5748.5010000000  1895.9606555270  5843.8355405253  0.0000000000  1.0000000000
  5736.0010000000  1891.8158147482  5834.2772836050  0.0000000000  1.0000000000
  5723.5010000000  1887.6709955817  5824.7138264390  0.0000000000  1.0000000000
  5711.0010000000  1883.5261996430  5815.1451584048  0.0000000000  1.0000000000
  5698.5010000000  1879.3814286928  5805.5712691530  0.0000000000  1.0000000000
  5686.0010000000  1875.2366811826  5795.9921406211  0.0000000000  1.0000000000
  5673.5010000000  1871.0919591813  5786.4077630337  0.0000000000  1.0000000000
  5661.0010000000  1866.9472580163  5776.8181109516  0.0000000000  1.0000000000
  5648.5010000000  1862.8025835191  5767.2231831618  0.0000000000  1.0000000000
  5636.0010000000  1858.6579347796  5757.6229627884  0.0000000000  1.0000000000
  5623.5010000000  1854.5133076303  5748.0174253244  0.0000000000  1.0000000000
  5611.0010000000  1850.3687049353  5738.4065624772  0.0000000000  1.0000000000
  5598.5010000000  1846.2241297040  5728.7903662308  0.0000000000  1.0000000000
  5586.0010000000  1842.0795782735  5719.1688130149  0.0000000000  1.0000000000
  5573.5010000000  1837.9350505752  5709.5418875148  0.0000000000  1.0000000000
  5561.0010000000  1833.7905467086  5699.9095747297  0.0000000000  1.0000000000
  5548.5010000000  1829.6460703333  5690.2718678626  0.0000000000  1.0000000000
  5536.0010000000  1825.5016184821  5680.6287446347  0.0000000000  1.0000000000
  5523.5010000000  1821.3571883793  5670.9801831184  0.0000000000  1.0000000000
  5511.0010000000  1817.2127875635  5661.3261853255  0.0000000000  1.0000000000
  5498.5010000000  1813.0684102208  5651.6667220983  0.0000000000  1.0000000000
  5486.0010000000  1808.9240574775  5642.0017803571  0.0000000000  1.0000000000
  5473.5010000000  1804.7797306283  5632.3313473396  0.0000000000  1.0000000000
  5461.0010000000  1800.6354311357  5622.6554106022  0.0000000000  1.0000000000
  5448.5010000000  1796.4911572851  5612.9739502016  0.0000000000  1.0000000000
  5436.0010000000  1792.3469075532  5603.2869465501  0.0000000000  1.0000000000
  5423.5010000000  1788.2026839418  5593.5943882156  0.0000000000  1.0000000000
  5411.0010000000  1784.0584852928  5583.8962562956  0.0000000000  1.0000000000
  5398.5010000000  1779.9143139620  5574.1925400264  0.0000000000  1.0000000000
  5386.0010000000  1775.7701691563  5564.4832211933  0.0000000000  1.0000000000
  5373.5010000000  1771.6260502742  5554.7682819398  0.0000000000  1.0000000000
  5361.0010000000  1767.4819569055  5545.0477047681  0.0000000000  1.0000000000
  5348.5010000000  1763.3378888311  5535.3214725403  0.0000000000  1.0000000000
  5336.0010000000  1759.1938460234  5525.5895684786  0.0000000000  1.0000000000
  5323.5010000000  1755.0498319337  5515.8519838936  0.0000000000  1.0000000000
  5311.0010000000  1750.9058468996  5506.1087027027  0.0000000000  1.0000000000
  5298.5010000000  1746.7618848977  5496.3596937663  0.0000000000  1.0000000000
  5286.0010000000  1742.6179499532  5486.6049494815  0.0000000000  1.0000000000
  5273.5010000000  1738.4740429951  5476.8444548814  0.0000000000  1.0000000000
  5261.0010000000  1734.3301651434  5467.0781953629  0.0000000000  1.0000000000
  5248.5010000000  1730.1863112039  5457.3061413418  0.0000000000  1.0000000000
  5236.0010000000  1726.0424859612  5447.5282866640  0.0000000000  1.0000000000
  5223.5010000000  1721.8986878856  5437.7446101957  0.0000000000  1.0000000000
  5211.0010000000  1717.7549156618  5427.9550912062  0.0000000000  1.0000000000
  5198.5010000000  1713.6111714189  5418.1597170057  0.0000000000  1.0000000000
  5186.0010000000  1709.4674574770  5408.3584752724  0.0000000000  1.0000000000
  5173.5010000000  1705.3237666940  5398.5513311992  0.0000000000  1.0000000000
  5161.0010000000  1701.1801050372  5388.7382808946  0.0000000000  1.0000000000
  5148.5010000000  1697.0364754353  5378.9193132007  0.0000000000  1.0000000000
  5136.0010000000  1692.8928682075  5369.0943869691  0.0000000000  1.0000000000
  5123.5010000000  1688.7492931240  5359.2635070576  0.0000000000  1.0000000000
  5111.0010000000  1684.6057441568  5349.4266407632  0.0000000000  1.0000000000
  5098.5010000000  1680.4622250872  5339.5837785547  0.0000000000  1.0000000000
  5086.0010000000  1676.3187303575  5329.7348886151  0.0000000000  1.0000000000
  5073.5010000000  1672.1752673550  5319.8799697892  0.0000000000  1.0000000000
  5061.0010000000  1668.0318341395  5310.0189986560  0.0000000000  1.0000000000
  5048.5010000000  1663.8884290091  5300.1519522448  0.0000000000  1.0000000000
  5036.0010000000  1659.7450504996  5290.2788080361  0.0000000000  1.0000000000
  5023.5010000000  1655.6017036801  5280.3995589763  0.0000000000  1.0000000000
  5011.0010000000  1651.4583812444  5270.5141684004  0.0000000000  1.0000000000
  4998.5010000000  1647.3150918496  5260.6226376124  0.0000000000  1.0000000000
  4986.0010000000  1643.1718318016  5250.7249383439  0.0000000000  1.0000000000
  4973.5010000000  1639.0286007915  5240.8210502887  0.0000000000  1.0000000000
  4961.0010000000  1634.8853987486  5230.9109535972  0.0000000000  1.0000000000
  4948.5010000000  1630.7422258404  5220.9946288771  0.0000000000  1.0000000000
  4936.0010000000  1626.5990824724  5211.0720571943  0.0000000000  1.0000000000
  4923.5010000000  1622.4559692882  5201.1432200738  0.0000000000  1.0000000000
  4911.0010000000  1618.3128871696  5191.2080995007  0.0000000000  1.0000000000
  4898.5010000000  1614.1698341482  5181.2666705080  0.0000000000  1.0000000000
  4886.0010000000  1610.0268115995  5171.3189160318  0.0000000000  1.0000000000
  4873.5010000000  1605.8838180611  5161.3648120768  0.0000000000  1.0000000000
  4861.0010000000  1601.7408554024  5151.4043425339  0.0000000000  1.0000000000
  4848.5010000000  1597.5979257312  5141.4374917584  0.0000000000  1.0000000000
  4836.0010000000  1593.4550222174  5131.4642224750  0.0000000000  1.0000000000
  4823.5010000000  1589.3121536036  5121.4845347683  0.0000000000  1.0000000000
  4811.0010000000  1585.1693135893  5111.4983923824  0.0000000000  1.0000000000
  4798.5010000000  1581.0265053055  5101.5057816543  0.0000000000  1.0000000000
  4786.0010000000  1576.8837260519  5091.5066747362  0.0000000000  1.0000000000
  4773.5010000000  1572.7409825002  5081.5010662798  0.0000000000  1.0000000000
  4761.0010000000  1568.5982664219  5071.4889148293  0.0000000000  1.0000000000
  4748.5010000000  1564.4555819893  5061.4702087485  0.0000000000  1.0000000000
  4736.0010000000  1560.3129306019  5051.4449295854  0.0000000000  1.0000000000
  4723.5010000000  1556.1703109159  5041.4130521215  0.0000000000  1.0000000000
  4711.0010000000  1552.0277218735  5031.3745516904  0.0000000000  1.0000000000
  4698.5010000000  1547.8851656951  5021.3294114389  0.0000000000  1.0000000000
  4686.0010000000  1543.7426418761  5011.2776077793  0.0000000000  1.0000000000
  4673.5010000000  1539.6001501977  5001.2191176794  0.0000000000  1.0000000000
  4661.0010000000  1535.4576907266  4991.1539186637  0.0000000000  1.0000000000
  4648.5010000000  1531.3152638153  4981.0819888143  0.0000000000  1.0000000000
  4636.0010000000  1527.1728671389  4971.0032995610  0.0000000000  1.0000000000
  4623.5010000000  1523.0305075533  4960.9178445376  0.0000000000  1.0000000000
  4611.0010000000  1518.8881773970  4950.8255819014  0.0000000000  1.0000000000
  4598.5010000000  1514.7458811463  4940.7264992178  0.0000000000  1.0000000000
  4586.0010000000  1510.6036176612  4930.6205702321  0.0000000000  1.0000000000
  4573.5010000000  1506.4613890442  4920.5077764560  0.0000000000  1.0000000000
  4561.0010000000  1502.3191918299  4910.3880856613  0.0000000000  1.0000000000
  4548.5010000000  1498.1770316490  4900.2614876948  0.0000000000  1.0000000000
  4536.0010000000  1494.0349027349  4890.1279443992  0.0000000000  1.0000000000
  4523.5010000000  1489.8928054962  4879.9874325515  0.0000000000  1.0000000000
  4511.0010000000  1485.7507464567  4869.8399437663  0.0000000000  1.0000000000
  4498.5010000000  1481.6087179185  4859.6854346722  0.0000000000  1.0000000000
  4486.0010000000  1477.4667270188  4849.5238980980  0.0000000000  1.0000000000
  4473.5010000000  1473.3247667336  4839.3552919881  0.0000000000  1.0000000000
  4461.0010000000  1469.1828448134  4829.1796103910  0.0000000000  1.0000000000
  4448.5010000000  1465.0409549082  4818.9968125722  0.0000000000  1.0000000000
  4436.0010000000  1460.8990996493  4808.8068796970  0.0000000000  1.0000000000
  4423.5010000000  1456.7572819775  4798.6097935500  0.0000000000  1.0000000000
  4411.0010000000  1452.6154965812  4788.4055154338  0.0000000000  1.0000000000
  4398.5010000000  1448.4737499233  4778.1940354902  0.0000000000  1.0000000000
  4386.0010000000  1444.3320345422  4767.9753093726  0.0000000000  1.0000000000
  4373.5010000000  1440.1903575627  4757.7493285412  0.0000000000  1.0000000000
  4361.0010000000  1436.0487150757  4747.5160570653  0.0000000000  1.0000000000
  4348.5010000000  1431.9071092019  4737.2754737306  0.0000000000  1.0000000000
  4336.0010000000  1427.7655395788  4727.0275510181  0.0000000000  1.0000000000
  4323.5010000000  1423.6240062018  4716.7722621197  0.0000000000  1.0000000000
  4311.0010000000  1419.4825066193  4706.5095739858  0.0000000000  1.0000000000
  4298.5010000000  1415.3410471603  4696.2394751535  0.0000000000  1.0000000000
  4286.0010000000  1411.1996232906  4685.9619270591  0.0000000000  1.0000000000
  4273.5010000000  1407.0582336704  4675.6768988611  0.0000000000  1.0000000000
  4261.0010000000  1402.9168856850  4665.3843812182  0.0000000000  1.0000000000
  4248.5010000000  1398.7755703809  4655.0843240079  0.0000000000  1.0000000000
  4236.0010000000  1394.6342958721  4644.7767193522  0.0000000000  1.0000000000
  4223.5010000000  1390.4930567701  4634.4615255999  0.0000000000  1.0000000000
  4211.0010000000  1386.3518563866  4624.1387225664  0.0000000000  1.0000000000
  4198.5010000000  1382.2106928918  4613.8082770689  0.0000000000  1.0000000000
  4186.0010000000  1378.0695676068  4603.4701635877  0.0000000000  1.0000000000
  4173.5010000000  1373.9284794980  4593.1243505325  0.0000000000  1.0000000000
  4161.0010000000  1369.7874306707  4582.7708139592  0.0000000000  1.0000000000
  4148.5010000000  1365.6464208874  4572.4095238771  0.0000000000  1.0000000000
  4136.0010000000  1361.5054503184  4562.0404511134  0.0000000000  1.0000000000
  4123.5010000000  1357.3645168279  4551.6635605141  0.0000000000  1.0000000000
  4111.0010000000  1353.2236241262  4541.2788313700  0.0000000000  1.0000000000
  4098.5010000000  1349.0827709050  4530.8862301932  0.0000000000  1.0000000000
  4086.0010000000  1344.9419562879  4520.4857243627  0.0000000000  1.0000000000
  4073.5010000000  1340.8011798308  4510.0772821265  0.0000000000  1.0000000000
  4061.0010000000  1336.6604442040  4499.6608793532  0.0000000000  1.0000000000
  4048.5010000000  1332.5197498089  4489.2364860039  0.0000000000  1.0000000000
  4036.0010000000  1328.3790921401  4478.8040594572  0.0000000000  1.0000000000
  4023.5010000000  1324.2384778277  4468.3635849254  0.0000000000  1.0000000000
  4011.0010000000  1320.0979032552  4457.9150215855  0.0000000000  1.0000000000
  3998.5010000000  1315.9573705903  4447.4583429738  0.0000000000  1.0000000000
  3986.0010000000  1311.8168771430  4436.9935101368  0.0000000000  1.0000000000
  3973.5010000000  1307.6764233441  4426.5204917665  0.0000000000  1.0000000000
  3961.0010000000  1303.5360127134  4416.0392641508  0.0000000000  1.0000000000
  3948.5010000000  1299.3956439508  4405.5497911568  0.0000000000  1.0000000000
  3936.0010000000  1295.2553162383  4395.0520376281  0.0000000000  1.0000000000
  3923.5010000000  1291.1150318532  4384.5459760212  0.0000000000  1.0000000000
  3911.0010000000  1286.9747883158  4374.0315664843  0.0000000000  1.0000000000
  3898.5010000000  1282.8345862538  4363.5087768043  0.0000000000  1.0000000000
  3886.0010000000  1278.6944267774  4352.9775757542  0.0000000000  1.0000000000
  3873.5010000000  1274.5543114784  4342.4379330953  0.0000000000  1.0000000000
  3861.0010000000  1270.4142372667  4331.8898064175  0.0000000000  1.0000000000
  3848.5010000000  1266.2742067359  4321.3331675299  0.0000000000  1.0000000000
  3836.0010000000  1262.1342203919  4310.7679826779  0.0000000000  1.0000000000
  3823.5010000000  1257.9942766849  4300.1942125984  0.0000000000  1.0000000000
  3811.0010000000  1253.8543771538  4289.6118256534  0.0000000000  1.0000000000
  3798.5010000000  1249.7145200191  4279.0207814595  0.0000000000  1.0000000000
  3786.0010000000  1245.5747078621  4268.4210505221  0.0000000000  1.0000000000
  3773.5010000000  1241.4349399648  4257.8125946387  0.0000000000  1.0000000000
  3761.0010000000  1237.2952174195  4247.1953799737  0.0000000000  1.0000000000
  3748.5010000000  1233.1555393256  4236.5693673067  0.0000000000  1.0000000000
  3736.0010000000  1229.0159078591  4225.9345250374  0.0000000000  1.0000000000
  3723.5010000000  1224.8763181904  4215.2908032825  0.0000000000  1.0000000000
  3711.0010000000  1220.7367761231  4204.6381792057  0.0000000000  1.0000000000
  3698.5010000000  1216.5972804679  4193.9766117153  0.0000000000  1.0000000000
  3686.0010000000  1212.4578306187  4183.3060609209  0.0000000000  1.0000000000
  3673.5010000000  1208.3184265521  4172.6264881368  0.0000000000  1.0000000000
  3661.0010000000  1204.1790688278  4161.9378558850  0.0000000000  1.0000000000
  3648.5010000000  1200.0397561140  4151.2401215007  0.0000000000  1.0000000000
  3636.0010000000  1195.9004926232  4140.5332563502  0.0000000000  1.0000000000
  3623.5010000000  1191.7612757407  4129.8172138463  0.0000000000  1.0000000000
  3611.0010000000  1187.6221059408  4119.0919550749  0.0000000000  1.0000000000
  3598.5010000000  1183.4829818575  4108.3574360359  0.0000000000  1.0000000000
  3586.0010000000  1179.3439076436  4097.6136267294  0.0000000000  1.0000000000
  3573.5010000000  1175.2048831625  4086.8604857233  0.0000000000  1.0000000000
  3561.0010000000  1171.0659040528  4076.0979602667  0.0000000000  1.0000000000
  3548.5010000000  1166.9269763305  4065.3260242601  0.0000000000  1.0000000000
  3536.0010000000  1162.7880945111  4054.5446213541  0.0000000000  1.0000000000
  3523.5010000000  1158.6492634619  4043.7537218133  0.0000000000  1.0000000000
  3511.0010000000  1154.5104814471  4032.9532783672  0.0000000000  1.0000000000
  3498.5010000000  1150.3717498134  4022.1432514392  0.0000000000  1.0000000000
  3486.0010000000  1146.2330681765  4011.3235965880  0.0000000000  1.0000000000
  3473.5010000000  1142.0944368371  4000.4942708097  0.0000000000  1.0000000000
  3461.0010000000  1137.9558544035  3989.6552263107  0.0000000000  1.0000000000
  3448.5010000000  1133.8173249381  3978.8064292267  0.0000000000  1.0000000000
  3436.0010000000  1129.6788448851  3967.9478253686  0.0000000000  1.0000000000
  3423.5010000000  1125.5404173351  3957.0793776058  0.0000000000  1.0000000000
  3411.0010000000  1121.4020401838  3946.2010348008  0.0000000000  1.0000000000
  3398.5010000000  1117.2637155952  3935.3127566526  0.0000000000  1.0000000000
  3386.0010000000  1113.1254417663  3924.4144920451  0.0000000000  1.0000000000
  3373.5010000000  1108.9872223223  3913.5062037717  0.0000000000  1.0000000000
  3361.0010000000  1104.8490546211  3902.5878377249  0.0000000000  1.0000000000
  3348.5010000000  1100.7109414488  3891.6593537157  0.0000000000  1.0000000000
  3336.0010000000  1096.5728793893  3880.7206947774  0.0000000000  1.0000000000
  3323.5010000000  1092.4348727614  3869.7718239770  0.0000000000  1.0000000000
  3311.0010000000  1088.2969197205  3858.8126876818  0.0000000000  1.0000000000
  3298.5010000000  1084.1590192372  3847.8432339849  0.0000000000  1.0000000000
  3286.0010000000  1080.0211756714  3836.8634248533  0.0000000000  1.0000000000
  3273.5010000000  1075.8833850240  3825.8731996581  0.0000000000  1.0000000000
  3261.0010000000  1071.7456509851  3814.8725177488  0.0000000000  1.0000000000
  3248.5010000000  1067.6079734993  3803.8613281012  0.0000000000  1.0000000000
  3236.0010000000  1063.4703488308  3792.8395694389  0.0000000000  1.0000000000
  3223.5010000000  1059.3327831546  3781.8072064347  0.0000000000  1.0000000000
  3211.0010000000  1055.1952721963  3770.7641754682  0.0000000000  1.0000000000
  3198.5010000000  1051.0578170841  3759.7104268528  0.0000000000  1.0000000000
  3186.0010000000  1046.9204220478  3748.6459187461  0.0000000000  1.0000000000
  3173.5010000000  1042.7830832476  3737.5705872641  0.0000000000  1.0000000000
  3161.0010000000  1038.6458000112  3726.4843764958  0.0000000000  1.0000000000
  3148.5010000000  1034.5085770162  3715.3872443932  0.0000000000  1.0000000000
  3136.0010000000  1030.3714131834  3704.2791330035  0.0000000000  1.0000000000
  3123.5010000000  1026.2343083805  3693.1599864103  0.0000000000  1.0000000000
  3111.0010000000  1022.0972612275  3682.0297448320  0.0000000000  1.0000000000
  3098.5010000000  1017.9602735052  3670.8883564788  0.0000000000  1.0000000000
  3086.0010000000  1013.8233457603  3659.7357657324  0.0000000000  1.0000000000
  3073.5010000000  1009.6864795124  3648.5719190836  0.0000000000  1.0000000000
  3061.0010000000  1005.5496729182  3637.3967534191  0.0000000000  1.0000000000
  3048.5010000000  1001.4129294838  3626.2102195393  0.0000000000  1.0000000000
  3036.0010000000   997.2762450695  3615.0122470299  0.0000000000  1.0000000000
  3023.5010000000   993.1396230593  3603.8027852760  0.0000000000  1.0000000000
  3011.0010000000   989.0030635545  3592.5817742299  0.0000000000  1.0000000000
  2998.5010000000   984.8665655747  3581.3491503383  0.0000000000  1.0000000000
  2986.0010000000   980.7301313475  3570.1048581853  0.0000000000  1.0000000000
  2973.5010000000   976.5937620322  3558.8488388881  0.0000000000  1.0000000000
  2961.0010000000   972.4574535242  3547.5810186388  0.0000000000  1.0000000000
  2948.5010000000   968.3212113107  3536.3013491525  0.0000000000  1.0000000000
  2936.0010000000   964.1850335274  3525.0097615197  0.0000000000  1.0000000000
  2923.5010000000   960.0489194704  3513.7061893655  0.0000000000  1.0000000000
  2911.0010000000   955.9128716837  3502.3905745718  0.0000000000  1.0000000000
  2898.5010000000   951.7768896832  3491.0628501186  0.0000000000  1.0000000000
  2886.0010000000   947.6409720979  3479.7229459039  0.0000000000  1.0000000000
  2873.5010000000   943.5051229060  3468.3708058475  0.0000000000  1.0000000000
  2861.0010000000   939.3693410642  3457.0063594501  0.0000000000  1.0000000000
  2848.5010000000   935.2336267705  3445.6295389456  0.0000000000  1.0000000000
  2836.0010000000   931.0979794176  3434.2402736703  0.0000000000  1.0000000000
  2823.5010000000   926.9624017065  3422.8385013899  0.0000000000  1.0000000000
  2811.0010000000   922.8268914798  3411.4241457851  0.0000000000  1.0000000000
  2798.5010000000   918.6914519557  3399.9971446623  0.0000000000  1.0000000000
  2786.0010000000   914.5560815619  3388.5574218872  0.0000000000  1.0000000000
  2773.5010000000   910.4207820889  3377.1049098935  0.0000000000  1.0000000000
  2761.0010000000   906.2855526379  3365.6395329345  0.0000000000  1.0000000000
  2748.5010000000   902.1503956866  3354.1612238775  0.0000000000  1.0000000000
  2736.0010000000   898.0153090857  3342.6699019908  0.0000000000  1.0000000000
  2723.5010000000   893.8802950963  3331.1654980175  0.0000000000  1.0000000000
  2711.0010000000   889.7453544022  3319.6479375474  0.0000000000  1.0000000000
  2698.5010000000   885.6104861619  3308.1171411232  0.0000000000  1.0000000000
  2686.0010000000   881.4756919894  3296.5730353260  0.0000000000  1.0000000000
  2673.5010000000   877.3409710422  3285.0155390636  0.0000000000  1.0000000000
  2661.0010000000   873.2063259433  3273.4445801013  0.0000000000  1.0000000000
  2648.5010000000   869.0717569143  3261.8600786578  0.0000000000  1.0000000000
  2636.0010000000   864.9372618440  3250.2619475455  0.0000000000  1.0000000000
  2623.5010000000   860.8028440793  3238.6501140118  0.0000000000  1.0000000000
  2611.0010000000   856.6685046621  3227.0244979751  0.0000000000  1.0000000000
  2598.5010000000   852.5342404819  3215.3850067678  0.0000000000  1.0000000000
  2586.0010000000   848.4000558373  3203.7315676607  0.0000000000  1.0000000000
  2573.5010000000   844.2659490134  3192.0640900705  0.0000000000  1.0000000000
  2561.0010000000   840.1319209515  3180.3824899541  0.0000000000  1.0000000000
  2548.5010000000   835.9979733424  3168.6866844432  0.0000000000  1.0000000000
  2536.0010000000   831.8641058219  3156.9765838910  0.0000000000  1.0000000000
  2523.5010000000   827.7303197894  3145.2521026593  0.0000000000  1.0000000000
  2511.0010000000   823.5966137389  3133.5131458654  0.0000000000  1.0000000000
  2498.5010000000   819.4629907890  3121.7596307386  0.0000000000  1.0000000000
  2486.0010000000   815.3294521427  3109.9914680541  0.0000000000  1.0000000000
  2473.5010000000   811.1959953101  3098.2085570138  0.0000000000  1.0000000000
  2461.0010000000   807.0626215732  3086.4108064789  0.0000000000  1.0000000000
  2448.5010000000   802.9293341172  3074.5981296798  0.0000000000  1.0000000000
  2436.0010000000   798.7961316415  3062.7704259367  0.0000000000  1.0000000000
  2423.5010000000   794.6630148475  3050.9275991604  0.0000000000  1.0000000000
  2411.0010000000   790.5299846274  3039.0695526699  0.0000000000  1.0000000000
  2398.5010000000   786.3970420990  3027.1961892781  0.0000000000  1.0000000000
  2386.0010000000   782.2641877426  3015.3074087910  0.0000000000  1.0000000000
  2373.5010000000   778.1314205591  3003.4031055483  0.0000000000  1.0000000000
  2361.0010000000   773.9987452730  2991.4831891644  0.0000000000  1.0000000000
  2348.5010000000   769.8661580535  2979.5475433501  0.0000000000  1.0000000000
  2336.0010000000   765.7336626477  2967.5960724139  0.0000000000  1.0000000000
  2323.5010000000   761.6012579412  2955.6286653403  0.0000000000  1.0000000000
  2311.0010000000   757.4689468740  2943.6452215435  0.0000000000  1.0000000000
  2298.5010000000   753.3367276675  2931.6456254315  0.0000000000  1.0000000000
  2286.0010000000   749.2046026683  2919.6297720236  0.0000000000  1.0000000000
  2273.5010000000   745.0725713806  2907.5975467046  0.0000000000  1.0000000000
  2261.0010000000   740.9406357507  2895.5488405640  0.0000000000  1.0000000000
  2248.5010000000   736.8087967302  2883.4835403759  0.0000000000  1.0000000000
  2236.0010000000   732.6770560587  2871.4015337709  0.0000000000  1.0000000000
  2223.5010000000   728.5454111870  2859.3026943481  0.0000000000  1.0000000000
  2211.0010000000   724.4138656037  2847.1869118629  0.0000000000  1.0000000000
  2198.5010000000   720.2824186239  2835.0540623158  0.0000000000  1.0000000000
  2186.0010000000   716.1510722639  2822.9040280695  0.0000000000  1.0000000000
  2173.5010000000   712.0198278905  2810.7366880005  0.0000000000  1.0000000000
  2161.0010000000   707.8886846254  2798.5519127457  0.0000000000  1.0000000000
  2148.5010000000   703.7576444360  2786.3495796727  0.0000000000  1.0000000000
  2136.0010000000   699.6267088289  2774.1295631194  0.0000000000  1.0000000000
  2123.5010000000   695.4958772758  2761.8917296866  0.0000000000  1.0000000000
  2111.0010000000   691.3651514203  2749.6359506502  0.0000000000  1.0000000000
  2098.5010000000   687.2345318326  2737.3620923255  0.0000000000  1.0000000000
  2086.0010000000   683.1040197255  2725.0700211176  0.0000000000  1.0000000000
  2073.5010000000   678.9736170087  2712.7596036636  0.0000000000  1.0000000000
  2061.0010000000   674.8433239297  2700.4306997633  0.0000000000  1.0000000000
  2048.5010000000   670.7131399845  2688.0831650296  0.0000000000  1.0000000000
  2036.0010000000   666.5830679971  2675.7168630556  0.0000000000  1.0000000000
  2023.5010000000   662.4531085628  2663.3316487760  0.0000000000  1.0000000000
  2011.0010000000   658.3232633373  2650.9273782620  0.0000000000  1.0000000000
  1998.5010000000   654.1935311606  2638.5038970332  0.0000000000  1.0000000000
  1986.0010000000   650.0639168137  2626.0610663546  0.0000000000  1.0000000000
  1973.5010000000   645.9344177210  2613.5987231721  0.0000000000  1.0000000000
  1961.0010000000   641.8050366133  2601.1167181978  0.0000000000  1.0000000000
  1948.5010000000   637.6757753189  2588.6148971778  0.0000000000  1.0000000000
  1936.0010000000   633.5466333393  2576.0930965015  0.0000000000  1.0000000000
  1923.5010000000   629.4176125825  2563.5511574830  0.0000000000  1.0000000000
  1911.0010000000   625.2887158795  2550.9889218540  0.0000000000  1.0000000000
  1898.5010000000   621.1599410068  2538.4062135039  0.0000000000  1.0000000000
  1886.0010000000   617.0312922027  2525.8028734821  0.0000000000  1.0000000000
  1873.5010000000   612.9027696245  2513.1787278443  0.0000000000  1.0000000000
  1861.0010000000   608.7743740267  2500.5336018327  0.0000000000  1.0000000000
  1848.5010000000   604.6461068548  2487.8673201213  0.0000000000  1.0000000000
  1836.0010000000   600.5179710773  2475.1797093332  0.0000000000  1.0000000000
  1823.5010000000   596.3899653897  2462.4705801612  0.0000000000  1.0000000000
  1811.0010000000   592.2620932026  2449.7397549340  0.0000000000  1.0000000000
  1798.5010000000   588.1343553785  2436.9870452195  0.0000000000  1.0000000000
  1786.0010000000   584.0067518665  2424.2122567524  0.0000000000  1.0000000000
  1773.5010000000   579.8792861662  2411.4152031926  0.0000000000  1.0000000000
  1761.0010000000   575.7519582173  2398.5956840473  0.0000000000  1.0000000000
  1748.5010000000   571.6247710271  2385.7535051407  0.0000000000  1.0000000000
  1736.0010000000   567.4977250705  2372.8884611518  0.0000000000  1.0000000000
  1723.5010000000   563.3708213136  2360.0003449167  0.0000000000  1.0000000000
  1711.0010000000   559.2440627470  2347.0889521632  0.0000000000  1.0000000000
  1698.5010000000   555.1174496117  2334.1540665104  0.0000000000  1.0000000000
  1686.0010000000   550.9909851648  2321.1954774242  0.0000000000  1.0000000000
  1673.5010000000   546.8646688764  2308.2129587970  0.0000000000  1.0000000000
  1661.0010000000   542.7385035411  2295.2062911801  0.0000000000  1.0000000000
  1648.5010000000   538.6124919537  2282.1752512826  0.0000000000  1.0000000000
  1636.0010000000   534.4866343788  2269.1196038598  0.0000000000  1.0000000000
  1623.5010000000   530.3609328371  2256.0391151396  0.0000000000  1.0000000000
  1611.0010000000   526.2353885676  2242.9335447033  0.0000000000  1.0000000000
  1598.5010000000   522.1100055648  2229.8026566247  0.0000000000  1.0000000000
  1586.0010000000   517.9847834283  2216.6461966205  0.0000000000  1.0000000000
  1573.5010000000   513.8597255759  2203.4639180702  0.0000000000  1.0000000000
  1561.0010000000   509.7348328138  2190.2555614099  0.0000000000  1.0000000000
