  1.00000000000000002E-003
  2.00000000000000004E-003         501
     1.0010000000     0.1551480913     6.3885597419  0.0000000000  0.0000000000
     0.9990000000     0.1548540744     6.3775068793  0.0000000000  0.0000000000
     0.9970000000     0.1545600472     6.3664512005  0.0000000000  0.0000000000
     0.9950000000     0.1542660094     6.3553926984  0.0000000000  0.0000000000
     0.9930000000     0.1539719612     6.3443313666  0.0000000000  0.0000000000
     0.9910000000     0.1536779023     6.3332671986  0.0000000000  0.0000000000
     0.9890000000     0.1533838327     6.3222001878  0.0000000000  0.0000000000
     0.9870000000     0.1530897524     6.3111303278  0.0000000000  0.0000000000
     0.9850000000     0.1527956614     6.3000576120  0.0000000000  0.0000000000
     0.9830000000     0.1525015595     6.2889820338  0.0000000000  0.0000000000
     0.9810000000     0.1522074467     6.2779035865  0.0000000000  0.0000000000
     0.9790000000     0.1519133229     6.2668222634  0.0000000000  0.0000000000
     0.9770000000     0.1516191881     6.2557380579  0.0000000000  0.0000000000
     0.9750000000     0.1513250422     6.2446509633  0.0000000000  0.0000000000
     0.9730000000     0.1510308852     6.2335609728  0.0000000000  0.0000000000
     0.9710000000     0.1507367169     6.2224680797  0.0000000000  0.0000000000
     0.9690000000     0.1504425373     6.2113722770  0.0000000000  0.0000000000
     0.9670000000     0.1501483464     6.2002735580  0.0000000000  0.0000000000
     0.9650000000     0.1498541441     6.1891719159  0.0000000000  0.0000000000
     0.9630000000     0.1495599303     6.1780673436  0.0000000000  0.0000000000
     0.9610000000     0.1492657049     6.1669598344  0.0000000000  0.0000000000
     0.9590000000     0.1489714680     6.1558493811  0.0000000000  0.0000000000
     0.9570000000     0.1486772194     6.1447359768  0.0000000000  0.0000000000
     0.9550000000     0.1483829590     6.1336196146  0.0000000000  0.0000000000
     0.9530000000     0.1480886868     6.1225002872  0.0000000000  0.0000000000
     0.9510000000     0.1477944027     6.1113779877  0.0000000000  0.0000000000
     0.9490000000     0.1475001067     6.1002527089  0.0000000000  0.0000000000
     0.9470000000     0.1472057987     6.0891244437  0.0000000000  0.0000000000
     0.9450000000     0.1469114786     6.0779931848  0.0000000000  0.0000000000
     0.9430000000     0.1466171464     6.0668589251  0.0000000000  0.0000000000
     0.9410000000     0.1463228019     6.0557216573  0.0000000000  0.0000000000
     0.9390000000     0.1460284452     6.0445813741  0.0000000000  0.0000000000
     0.9370000000     0.1457340761     6.0334380682  0.0000000000  0.0000000000
     0.9350000000     0.1454396945     6.0222917322  0.0000000000  0.0000000000
     0.9330000000     0.1451453005     6.0111423587  0.0000000000  0.0000000000
     0.9310000000     0.1448508939     5.9999899404  0.0000000000  0.0000000000
     0.9290000000     0.1445564746     5.9888344697  0.0000000000  0.0000000000
     0.9270000000     0.1442620427     5.9776759391  0.0000000000  0.0000000000
     0.9250000000     0.1439675979     5.9665143412  0.0000000000  0.0000000000
     0.9230000000     0.1436731403     5.9553496684  0.0000000000  0.0000000000
     0.9210000000     0.1433786698     5.9441819130  0.0000000000  0.0000000000
     0.9190000000     0.1430841862     5.9330110675  0.0000000000  0.0000000000
     0.9170000000     0.1427896896     5.9218371241  0.0000000000  0.0000000000
     0.9150000000     0.1424951798     5.9106600752  0.0000000000  0.0000000000
     0.9130000000     0.1422006567     5.8994799130  0.0000000000  0.0000000000
     0.9110000000     0.1419061204     5.8882966298  0.0000000000  0.0000000000
     0.9090000000     0.1416115707     5.8771102176  0.0000000000  0.0000000000
     0.9070000000     0.1413170075     5.8659206687  0.0000000000  0.0000000000
     0.9050000000     0.1410224308     5.8547279752  0.0000000000  0.0000000000
     0.9030000000     0.1407278404     5.8435321291  0.0000000000  0.0000000000
     0.9010000000     0.1404332364     5.8323331225  0.0000000000  0.0000000000
     0.8990000000     0.1401386186     5.8211309474  0.0000000000  0.0000000000
     0.8970000000     0.1398439870     5.8099255957  0.0000000000  0.0000000000
     0.8950000000     0.1395493414     5.7987170593  0.0000000000  0.0000000000
     0.8930000000     0.1392546818     5.7875053301  0.0000000000  0.0000000000
     0.8910000000     0.1389600081     5.7762904000  0.0000000000  0.0000000000
     0.8890000000     0.1386653202     5.7650722607  0.0000000000  0.0000000000
     0.8870000000     0.1383706181     5.7538509040  0.0000000000  0.0000000000
     0.8850000000     0.1380759017     5.7426263216  0.0000000000  0.0000000000
     0.8830000000     0.1377811708     5.7313985053  0.0000000000  0.0000000000
     0.8810000000     0.1374864254     5.7201674465  0.0000000000  0.0000000000
     0.8790000000     0.1371916655     5.7089331370  0.0000000000  0.0000000000
     0.8770000000     0.1368968908     5.6976955683  0.0000000000  0.0000000000
     0.8750000000     0.1366021014     5.6864547319  0.0000000000  0.0000000000
     0.8730000000     0.1363072972     5.6752106192  0.0000000000  0.0000000000
     0.8710000000     0.1360124781     5.6639632218  0.0000000000  0.0000000000
     0.8690000000     0.1357176439     5.6527125309  0.0000000000  0.0000000000
     0.8670000000     0.1354227947     5.6414585379  0.0000000000  0.0000000000
     0.8650000000     0.1351279302     5.6302012341  0.0000000000  0.0000000000
     0.8630000000     0.1348330505     5.6189406108  0.0000000000  0.0000000000
     0.8610000000     0.1345381554     5.6076766592  0.0000000000  0.0000000000
     0.8590000000     0.1342432449     5.5964093704  0.0000000000  0.0000000000
     0.8570000000     0.1339483188     5.5851387356  0.0000000000  0.0000000000
     0.8550000000     0.1336533771     5.5738647458  0.0000000000  0.0000000000
     0.8530000000     0.1333584197     5.5625873921  0.0000000000  0.0000000000
     0.8510000000     0.1330634465     5.5513066655  0.0000000000  0.0000000000
     0.8490000000     0.1327684573     5.5400225568  0.0000000000  0.0000000000
     0.8470000000     0.1324734522     5.5287350571  0.0000000000  0.0000000000
     0.8450000000     0.1321784310     5.5174441571  0.0000000000  0.0000000000
     0.8430000000     0.1318833936     5.5061498476  0.0000000000  0.0000000000
     0.8410000000     0.1315883399     5.4948521194  0.0000000000  0.0000000000
     0.8390000000     0.1312932698     5.4835509632  0.0000000000  0.0000000000
     0.8370000000     0.1309981833     5.4722463697  0.0000000000  0.0000000000
     0.8350000000     0.1307030802     5.4609383294  0.0000000000  0.0000000000
     0.8330000000     0.1304079605     5.4496268329  0.0000000000  0.0000000000
     0.8310000000     0.1301128240     5.4383118708  0.0000000000  0.0000000000
     0.8290000000     0.1298176706     5.4269934335  0.0000000000  0.0000000000
     0.8270000000     0.1295225003     5.4156715113  0.0000000000  0.0000000000
     0.8250000000     0.1292273129     5.4043460947  0.0000000000  0.0000000000
     0.8230000000     0.1289321083     5.3930171740  0.0000000000  0.0000000000
     0.8210000000     0.1286368865     5.3816847394  0.0000000000  0.0000000000
     0.8190000000     0.1283416474     5.3703487812  0.0000000000  0.0000000000
     0.8170000000     0.1280463908     5.3590092894  0.0000000000  0.0000000000
     0.8150000000     0.1277511166     5.3476662542  0.0000000000  0.0000000000
     0.8130000000     0.1274558248     5.3363196657  0.0000000000  0.0000000000
     0.8110000000     0.1271605152     5.3249695138  0.0000000000  0.0000000000
     0.8090000000     0.1268651877     5.3136157885  0.0000000000  0.0000000000
     0.8070000000     0.1265698422     5.3022584796  0.0000000000  0.0000000000
     0.8050000000     0.1262744787     5.2908975771  0.0000000000  0.0000000000
     0.8030000000     0.1259790969     5.2795330706  0.0000000000  0.0000000000
     0.8010000000     0.1256836969     5.2681649499  0.0000000000  0.0000000000
     0.7990000000     0.1253882784     5.2567932048  0.0000000000  0.0000000000
     0.7970000000     0.1250928415     5.2454178247  0.0000000000  0.0000000000
     0.7950000000     0.1247973859     5.2340387992  0.0000000000  0.0000000000
     0.7930000000     0.1245019115     5.2226561179  0.0000000000  0.0000000000
     0.7910000000     0.1242064184     5.2112697702  0.0000000000  0.0000000000
     0.7890000000     0.1239109062     5.1998797455  0.0000000000  0.0000000000
     0.7870000000     0.1236153750     5.1884860330  0.0000000000  0.0000000000
     0.7850000000     0.1233198246     5.1770886221  0.0000000000  0.0000000000
     0.7830000000     0.1230242549     5.1656875020  0.0000000000  0.0000000000
     0.7810000000     0.1227286657     5.1542826617  0.0000000000  0.0000000000
     0.7790000000     0.1224330571     5.1428740905  0.0000000000  0.0000000000
     0.7770000000     0.1221374287     5.1314617773  0.0000000000  0.0000000000
     0.7750000000     0.1218417806     5.1200457111  0.0000000000  0.0000000000
     0.7730000000     0.1215461127     5.1086258808  0.0000000000  0.0000000000
     0.7710000000     0.1212504247     5.0972022752  0.0000000000  0.0000000000
     0.7690000000     0.1209547165     5.0857748831  0.0000000000  0.0000000000
     0.7670000000     0.1206589882     5.0743436932  0.0000000000  0.0000000000
     0.7650000000     0.1203632394     5.0629086942  0.0000000000  0.0000000000
     0.7630000000     0.1200674702     5.0514698747  0.0000000000  0.0000000000
     0.7610000000     0.1197716804     5.0400272231  0.0000000000  0.0000000000
     0.7590000000     0.1194758698     5.0285807279  0.0000000000  0.0000000000
     0.7570000000     0.1191800383     5.0171303776  0.0000000000  0.0000000000
     0.7550000000     0.1188841859     5.0056761604  0.0000000000  0.0000000000
     0.7530000000     0.1185883123     4.9942180645  0.0000000000  0.0000000000
     0.7510000000     0.1182924175     4.9827560783  0.0000000000  0.0000000000
     0.7490000000     0.1179965013     4.9712901897  0.0000000000  0.0000000000
     0.7470000000     0.1177005636     4.9598203869  0.0000000000  0.0000000000
     0.7450000000     0.1174046042     4.9483466578  0.0000000000  0.0000000000
     0.7430000000     0.1171086231     4.9368689904  0.0000000000  0.0000000000
     0.7410000000     0.1168126201     4.9253873724  0.0000000000  0.0000000000
     0.7390000000     0.1165165951     4.9139017916  0.0000000000  0.0000000000
     0.7370000000     0.1162205478     4.9024122358  0.0000000000  0.0000000000
     0.7350000000     0.1159244783     4.8909186925  0.0000000000  0.0000000000
     0.7330000000     0.1156283863     4.8794211493  0.0000000000  0.0000000000
     0.7310000000     0.1153322718     4.8679195937  0.0000000000  0.0000000000
     0.7290000000     0.1150361345     4.8564140131  0.0000000000  0.0000000000
     0.7270000000     0.1147399743     4.8449043947  0.0000000000  0.0000000000
     0.7250000000     0.1144437912     4.8333907259  0.0000000000  0.0000000000
     0.7230000000     0.1141475849     4.8218729939  0.0000000000  0.0000000000
     0.7210000000     0.1138513553     4.8103511856  0.0000000000  0.0000000000
     0.7190000000     0.1135551023     4.7988252882  0.0000000000  0.0000000000
     0.7170000000     0.1132588257     4.7872952886  0.0000000000  0.0000000000
     0.7150000000     0.1129625254     4.7757611736  0.0000000000  0.0000000000
     0.7130000000     0.1126662013     4.7642229300  0.0000000000  0.0000000000
     0.7110000000     0.1123698531     4.7526805445  0.0000000000  0.0000000000
     0.7090000000     0.1120734807     4.7411340037  0.0000000000  0.0000000000
     0.7070000000     0.1117770841     4.7295832942  0.0000000000  0.0000000000
     0.7050000000     0.1114806629     4.7180284024  0.0000000000  0.0000000000
     0.7030000000     0.1111842172     4.7064693147  0.0000000000  0.0000000000
     0.7010000000     0.1108877466     4.6949060174  0.0000000000  0.0000000000
     0.6990000000     0.1105912511     4.6833384967  0.0000000000  0.0000000000
     0.6970000000     0.1102947306     4.6717667386  0.0000000000  0.0000000000
     0.6950000000     0.1099981848     4.6601907292  0.0000000000  0.0000000000
     0.6930000000     0.1097016136     4.6486104545  0.0000000000  0.0000000000
     0.6910000000     0.1094050168     4.6370259003  0.0000000000  0.0000000000
     0.6890000000     0.1091083943     4.6254370523  0.0000000000  0.0000000000
     0.6870000000     0.1088117459     4.6138438963  0.0000000000  0.0000000000
     0.6850000000     0.1085150715     4.6022464178  0.0000000000  0.0000000000
     0.6830000000     0.1082183708     4.5906446023  0.0000000000  0.0000000000
     0.6810000000     0.1079216438     4.5790384351  0.0000000000  0.0000000000
     0.6790000000     0.1076248902     4.5674279017  0.0000000000  0.0000000000
     0.6770000000     0.1073281099     4.5558129872  0.0000000000  0.0000000000
     0.6750000000     0.1070313027     4.5441936767  0.0000000000  0.0000000000
     0.6730000000     0.1067344684     4.5325699552  0.0000000000  0.0000000000
     0.6710000000     0.1064376069     4.5209418077  0.0000000000  0.0000000000
     0.6690000000     0.1061407180     4.5093092189  0.0000000000  0.0000000000
     0.6670000000     0.1058438015     4.4976721737  0.0000000000  0.0000000000
     0.6650000000     0.1055468572     4.4860306566  0.0000000000  0.0000000000
     0.6630000000     0.1052498850     4.4743846521  0.0000000000  0.0000000000
     0.6610000000     0.1049528847     4.4627341447  0.0000000000  0.0000000000
     0.6590000000     0.1046558561     4.4510791187  0.0000000000  0.0000000000
     0.6570000000     0.1043587989     4.4394195583  0.0000000000  0.0000000000
     0.6550000000     0.1040617132     4.4277554476  0.0000000000  0.0000000000
     0.6530000000     0.1037645985     4.4160867706  0.0000000000  0.0000000000
     0.6510000000     0.1034674548     4.4044135112  0.0000000000  0.0000000000
     0.6490000000     0.1031702819     4.3927356532  0.0000000000  0.0000000000
     0.6470000000     0.1028730796     4.3810531803  0.0000000000  0.0000000000
     0.6450000000     0.1025758476     4.3693660761  0.0000000000  0.0000000000
     0.6430000000     0.1022785858     4.3576743239  0.0000000000  0.0000000000
     0.6410000000     0.1019812940     4.3459779072  0.0000000000  0.0000000000
     0.6390000000     0.1016839721     4.3342768092  0.0000000000  0.0000000000
     0.6370000000     0.1013866197     4.3225710130  0.0000000000  0.0000000000
     0.6350000000     0.1010892367     4.3108605016  0.0000000000  0.0000000000
     0.6330000000     0.1007918229     4.2991452580  0.0000000000  0.0000000000
     0.6310000000     0.1004943781     4.2874252647  0.0000000000  0.0000000000
     0.6290000000     0.1001969021     4.2757005046  0.0000000000  0.0000000000
     0.6270000000     0.0998993947     4.2639709602  0.0000000000  0.0000000000
     0.6250000000     0.0996018556     4.2522366137  0.0000000000  0.0000000000
     0.6230000000     0.0993042847     4.2404974477  0.0000000000  0.0000000000
     0.6210000000     0.0990066818     4.2287534441  0.0000000000  0.0000000000
     0.6190000000     0.0987090466     4.2170045851  0.0000000000  0.0000000000
     0.6170000000     0.0984113789     4.2052508525  0.0000000000  0.0000000000
     0.6150000000     0.0981136785     4.1934922281  0.0000000000  0.0000000000
     0.6130000000     0.0978159452     4.1817286936  0.0000000000  0.0000000000
     0.6110000000     0.0975181787     4.1699602305  0.0000000000  0.0000000000
     0.6090000000     0.0972203789     4.1581868202  0.0000000000  0.0000000000
     0.6070000000     0.0969225455     4.1464084439  0.0000000000  0.0000000000
     0.6050000000     0.0966246783     4.1346250827  0.0000000000  0.0000000000
     0.6030000000     0.0963267770     4.1228367178  0.0000000000  0.0000000000
     0.6010000000     0.0960288415     4.1110433298  0.0000000000  0.0000000000
     0.5990000000     0.0957308714     4.0992448995  0.0000000000  0.0000000000
     0.5970000000     0.0954328666     4.0874414074  0.0000000000  0.0000000000
     0.5950000000     0.0951348269     4.0756328341  0.0000000000  0.0000000000
     0.5930000000     0.0948367518     4.0638191597  0.0000000000  0.0000000000
     0.5910000000     0.0945386414     4.0520003644  0.0000000000  0.0000000000
     0.5890000000     0.0942404952     4.0401764282  0.0000000000  0.0000000000
     0.5870000000     0.0939423130     4.0283473310  0.0000000000  0.0000000000
     0.5850000000     0.0936440947     4.0165130524  0.0000000000  0.0000000000
     0.5830000000     0.0933458399     4.0046735719  0.0000000000  0.0000000000
     0.5810000000     0.0930475484     3.9928288690  0.0000000000  0.0000000000
     0.5790000000     0.0927492199     3.9809789228  0.0000000000  0.0000000000
     0.5770000000     0.0924508542     3.9691237125  0.0000000000  0.0000000000
     0.5750000000     0.0921524510     3.9572632170  0.0000000000  0.0000000000
     0.5730000000     0.0918540101     3.9453974150  0.0000000000  0.0000000000
     0.5710000000     0.0915555312     3.9335262850  0.0000000000  0.0000000000
     0.5690000000     0.0912570140     3.9216498057  0.0000000000  0.0000000000
     0.5670000000     0.0909584583     3.9097679551  0.0000000000  0.0000000000
     0.5650000000     0.0906598637     3.8978807114  0.0000000000  0.0000000000
     0.5630000000     0.0903612301     3.8859880526  0.0000000000  0.0000000000
     0.5610000000     0.0900625570     3.8740899563  0.0000000000  0.0000000000
     0.5590000000     0.0897638444     3.8621864002  0.0000000000  0.0000000000
     0.5570000000     0.0894650918     3.8502773616  0.0000000000  0.0000000000
     0.5550000000     0.0891662990     3.8383628179  0.0000000000  0.0000000000
     0.5530000000     0.0888674657     3.8264427459  0.0000000000  0.0000000000
     0.5510000000     0.0885685916     3.8145171227  0.0000000000  0.0000000000
     0.5490000000     0.0882696764     3.8025859249  0.0000000000  0.0000000000
     0.5470000000     0.0879707199     3.7906491290  0.0000000000  0.0000000000
     0.5450000000     0.0876717216     3.7787067112  0.0000000000  0.0000000000
     0.5430000000     0.0873726814     3.7667586478  0.0000000000  0.0000000000
     0.5410000000     0.0870735989     3.7548049146  0.0000000000  0.0000000000
     0.5390000000     0.0867744738     3.7428454874  0.0000000000  0.0000000000
     0.5370000000     0.0864753058     3.7308803416  0.0000000000  0.0000000000
     0.5350000000     0.0861760946     3.7189094528  0.0000000000  0.0000000000
     0.5330000000     0.0858768398     3.7069327959  0.0000000000  0.0000000000
     0.5310000000     0.0855775412     3.6949503459  0.0000000000  0.0000000000
     0.5290000000     0.0852781984     3.6829620776  0.0000000000  0.0000000000
     0.5270000000     0.0849788111     3.6709679654  0.0000000000  0.0000000000
     0.5250000000     0.0846793790     3.6589679836  0.0000000000  0.0000000000
     0.5230000000     0.0843799017     3.6469621064  0.0000000000  0.0000000000
     0.5210000000     0.0840803790     3.6349503076  0.0000000000  0.0000000000
     0.5190000000     0.0837808104     3.6229325609  0.0000000000  0.0000000000
     0.5170000000     0.0834811956     3.6109088396  0.0000000000  0.0000000000
     0.5150000000     0.0831815342     3.5988791170  0.0000000000  0.0000000000
     0.5130000000     0.0828818261     3.5868433661  0.0000000000  0.0000000000
     0.5110000000     0.0825820706     3.5748015596  0.0000000000  0.0000000000
     0.5090000000     0.0822822676     3.5627536700  0.0000000000  0.0000000000
     0.5070000000     0.0819824167     3.5506996697  0.0000000000  0.0000000000
     0.5050000000     0.0816825174     3.5386395306  0.0000000000  0.0000000000
     0.5030000000     0.0813825695     3.5265732244  0.0000000000  0.0000000000
     0.5010000000     0.0810825725     3.5145007229  0.0000000000  0.0000000000
     0.4990000000     0.0807825261     3.5024219973  0.0000000000  0.0000000000
     0.4970000000     0.0804824299     3.4903370185  0.0000000000  0.0000000000
     0.4950000000     0.0801822836     3.4782457575  0.0000000000  0.0000000000
     0.4930000000     0.0798820866     3.4661481847  0.0000000000  0.0000000000
     0.4910000000     0.0795818387     3.4540442705  0.0000000000  0.0000000000
     0.4890000000     0.0792815394     3.4419339847  0.0000000000  0.0000000000
     0.4870000000     0.0789811884     3.4298172972  0.0000000000  0.0000000000
     0.4850000000     0.0786807852     3.4176941774  0.0000000000  0.0000000000
     0.4830000000     0.0783803294     3.4055645945  0.0000000000  0.0000000000
     0.4810000000     0.0780798207     3.3934285174  0.0000000000  0.0000000000
     0.4790000000     0.0777792586     3.3812859148  0.0000000000  0.0000000000
     0.4770000000     0.0774786426     3.3691367549  0.0000000000  0.0000000000
     0.4750000000     0.0771779724     3.3569810059  0.0000000000  0.0000000000
     0.4730000000     0.0768772475     3.3448186354  0.0000000000  0.0000000000
     0.4710000000     0.0765764676     3.3326496109  0.0000000000  0.0000000000
     0.4690000000     0.0762756320     3.3204738996  0.0000000000  0.0000000000
     0.4670000000     0.0759747405     3.3082914682  0.0000000000  0.0000000000
     0.4650000000     0.0756737925     3.2961022835  0.0000000000  0.0000000000
     0.4630000000     0.0753727877     3.2839063114  0.0000000000  0.0000000000
     0.4610000000     0.0750717254     3.2717035180  0.0000000000  0.0000000000
     0.4590000000     0.0747706054     3.2594938688  0.0000000000  0.0000000000
     0.4570000000     0.0744694270     3.2472773291  0.0000000000  0.0000000000
     0.4550000000     0.0741681899     3.2350538637  0.0000000000  0.0000000000
     0.4530000000     0.0738668936     3.2228234372  0.0000000000  0.0000000000
     0.4510000000     0.0735655375     3.2105860139  0.0000000000  0.0000000000
     0.4490000000     0.0732641212     3.1983415576  0.0000000000  0.0000000000
     0.4470000000     0.0729626441     3.1860900318  0.0000000000  0.0000000000
     0.4450000000     0.0726611059     3.1738313997  0.0000000000  0.0000000000
     0.4430000000     0.0723595058     3.1615656240  0.0000000000  0.0000000000
     0.4410000000     0.0720578436     3.1492926674  0.0000000000  0.0000000000
     0.4390000000     0.0717561186     3.1370124917  0.0000000000  0.0000000000
     0.4370000000     0.0714543302     3.1247250586  0.0000000000  0.0000000000
     0.4350000000     0.0711524781     3.1124303295  0.0000000000  0.0000000000
     0.4330000000     0.0708505616     3.1001282652  0.0000000000  0.0000000000
     0.4310000000     0.0705485801     3.0878188263  0.0000000000  0.0000000000
     0.4290000000     0.0702465332     3.0755019729  0.0000000000  0.0000000000
     0.4270000000     0.0699444203     3.0631776645  0.0000000000  0.0000000000
     0.4250000000     0.0696422408     3.0508458606  0.0000000000  0.0000000000
     0.4230000000     0.0693399941     3.0385065200  0.0000000000  0.0000000000
     0.4210000000     0.0690376796     3.0261596010  0.0000000000  0.0000000000
     0.4190000000     0.0687352969     3.0138050618  0.0000000000  0.0000000000
     0.4170000000     0.0684328452     3.0014428597  0.0000000000  0.0000000000
     0.4150000000     0.0681303240     2.9890729520  0.0000000000  0.0000000000
     0.4130000000     0.0678277327     2.9766952953  0.0000000000  0.0000000000
     0.4110000000     0.0675250706     2.9643098458  0.0000000000  0.0000000000
     0.4090000000     0.0672223371     2.9519165592  0.0000000000  0.0000000000
     0.4070000000     0.0669195317     2.9395153908  0.0000000000  0.0000000000
     0.4050000000     0.0666166536     2.9271062952  0.0000000000  0.0000000000
     0.4030000000     0.0663137022     2.9146892268  0.0000000000  0.0000000000
     0.4010000000     0.0660106769     2.9022641393  0.0000000000  0.0000000000
     0.3990000000     0.0657075770     2.8898309860  0.0000000000  0.0000000000
     0.3970000000     0.0654044018     2.8773897197  0.0000000000  0.0000000000
     0.3950000000     0.0651011507     2.8649402925  0.0000000000  0.0000000000
     0.3930000000     0.0647978229     2.8524826561  0.0000000000  0.0000000000
     0.3910000000     0.0644944177     2.8400167618  0.0000000000  0.0000000000
     0.3890000000     0.0641909346     2.8275425600  0.0000000000  0.0000000000
     0.3870000000     0.0638873726     2.8150600009  0.0000000000  0.0000000000
     0.3850000000     0.0635837312     2.8025690338  0.0000000000  0.0000000000
     0.3830000000     0.0632800095     2.7900696078  0.0000000000  0.0000000000
     0.3810000000     0.0629762069     2.7775616710  0.0000000000  0.0000000000
     0.3790000000     0.0626723225     2.7650451712  0.0000000000  0.0000000000
     0.3770000000     0.0623683557     2.7525200554  0.0000000000  0.0000000000
     0.3750000000     0.0620643055     2.7399862703  0.0000000000  0.0000000000
     0.3730000000     0.0617601714     2.7274437615  0.0000000000  0.0000000000
     0.3710000000     0.0614559523     2.7148924744  0.0000000000  0.0000000000
     0.3690000000     0.0611516477     2.7023323534  0.0000000000  0.0000000000
     0.3670000000     0.0608472565     2.6897633425  0.0000000000  0.0000000000
     0.3650000000     0.0605427781     2.6771853849  0.0000000000  0.0000000000
     0.3630000000     0.0602382114     2.6645984231  0.0000000000  0.0000000000
     0.3610000000     0.0599335558     2.6520023990  0.0000000000  0.0000000000
     0.3590000000     0.0596288104     2.6393972536  0.0000000000  0.0000000000
     0.3570000000     0.0593239742     2.6267829275  0.0000000000  0.0000000000
     0.3550000000     0.0590190464     2.6141593602  0.0000000000  0.0000000000
     0.3530000000     0.0587140260     2.6015264906  0.0000000000  0.0000000000
     0.3510000000     0.0584089122     2.5888842570  0.0000000000  0.0000000000
     0.3490000000     0.0581037040     2.5762325967  0.0000000000  0.0000000000
     0.3470000000     0.0577984005     2.5635714463  0.0000000000  0.0000000000
     0.3450000000     0.0574930008     2.5509007415  0.0000000000  0.0000000000
     0.3430000000     0.0571875038     2.5382204173  0.0000000000  0.0000000000
     0.3410000000     0.0568819085     2.5255304078  0.0000000000  0.0000000000
     0.3390000000     0.0565762141     2.5128306464  0.0000000000  0.0000000000
     0.3370000000     0.0562704194     2.5001210653  0.0000000000  0.0000000000
     0.3350000000     0.0559645235     2.4874015961  0.0000000000  0.0000000000
     0.3330000000     0.0556585252     2.4746721694  0.0000000000  0.0000000000
     0.3310000000     0.0553524236     2.4619327148  0.0000000000  0.0000000000
     0.3290000000     0.0550462176     2.4491831612  0.0000000000  0.0000000000
     0.3270000000     0.0547399061     2.4364234363  0.0000000000  0.0000000000
     0.3250000000     0.0544334879     2.4236534669  0.0000000000  0.0000000000
     0.3230000000     0.0541269619     2.4108731789  0.0000000000  0.0000000000
     0.3210000000     0.0538203271     2.3980824970  0.0000000000  0.0000000000
     0.3190000000     0.0535135822     2.3852813450  0.0000000000  0.0000000000
     0.3170000000     0.0532067260     2.3724696456  0.0000000000  0.0000000000
     0.3150000000     0.0528997574     2.3596473205  0.0000000000  0.0000000000
     0.3130000000     0.0525926752     2.3468142901  0.0000000000  0.0000000000
     0.3110000000     0.0522854780     2.3339704739  0.0000000000  0.0000000000
     0.3090000000     0.0519781648     2.3211157901  0.0000000000  0.0000000000
     0.3070000000     0.0516707341     2.3082501559  0.0000000000  0.0000000000
     0.3050000000     0.0513631847     2.2953734871  0.0000000000  0.0000000000
     0.3030000000     0.0510555153     2.2824856984  0.0000000000  0.0000000000
     0.3010000000     0.0507477245     2.2695867032  0.0000000000  0.0000000000
     0.2990000000     0.0504398109     2.2566764137  0.0000000000  0.0000000000
     0.2970000000     0.0501317733     2.2437547407  0.0000000000  0.0000000000
     0.2950000000     0.0498236101     2.2308215937  0.0000000000  0.0000000000
     0.2930000000     0.0495153200     2.2178768810  0.0000000000  0.0000000000
     0.2910000000     0.0492069015     2.2049205093  0.0000000000  0.0000000000
     0.2890000000     0.0488983530     2.1919523839  0.0000000000  0.0000000000
     0.2870000000     0.0485896732     2.1789724088  0.0000000000  0.0000000000
     0.2850000000     0.0482808605     2.1659804864  0.0000000000  0.0000000000
     0.2830000000     0.0479719133     2.1529765175  0.0000000000  0.0000000000
     0.2810000000     0.0476628300     2.1399604016  0.0000000000  0.0000000000
     0.2790000000     0.0473536090     2.1269320364  0.0000000000  0.0000000000
     0.2770000000     0.0470442488     2.1138913180  0.0000000000  0.0000000000
     0.2750000000     0.0467347475     2.1008381410  0.0000000000  0.0000000000
     0.2730000000     0.0464251035     2.0877723980  0.0000000000  0.0000000000
     0.2710000000     0.0461153151     2.0746939802  0.0000000000  0.0000000000
     0.2690000000     0.0458053805     2.0616027767  0.0000000000  0.0000000000
     0.2670000000     0.0454952980     2.0484986750  0.0000000000  0.0000000000
     0.2650000000     0.0451850656     2.0353815607  0.0000000000  0.0000000000
     0.2630000000     0.0448746815     2.0222513174  0.0000000000  0.0000000000
     0.2610000000     0.0445641439     2.0091078267  0.0000000000  0.0000000000
     0.2590000000     0.0442534507     1.9959509683  0.0000000000  0.0000000000
     0.2570000000     0.0439426001     1.9827806198  0.0000000000  0.0000000000
     0.2550000000     0.0436315900     1.9695966567  0.0000000000  0.0000000000
     0.2530000000     0.0433204183     1.9563989522  0.0000000000  0.0000000000
     0.2510000000     0.0430090830     1.9431873775  0.0000000000  0.0000000000
     0.2490000000     0.0426975820     1.9299618014  0.0000000000  0.0000000000
     0.2470000000     0.0423859130     1.9167220903  0.0000000000  0.0000000000
     0.2450000000     0.0420740739     1.9034681083  0.0000000000  0.0000000000
     0.2430000000     0.0417620624     1.8901997169  0.0000000000  0.0000000000
     0.2410000000     0.0414498763     1.8769167753  0.0000000000  0.0000000000
     0.2390000000     0.0411375130     1.8636191398  0.0000000000  0.0000000000
     0.2370000000     0.0408249703     1.8503066642  0.0000000000  0.0000000000
     0.2350000000     0.0405122458     1.8369791997  0.0000000000  0.0000000000
     0.2330000000     0.0401993368     1.8236365943  0.0000000000  0.0000000000
     0.2310000000     0.0398862409     1.8102786935  0.0000000000  0.0000000000
     0.2290000000     0.0395729554     1.7969053395  0.0000000000  0.0000000000
     0.2270000000     0.0392594778     1.7835163716  0.0000000000  0.0000000000
     0.2250000000     0.0389458052     1.7701116260  0.0000000000  0.0000000000
     0.2230000000     0.0386319349     1.7566909355  0.0000000000  0.0000000000
     0.2210000000     0.0383178641     1.7432541296  0.0000000000  0.0000000000
     0.2190000000     0.0380035898     1.7298010345  0.0000000000  0.0000000000
     0.2170000000     0.0376891091     1.7163314727  0.0000000000  0.0000000000
     0.2150000000     0.0373744190     1.7028452631  0.0000000000  0.0000000000
     0.2130000000     0.0370595164     1.6893422208  0.0000000000  0.0000000000
     0.2110000000     0.0367443980     1.6758221573  0.0000000000  0.0000000000
     0.2090000000     0.0364290607     1.6622848796  0.0000000000  0.0000000000
     0.2070000000     0.0361135011     1.6487301912  0.0000000000  0.0000000000
     0.2050000000     0.0357977159     1.6351578908  0.0000000000  0.0000000000
     0.2030000000     0.0354817016     1.6215677731  0.0000000000  0.0000000000
     0.2010000000     0.0351654545     1.6079596282  0.0000000000  0.0000000000
     0.1990000000     0.0348489711     1.5943332413  0.0000000000  0.0000000000
     0.1970000000     0.0345322477     1.5806883931  0.0000000000  0.0000000000
     0.1950000000     0.0342152803     1.5670248592  0.0000000000  0.0000000000
     0.1930000000     0.0338980651     1.5533424101  0.0000000000  0.0000000000
     0.1910000000     0.0335805981     1.5396408108  0.0000000000  0.0000000000
     0.1890000000     0.0332628752     1.5259198211  0.0000000000  0.0000000000
     0.1870000000     0.0329448920     1.5121791948  0.0000000000  0.0000000000
     0.1850000000     0.0326266444     1.4984186802  0.0000000000  0.0000000000
     0.1830000000     0.0323081278     1.4846380191  0.0000000000  0.0000000000
     0.1810000000     0.0319893377     1.4708369472  0.0000000000  0.0000000000
     0.1790000000     0.0316702694     1.4570151938  0.0000000000  0.0000000000
     0.1770000000     0.0313509181     1.4431724812  0.0000000000  0.0000000000
     0.1750000000     0.0310312789     1.4293085260  0.0000000000  0.0000000000
     0.1730000000     0.0307113466     1.4154230337  0.0000000000  0.0000000000
     0.1710000000     0.0303911162     1.4015157063  0.0000000000  0.0000000000
     0.1690000000     0.0300705821     1.3875862363  0.0000000000  0.0000000000
     0.1670000000     0.0297497390     1.3736343083  0.0000000000  0.0000000000
     0.1650000000     0.0294285811     1.3596595983  0.0000000000  0.0000000000
     0.1630000000     0.0291071026     1.3456617736  0.0000000000  0.0000000000
     0.1610000000     0.0287852976     1.3316404923  0.0000000000  0.0000000000
     0.1590000000     0.0284631598     1.3175954030  0.0000000000  0.0000000000
     0.1570000000     0.0281406828     1.3035261444  0.0000000000  0.0000000000
     0.1550000000     0.0278178602     1.2894323448  0.0000000000  0.0000000000
     0.1530000000     0.0274946851     1.2753136218  0.0000000000  0.0000000000
     0.1510000000     0.0271711507     1.2611695818  0.0000000000  0.0000000000
     0.1490000000     0.0268472496     1.2469998195  0.0000000000  0.0000000000
     0.1470000000     0.0265229746     1.2328039172  0.0000000000  0.0000000000
     0.1450000000     0.0261983180     1.2185814447  0.0000000000  0.0000000000
     0.1430000000     0.0258732718     1.2043319583  0.0000000000  0.0000000000
     0.1410000000     0.0255478279     1.1900550004  0.0000000000  0.0000000000
     0.1390000000     0.0252219779     1.1757500988  0.0000000000  0.0000000000
     0.1370000000     0.0248957131     1.1614167660  0.0000000000  0.0000000000
     0.1350000000     0.0245690244     1.1470544986  0.0000000000  0.0000000000
     0.1330000000     0.0242419026     1.1326627762  0.0000000000  0.0000000000
     0.1310000000     0.0239143380     1.1182410609  0.0000000000  0.0000000000
     0.1290000000     0.0235863206     1.1037887964  0.0000000000  0.0000000000
     0.1270000000     0.0232578400     1.0893054069  0.0000000000  0.0000000000
     0.1250000000     0.0229288855     1.0747902961  0.0000000000  0.0000000000
     0.1230000000     0.0225994460     1.0602428464  0.0000000000  0.0000000000
     0.1210000000     0.0222695098     1.0456624173  0.0000000000  0.0000000000
     0.1190000000     0.0219390651     1.0310483446  0.0000000000  0.0000000000
     0.1170000000     0.0216080993     1.0163999388  0.0000000000  0.0000000000
     0.1150000000     0.0212765995     1.0017164839  0.0000000000  0.0000000000
     0.1130000000     0.0209445522     0.9869972358  0.0000000000  0.0000000000
     0.1110000000     0.0206119434     0.9722414205  0.0000000000  0.0000000000
     0.1090000000     0.0202787584     0.9574482327  0.0000000000  0.0000000000
     0.1070000000     0.0199449820     0.9426168336  0.0000000000  0.0000000000
     0.1050000000     0.0196105983     0.9277463490  0.0000000000  0.0000000000
     0.1030000000     0.0192755909     0.9128358670  0.0000000000  0.0000000000
     0.1010000000     0.0189399422     0.8978844356  0.0000000000  0.0000000000
     0.0990000000     0.0186036344     0.8828910603  0.0000000000  0.0000000000
     0.0970000000     0.0182666484     0.8678547010  0.0000000000  0.0000000000
     0.0950000000     0.0179289644     0.8527742690  0.0000000000  0.0000000000
     0.0930000000     0.0175905617     0.8376486238  0.0000000000  0.0000000000
     0.0910000000     0.0172514184     0.8224765692  0.0000000000  0.0000000000
     0.0890000000     0.0169115119     0.8072568493  0.0000000000  0.0000000000
     0.0870000000     0.0165708180     0.7919881444  0.0000000000  0.0000000000
     0.0850000000     0.0162293116     0.7766690659  0.0000000000  0.0000000000
     0.0830000000     0.0158869660     0.7612981508  0.0000000000  0.0000000000
     0.0810000000     0.0155437533     0.7458738564  0.0000000000  0.0000000000
     0.0790000000     0.0151996440     0.7303945531  0.0000000000  0.0000000000
     0.0770000000     0.0148546068     0.7148585178  0.0000000000  0.0000000000
     0.0750000000     0.0145086087     0.6992639253  0.0000000000  0.0000000000
     0.0730000000     0.0141616148     0.6836088399  0.0000000000  0.0000000000
     0.0710000000     0.0138135881     0.6678912052  0.0000000000  0.0000000000
     0.0690000000     0.0134644893     0.6521088326  0.0000000000  0.0000000000
     0.0670000000     0.0131142765     0.6362593892  0.0000000000  0.0000000000
     0.0650000000     0.0127629052     0.6203403833  0.0000000000  0.0000000000
     0.0630000000     0.0124103279     0.6043491481  0.0000000000  0.0000000000
     0.0610000000     0.0120564938     0.5882828241  0.0000000000  0.0000000000
     0.0590000000     0.0117013487     0.5721383371  0.0000000000  0.0000000000
     0.0570000000     0.0113448342     0.5559123753  0.0000000000  0.0000000000
     0.0550000000     0.0109868878     0.5396013611  0.0000000000  0.0000000000
     0.0530000000     0.0106274420     0.5232014194  0.0000000000  0.0000000000
     0.0510000000     0.0102664239     0.5067083404  0.0000000000  0.0000000000
     0.0490000000     0.0099037549     0.4901175364  0.0000000000  0.0000000000
     0.0470000000     0.0095393495     0.4734239906  0.0000000000  0.0000000000
     0.0450000000     0.0091731147     0.4566221966  0.0000000000  0.0000000000
     0.0430000000     0.0088049492     0.4397060870  0.0000000000  0.0000000000
     0.0410000000     0.0084347419     0.4226689463  0.0000000000  0.0000000000
     0.0390000000     0.0080623710     0.4055033066  0.0000000000  0.0000000000
     0.0370000000     0.0076877022     0.3882008194  0.0000000000  0.0000000000
     0.0350000000     0.0073105868     0.3707520986  0.0000000000  0.0000000000
     0.0330000000     0.0069308595     0.3531465228  0.0000000000  0.0000000000
     0.0310000000     0.0065483361     0.3353719879  0.0000000000  0.0000000000
     0.0290000000     0.0061628095     0.3174145890  0.0000000000  0.0000000000
     0.0270000000     0.0057740461     0.2992582077  0.0000000000  0.0000000000
     0.0250000000     0.0053817810     0.2808839676  0.0000000000  0.0000000000
     0.0230000000     0.0049857113     0.2622695004  0.0000000000  0.0000000000
     0.0210000000     0.0045854882     0.2433879335  0.0000000000  0.0000000000
     0.0190000000     0.0041807075     0.2242064617  0.0000000000  0.0000000000
     0.0170000000     0.0037708959     0.2046842620  0.0000000000  0.0000000000
     0.0150000000     0.0033554950     0.1847693386  0.0000000000  0.0000000000
     0.0130000000     0.0029338394     0.1643935289  0.0000000000  0.0000000000
     0.0110000000     0.0025051304     0.1434641345  0.0000000000  0.0000000000
     0.0090000000     0.0020684060     0.1218488275  0.0000000000  0.0000000000
     0.0070000000     0.0016225219     0.0993455720  0.0000000000  0.0000000000
     0.0050000000     0.0011662066     0.0756133770  0.0000000000  0.0000000000
     0.0030000000     0.0006985433     0.0499708282  0.0000000000  0.0000000000
     0.0010000000     0.0002228786     0.0204371096  0.0000000000  0.0000000000
