   311.00099999999998     
   2.5000000000000000              502
  1563.5010000000   510.5597981326  2192.8993316481  0.0000000000  1.0000000000
  1561.0010000000   509.7348328138  2190.2555614099  0.0000000000  1.0000000000
  1558.5010000000   508.9098739089  2187.6107367782  0.0000000000  1.0000000000
  1556.0010000000   508.0849222504  2184.9648582641  0.0000000000  1.0000000000
  1553.5010000000   507.2599773783  2182.3179222275  0.0000000000  1.0000000000
  1551.0010000000   506.4350388472  2179.6699250648  0.0000000000  1.0000000000
  1548.5010000000   505.6101075240  2177.0208673770  0.0000000000  1.0000000000
  1546.0010000000   504.7851823401  2174.3707435420  0.0000000000  1.0000000000
  1543.5010000000   503.9602648332  2171.7195563029  0.0000000000  1.0000000000
  1541.0010000000   503.1353539608  2169.0673001044  0.0000000000  1.0000000000
  1538.5010000000   502.3104499891  2166.4139735888  0.0000000000  1.0000000000
  1536.0010000000   501.4855519065  2163.7595712781  0.0000000000  1.0000000000
  1533.5010000000   500.6606612952  2161.1040960327  0.0000000000  1.0000000000
  1531.0010000000   499.8357778127  2158.4475445137  0.0000000000  1.0000000000
  1528.5010000000   499.0109011313  2155.7899134193  0.0000000000  1.0000000000
  1526.0010000000   498.1860309378  2153.1311994845  0.0000000000  1.0000000000
  1523.5010000000   497.3611682157  2150.4714036159  0.0000000000  1.0000000000
  1521.0010000000   496.5363120361  2147.8105205474  0.0000000000  1.0000000000
  1518.5010000000   495.7114634062  2145.1485512481  0.0000000000  1.0000000000
  1516.0010000000   494.8866214258  2142.4854905247  0.0000000000  1.0000000000
  1513.5010000000   494.0617864879  2139.8213373488  0.0000000000  1.0000000000
  1511.0010000000   493.2369583603  2137.1560886638  0.0000000000  1.0000000000
  1508.5010000000   492.4121374612  2134.4897435075  0.0000000000  1.0000000000
  1506.0010000000   491.5873235854  2131.8222988932  0.0000000000  1.0000000000
  1503.5010000000   490.7625165418  2129.1537518717  0.0000000000  1.0000000000
  1501.0010000000   489.9377167883  2126.4841015830  0.0000000000  1.0000000000
  1498.5010000000   489.1129247937  2123.8133471980  0.0000000000  1.0000000000
  1496.0010000000   488.2881391423  2121.1414817734  0.0000000000  1.0000000000
  1493.5010000000   487.4633603331  2118.4685045573  0.0000000000  1.0000000000
  1491.0010000000   486.6385895073  2115.7944168732  0.0000000000  1.0000000000
  1488.5010000000   485.8138259252  2113.1192139395  0.0000000000  1.0000000000
  1486.0010000000   484.9890688648  2110.4428910193  0.0000000000  1.0000000000
  1483.5010000000   484.1643188781  2107.7654474997  0.0000000000  1.0000000000
  1481.0010000000   483.3395765290  2105.0868827990  0.0000000000  1.0000000000
  1478.5010000000   482.5148417660  2102.4071943304  0.0000000000  1.0000000000
  1476.0010000000   481.6901139264  2099.7263775104  0.0000000000  1.0000000000
  1473.5010000000   480.8653936155  2097.0444318664  0.0000000000  1.0000000000
  1471.0010000000   480.0406802017  2094.3613528947  0.0000000000  1.0000000000
  1468.5010000000   479.2159749412  2091.6771422247  0.0000000000  1.0000000000
  1466.0010000000   478.3912759857  2088.9917913721  0.0000000000  1.0000000000
  1463.5010000000   477.5665852419  2086.3053040672  0.0000000000  1.0000000000
  1461.0010000000   476.7419008955  2083.6176719127  0.0000000000  1.0000000000
  1458.5010000000   475.9172248775  2080.9288987050  0.0000000000  1.0000000000
  1456.0010000000   475.0925554080  2078.2389761343  0.0000000000  1.0000000000
  1453.5010000000   474.2678944424  2075.5479080635  0.0000000000  1.0000000000
  1451.0010000000   473.4432402349  2072.8556862700  0.0000000000  1.0000000000
  1448.5010000000   472.6185935315  2070.1623106526  0.0000000000  1.0000000000
  1446.0010000000   471.7939544737  2067.4677791280  0.0000000000  1.0000000000
  1443.5010000000   470.9693226021  2064.7720876397  0.0000000000  1.0000000000
  1441.0010000000   470.1446993191  2062.0752382076  0.0000000000  1.0000000000
  1438.5010000000   469.3200829664  2059.3772228338  0.0000000000  1.0000000000
  1436.0010000000   468.4954737487  2056.6780396007  0.0000000000  1.0000000000
  1433.5010000000   467.6708724978  2053.9776886345  0.0000000000  1.0000000000
  1431.0010000000   466.8462788341  2051.2761660867  0.0000000000  1.0000000000
  1428.5010000000   466.0216923957  2048.5734681551  0.0000000000  1.0000000000
  1426.0010000000   465.1971146681  2045.8695970827  0.0000000000  1.0000000000
  1423.5010000000   464.3725441001  2043.1645451474  0.0000000000  1.0000000000
  1421.0010000000   463.5479803812  2040.4583086801  0.0000000000  1.0000000000
  1418.5010000000   462.7234256479  2037.7508920359  0.0000000000  1.0000000000
  1416.0010000000   461.8988777963  2035.0422856386  0.0000000000  1.0000000000
  1413.5010000000   461.0743377784  2032.3324899348  0.0000000000  1.0000000000
  1411.0010000000   460.2498059527  2029.6215034139  0.0000000000  1.0000000000
  1408.5010000000   459.4252820884  2026.9093226176  0.0000000000  1.0000000000
  1406.0010000000   458.6007659725  2024.1959441338  0.0000000000  1.0000000000
  1403.5010000000   457.7762574099  2021.4813645974  0.0000000000  1.0000000000
  1401.0010000000   456.9517562233  2018.7655806895  0.0000000000  1.0000000000
  1398.5010000000   456.1272634550  2016.0485930992  0.0000000000  1.0000000000
  1396.0010000000   455.3027789587  2013.3303985908  0.0000000000  1.0000000000
  1393.5010000000   454.4783014074  2010.6109900216  0.0000000000  1.0000000000
  1391.0010000000   453.6538330890  2007.8903721608  0.0000000000  1.0000000000
  1388.5010000000   452.8293715156  2005.1685340096  0.0000000000  1.0000000000
  1386.0010000000   452.0049190043  2002.4454804168  0.0000000000  1.0000000000
  1383.5010000000   451.1804737053  1999.7212024619  0.0000000000  1.0000000000
  1381.0010000000   450.3560367722  1996.9957011325  0.0000000000  1.0000000000
  1378.5010000000   449.5316075871  1994.2689715508  0.0000000000  1.0000000000
  1376.0010000000   448.7071873337  1991.5410147867  0.0000000000  1.0000000000
  1373.5010000000   447.8827742435  1988.8118221301  0.0000000000  1.0000000000
  1371.0010000000   447.0583695350  1986.0813947437  0.0000000000  1.0000000000
  1368.5010000000   446.2339732562  1983.3497299056  0.0000000000  1.0000000000
  1366.0010000000   445.4095848824  1980.6168229842  0.0000000000  1.0000000000
  1363.5010000000   444.5852050892  1977.8826733135  0.0000000000  1.0000000000
  1361.0010000000   443.7608328007  1975.1472744072  0.0000000000  1.0000000000
  1358.5010000000   442.9364693168  1972.4106276485  0.0000000000  1.0000000000
  1356.0010000000   442.1121136007  1969.6727266538  0.0000000000  1.0000000000
  1353.5010000000   441.2877669846  1966.9335728949  0.0000000000  1.0000000000
  1351.0010000000   440.4634278855  1964.1931581450  0.0000000000  1.0000000000
  1348.5010000000   439.6390970861  1961.4514820254  0.0000000000  1.0000000000
  1346.0010000000   438.8147747999  1958.7085422555  0.0000000000  1.0000000000
  1343.5010000000   437.9904612584  1955.9643366030  0.0000000000  1.0000000000
  1341.0010000000   437.1661555467  1953.2188590054  0.0000000000  1.0000000000
  1338.5010000000   436.3418585182  1950.4721092751  0.0000000000  1.0000000000
  1336.0010000000   435.5175704604  1947.7240853302  0.0000000000  1.0000000000
  1333.5010000000   434.6932905193  1944.9747812696  0.0000000000  1.0000000000
  1331.0010000000   433.8690190233  1942.2241951193  0.0000000000  1.0000000000
  1328.5010000000   433.0447557402  1939.4723230236  0.0000000000  1.0000000000
  1326.0010000000   432.2205010364  1936.7191631113  0.0000000000  1.0000000000
  1323.5010000000   431.3962552962  1933.9647135598  0.0000000000  1.0000000000
  1321.0010000000   430.5720177705  1931.2089687461  0.0000000000  1.0000000000
  1318.5010000000   429.7477894589  1928.4519288790  0.0000000000  1.0000000000
  1316.0010000000   428.9235685061  1925.6935846040  0.0000000000  1.0000000000
  1313.5010000000   428.0993576724  1922.9339419988  0.0000000000  1.0000000000
  1311.0010000000   427.2751545725  1920.1729899038  0.0000000000  1.0000000000
  1308.5010000000   426.4509608553  1917.4107306549  0.0000000000  1.0000000000
  1306.0010000000   425.6267753282  1914.6471570534  0.0000000000  1.0000000000
  1303.5010000000   424.8025985356  1911.8822677079  0.0000000000  1.0000000000
  1301.0010000000   423.9784310395  1909.1160612765  0.0000000000  1.0000000000
  1298.5010000000   423.1542722838  1906.3485326500  0.0000000000  1.0000000000
  1296.0010000000   422.3301217368  1903.5796767837  0.0000000000  1.0000000000
  1293.5010000000   421.5059805904  1900.8094944111  0.0000000000  1.0000000000
  1291.0010000000   420.6818483545  1898.0379805997  0.0000000000  1.0000000000
  1288.5010000000   419.8577245632  1895.2651304814  0.0000000000  1.0000000000
  1286.0010000000   419.0336099030  1892.4909430513  0.0000000000  1.0000000000
  1283.5010000000   418.2095045153  1889.7154154567  0.0000000000  1.0000000000
  1281.0010000000   417.3854080001  1886.9385430076  0.0000000000  1.0000000000
  1278.5010000000   416.5613199818  1884.1603210783  0.0000000000  1.0000000000
  1276.0010000000   415.7372417916  1881.3807507836  0.0000000000  1.0000000000
  1273.5010000000   414.9131725356  1878.5998257216  0.0000000000  1.0000000000
  1271.0010000000   414.0891124656  1875.8175433392  0.0000000000  1.0000000000
  1268.5010000000   413.2650607384  1873.0338973688  0.0000000000  1.0000000000
  1266.0010000000   412.4410187679  1870.2488891526  0.0000000000  1.0000000000
  1263.5010000000   411.6169857564  1867.4625125466  0.0000000000  1.0000000000
  1261.0010000000   410.7929620454  1864.6747652407  0.0000000000  1.0000000000
  1258.5010000000   409.9689479975  1861.8856449831  0.0000000000  1.0000000000
  1256.0010000000   409.1449423342  1859.0951439502  0.0000000000  1.0000000000
  1253.5010000000   408.3209465745  1856.3032637733  0.0000000000  1.0000000000
  1251.0010000000   407.4969600420  1853.5099986356  0.0000000000  1.0000000000
  1248.5010000000   406.6729826398  1850.7153446647  0.0000000000  1.0000000000
  1246.0010000000   405.8490148463  1847.9192999238  0.0000000000  1.0000000000
  1243.5010000000   405.0250560609  1845.1218588002  0.0000000000  1.0000000000
  1241.0010000000   404.2011073583  1842.3230213514  0.0000000000  1.0000000000
  1238.5010000000   403.3771676380  1839.5227802319  0.0000000000  1.0000000000
  1236.0010000000   402.5532380202  1836.7211356251  0.0000000000  1.0000000000
  1233.5010000000   401.7293174565  1833.9180803261  0.0000000000  1.0000000000
  1231.0010000000   400.9054060214  1831.1136109282  0.0000000000  1.0000000000
  1228.5010000000   400.0815049032  1828.3077278038  0.0000000000  1.0000000000
  1226.0010000000   399.2576125882  1825.5004221058  0.0000000000  1.0000000000
  1223.5010000000   398.4337303130  1822.6916943389  0.0000000000  1.0000000000
  1221.0010000000   397.6098577048  1819.8815395084  0.0000000000  1.0000000000
  1218.5010000000   396.7859949603  1817.0699545431  0.0000000000  1.0000000000
  1216.0010000000   395.9621417598  1814.2569345926  0.0000000000  1.0000000000
  1213.5010000000   395.1382983514  1811.4424767262  0.0000000000  1.0000000000
  1211.0010000000   394.3144644685  1808.6265762382  0.0000000000  1.0000000000
  1208.5010000000   393.4906409489  1805.8092321801  0.0000000000  1.0000000000
  1206.0010000000   392.6668270392  1802.9904381465  0.0000000000  1.0000000000
  1203.5010000000   391.8430225539  1800.1701896524  0.0000000000  1.0000000000
  1201.0010000000   391.0192289421  1797.3484877941  0.0000000000  1.0000000000
  1198.5010000000   390.1954444619  1794.5253227211  0.0000000000  1.0000000000
  1196.0010000000   389.3716700791  1791.7006938385  0.0000000000  1.0000000000
  1193.5010000000   388.5479057142  1788.8745969537  0.0000000000  1.0000000000
  1191.0010000000   387.7241513157  1786.0470279497  0.0000000000  1.0000000000
  1188.5010000000   386.9004073913  1783.2179846119  0.0000000000  1.0000000000
  1186.0010000000   386.0766734120  1780.3874611468  0.0000000000  1.0000000000
  1183.5010000000   385.2529494094  1777.5554536670  0.0000000000  1.0000000000
  1181.0010000000   384.4292349145  1774.7219565420  0.0000000000  1.0000000000
  1178.5010000000   383.6055316015  1771.8869714975  0.0000000000  1.0000000000
  1176.0010000000   382.7818379989  1769.0504894168  0.0000000000  1.0000000000
  1173.5010000000   381.9581547788  1766.2125085401  0.0000000000  1.0000000000
  1171.0010000000   381.1344821121  1763.3730253645  0.0000000000  1.0000000000
  1168.5010000000   380.3108196728  1760.5320346545  0.0000000000  1.0000000000
  1166.0010000000   379.4871671662  1757.6895312596  0.0000000000  1.0000000000
  1163.5010000000   378.6635253748  1754.8455137274  0.0000000000  1.0000000000
  1161.0010000000   377.8398940610  1751.9999770667  0.0000000000  1.0000000000
  1158.5010000000   377.0162730187  1749.1529163717  0.0000000000  1.0000000000
  1156.0010000000   376.1926625932  1746.3043286229  0.0000000000  1.0000000000
  1153.5010000000   375.3690626382  1743.4542090806  0.0000000000  1.0000000000
  1151.0010000000   374.5454730385  1740.6025530908  0.0000000000  1.0000000000
  1148.5010000000   373.7218942279  1737.7493578804  0.0000000000  1.0000000000
  1146.0010000000   372.8983261512  1734.8946189622  0.0000000000  1.0000000000
  1143.5010000000   372.0747682679  1732.0383301445  0.0000000000  1.0000000000
  1141.0010000000   371.2512216185  1729.1804906966  0.0000000000  1.0000000000
  1138.5010000000   370.4276852095  1726.3210928114  0.0000000000  1.0000000000
  1136.0010000000   369.6041601404  1723.4601359239  0.0000000000  1.0000000000
  1133.5010000000   368.7806454836  1720.5976124087  0.0000000000  1.0000000000
  1131.0010000000   367.9571413735  1717.7335183054  0.0000000000  1.0000000000
  1128.5010000000   367.1336489979  1714.8678532987  0.0000000000  1.0000000000
  1126.0010000000   366.3101665076  1712.0006064829  0.0000000000  1.0000000000
  1123.5010000000   365.4866961732  1709.1317812719  0.0000000000  1.0000000000
  1121.0010000000   364.6632357062  1706.2613651783  0.0000000000  1.0000000000
  1118.5010000000   363.8397864200  1703.3893582396  0.0000000000  1.0000000000
  1116.0010000000   363.0163491456  1700.5157587963  0.0000000000  1.0000000000
  1113.5010000000   362.1929222119  1697.6405564340  0.0000000000  1.0000000000
  1111.0010000000   361.3695060131  1694.7637479186  0.0000000000  1.0000000000
  1108.5010000000   360.5461014790  1691.8853318679  0.0000000000  1.0000000000
  1106.0010000000   359.7227080569  1689.0053016968  0.0000000000  1.0000000000
  1103.5010000000   358.8993257345  1686.1236526844  0.0000000000  1.0000000000
  1101.0010000000   358.0759550360  1683.2403819636  0.0000000000  1.0000000000
  1098.5010000000   357.2525955152  1680.3554832463  0.0000000000  1.0000000000
  1096.0010000000   356.4292472637  1677.4689521030  0.0000000000  1.0000000000
  1093.5010000000   355.6059109069  1674.5807859527  0.0000000000  1.0000000000
  1091.0010000000   354.7825851086  1671.6909753074  0.0000000000  1.0000000000
  1088.5010000000   353.9592715615  1668.7995212839  0.0000000000  1.0000000000
  1086.0010000000   353.1359690038  1665.9064146021  0.0000000000  1.0000000000
  1083.5010000000   352.3126782010  1663.0116530767  0.0000000000  1.0000000000
  1081.0010000000   351.4893989602  1660.1152311305  0.0000000000  1.0000000000
  1078.5010000000   350.6661311269  1657.2171432928  0.0000000000  1.0000000000
  1076.0010000000   349.8428750773  1654.3173859368  0.0000000000  1.0000000000
  1073.5010000000   349.0196312224  1651.4159555346  0.0000000000  1.0000000000
  1071.0010000000   348.1963985339  1648.5128434582  0.0000000000  1.0000000000
  1068.5010000000   347.3731779901  1645.6080481272  0.0000000000  1.0000000000
  1066.0010000000   346.5499691319  1642.7015628655  0.0000000000  1.0000000000
  1063.5010000000   345.7267725190  1639.7933845669  0.0000000000  1.0000000000
  1061.0010000000   344.9035872823  1636.8835050500  0.0000000000  1.0000000000
  1058.5010000000   344.0804140584  1633.9719214265  0.0000000000  1.0000000000
  1056.0010000000   343.2572530327  1631.0586291875  0.0000000000  1.0000000000
  1053.5010000000   342.4341039431  1628.1436222137  0.0000000000  1.0000000000
  1051.0010000000   341.6109670536  1625.2268962194  0.0000000000  1.0000000000
  1048.5010000000   340.7878426662  1622.3084470280  0.0000000000  1.0000000000
  1046.0010000000   339.9647296731  1619.3882654336  0.0000000000  1.0000000000
  1043.5010000000   339.1416294237  1616.4663509176  0.0000000000  1.0000000000
  1041.0010000000   338.3185413750  1613.5426962201  0.0000000000  1.0000000000
  1038.5010000000   337.4954655090  1610.6172959137  0.0000000000  1.0000000000
  1036.0010000000   336.6724023284  1607.6901463940  0.0000000000  1.0000000000
  1033.5010000000   335.8493509392  1604.7612390589  0.0000000000  1.0000000000
  1031.0010000000   335.0263124053  1601.8305722433  0.0000000000  1.0000000000
  1028.5010000000   334.2032863958  1598.8981392891  0.0000000000  1.0000000000
  1026.0010000000   333.3802726247  1595.9639336658  0.0000000000  1.0000000000
  1023.5010000000   332.5572718007  1593.0279523584  0.0000000000  1.0000000000
  1021.0010000000   331.7342832486  1590.0901873870  0.0000000000  1.0000000000
  1018.5010000000   330.9113077609  1587.1506359781  0.0000000000  1.0000000000
  1016.0010000000   330.0883447519  1584.2092904056  0.0000000000  1.0000000000
  1013.5010000000   329.2653941553  1581.2661447664  0.0000000000  1.0000000000
  1011.0010000000   328.4424573614  1578.3211983372  0.0000000000  1.0000000000
  1008.5010000000   327.6195325082  1575.3744387269  0.0000000000  1.0000000000
  1006.0010000000   326.7966206045  1572.4258637845  0.0000000000  1.0000000000
  1003.5010000000   325.9737222295  1569.4754697942  0.0000000000  1.0000000000
  1001.0010000000   325.1508366033  1566.5232481352  0.0000000000  1.0000000000
   998.5010000000   324.3279639299  1563.5691936801  0.0000000000  1.0000000000
   996.0010000000   323.5051044585  1560.6133014315  0.0000000000  1.0000000000
   993.5010000000   322.6822580189  1557.6555648534  0.0000000000  1.0000000000
   991.0010000000   321.8594249530  1554.6959792158  0.0000000000  1.0000000000
   988.5010000000   321.0366051850  1551.7345382547  0.0000000000  1.0000000000
   986.0010000000   320.2137982264  1548.7712341831  0.0000000000  1.0000000000
   983.5010000000   319.3910050225  1545.8060643440  0.0000000000  1.0000000000
   981.0010000000   318.5682251810  1542.8390212283  0.0000000000  1.0000000000
   978.5010000000   317.7454592791  1539.8701007884  0.0000000000  1.0000000000
   976.0010000000   316.9227061073  1536.8992924916  0.0000000000  1.0000000000
   973.5010000000   316.0999668008  1533.9265942327  0.0000000000  1.0000000000
   971.0010000000   315.2772411675  1530.9519990805  0.0000000000  1.0000000000
   968.5010000000   314.4545290672  1527.9755002538  0.0000000000  1.0000000000
   966.0010000000   313.6318308666  1524.9970927676  0.0000000000  1.0000000000
   963.5010000000   312.8091460735  1522.0167684913  0.0000000000  1.0000000000
   961.0010000000   311.9864756096  1519.0345243789  0.0000000000  1.0000000000
   958.5010000000   311.1638186342  1516.0503509603  0.0000000000  1.0000000000
   956.0010000000   310.3411757186  1513.0642438462  0.0000000000  1.0000000000
   953.5010000000   309.5185470326  1510.0761971552  0.0000000000  1.0000000000
   951.0010000000   308.6959318997  1507.0862018920  0.0000000000  1.0000000000
   948.5010000000   307.8733314959  1504.0942557546  0.0000000000  1.0000000000
   946.0010000000   307.0507448050  1501.1003484324  0.0000000000  1.0000000000
   943.5010000000   306.2281722132  1498.1044746738  0.0000000000  1.0000000000
   941.0010000000   305.4056141586  1495.1066293806  0.0000000000  1.0000000000
   938.5010000000   304.5830702422  1492.1068043633  0.0000000000  1.0000000000
   936.0010000000   303.7605410116  1489.1049948443  0.0000000000  1.0000000000
   933.5010000000   302.9380261808  1486.1011929642  0.0000000000  1.0000000000
   931.0010000000   302.1155255231  1483.0953910355  0.0000000000  1.0000000000
   928.5010000000   301.2930397529  1480.0875847705  0.0000000000  1.0000000000
   926.0010000000   300.4705683164  1477.0777652021  0.0000000000  1.0000000000
   923.5010000000   299.6481116011  1474.0659267637  0.0000000000  1.0000000000
   921.0010000000   298.8256696115  1471.0520624463  0.0000000000  1.0000000000
   918.5010000000   298.0032424117  1468.0361654143  0.0000000000  1.0000000000
   916.0010000000   297.1808301247  1465.0182290065  0.0000000000  1.0000000000
   913.5010000000   296.3584324972  1461.9982451355  0.0000000000  1.0000000000
   911.0010000000   295.5360506431  1458.9762106925  0.0000000000  1.0000000000
   908.5010000000   294.7136831247  1455.9521131495  0.0000000000  1.0000000000
   906.0010000000   293.8913307432  1452.9259481587  0.0000000000  1.0000000000
   903.5010000000   293.0689939232  1449.8977099481  0.0000000000  1.0000000000
   901.0010000000   292.2466718549  1446.8673881529  0.0000000000  1.0000000000
   898.5010000000   291.4243650894  1443.8349773739  0.0000000000  1.0000000000
   896.0010000000   290.6020742370  1440.8004723887  0.0000000000  1.0000000000
   893.5010000000   289.7797982533  1437.7638618206  0.0000000000  1.0000000000
   891.0010000000   288.9575378778  1434.7251408293  0.0000000000  1.0000000000
   888.5010000000   288.1352930560  1431.6843015954  0.0000000000  1.0000000000
   886.0010000000   287.3130637997  1428.6413364962  0.0000000000  1.0000000000
   883.5010000000   286.4908501871  1425.5962381056  0.0000000000  1.0000000000
   881.0010000000   285.6686527869  1422.5490007666  0.0000000000  1.0000000000
   878.5010000000   284.8464709613  1419.4996143022  0.0000000000  1.0000000000
   876.0010000000   284.0243045685  1416.4480703188  0.0000000000  1.0000000000
   873.5010000000   283.2021548003  1413.3943653254  0.0000000000  1.0000000000
   871.0010000000   282.3800203858  1410.3384866350  0.0000000000  1.0000000000
   868.5010000000   281.5579026516  1407.2804311595  0.0000000000  1.0000000000
   866.0010000000   280.7358004723  1404.2201866427  0.0000000000  1.0000000000
   863.5010000000   279.9137148914  1401.1577488449  0.0000000000  1.0000000000
   861.0010000000   279.0916457653  1398.0931090570  0.0000000000  1.0000000000
   858.5010000000   278.2695926084  1395.0262572370  0.0000000000  1.0000000000
   856.0010000000   277.4475562566  1391.9571882202  0.0000000000  1.0000000000
   853.5010000000   276.6255359569  1388.8858908555  0.0000000000  1.0000000000
   851.0010000000   275.8035326892  1385.8123604098  0.0000000000  1.0000000000
   848.5010000000   274.9815458513  1382.7365861830  0.0000000000  1.0000000000
   846.0010000000   274.1595757446  1379.6585607954  0.0000000000  1.0000000000
   843.5010000000   273.3376227440  1376.5782770896  0.0000000000  1.0000000000
   841.0010000000   272.5156864794  1373.4957250593  0.0000000000  1.0000000000
   838.5010000000   271.6937666620  1370.4108949398  0.0000000000  1.0000000000
   836.0010000000   270.8718643062  1367.3237818018  0.0000000000  1.0000000000
   833.5010000000   270.0499792769  1364.2343763448  0.0000000000  1.0000000000
   831.0010000000   269.2281111144  1361.1426679846  0.0000000000  1.0000000000
   828.5010000000   268.4062602528  1358.0486494384  0.0000000000  1.0000000000
   826.0010000000   267.5844268003  1354.9523121366  0.0000000000  1.0000000000
   823.5010000000   266.7626105429  1351.8536462347  0.0000000000  1.0000000000
   821.0010000000   265.9408117533  1348.7526436601  0.0000000000  1.0000000000
   818.5010000000   265.1190307853  1345.6492965864  0.0000000000  1.0000000000
   816.0010000000   264.2972676737  1342.5435959208  0.0000000000  1.0000000000
   813.5010000000   263.4755221386  1339.4355313163  0.0000000000  1.0000000000
   811.0010000000   262.6537943870  1336.3250942007  0.0000000000  1.0000000000
   808.5010000000   261.8320843133  1333.2122747532  0.0000000000  1.0000000000
   806.0010000000   261.0103922964  1330.0970649241  0.0000000000  1.0000000000
   803.5010000000   260.1887184049  1326.9794554216  0.0000000000  1.0000000000
   801.0010000000   259.3670627956  1323.8594372224  0.0000000000  1.0000000000
   798.5010000000   258.5454253199  1320.7370000763  0.0000000000  1.0000000000
   796.0010000000   257.7238063145  1317.6121355067  0.0000000000  1.0000000000
   793.5010000000   256.9022058123  1314.4848338158  0.0000000000  1.0000000000
   791.0010000000   256.0806231570  1311.3550826081  0.0000000000  1.0000000000
   788.5010000000   255.2590597412  1308.2228772231  0.0000000000  1.0000000000
   786.0010000000   254.4375147048  1305.0882043465  0.0000000000  1.0000000000
   783.5010000000   253.6159884550  1301.9510554219  0.0000000000  1.0000000000
   781.0010000000   252.7944811040  1298.8114206966  0.0000000000  1.0000000000
   778.5010000000   251.9729928601  1295.6692907113  0.0000000000  1.0000000000
   776.0010000000   251.1515232568  1292.5246533511  0.0000000000  1.0000000000
   773.5010000000   250.3300730838  1289.3775012334  0.0000000000  1.0000000000
   771.0010000000   249.5086420732  1286.2278228508  0.0000000000  1.0000000000
   768.5010000000   248.6872304424  1283.0756084796  0.0000000000  1.0000000000
   766.0010000000   247.8658381272  1279.9208472374  0.0000000000  1.0000000000
   763.5010000000   247.0444655473  1276.7635300221  0.0000000000  1.0000000000
   761.0010000000   246.2231120832  1273.6036436576  0.0000000000  1.0000000000
   758.5010000000   245.4017787408  1270.4411811397  0.0000000000  1.0000000000
   756.0010000000   244.5804651110  1267.2761299404  0.0000000000  1.0000000000
   753.5010000000   243.7591712725  1264.1084793249  0.0000000000  1.0000000000
   751.0010000000   242.9378974110  1260.9382188894  0.0000000000  1.0000000000
   748.5010000000   242.1166438194  1257.7653385618  0.0000000000  1.0000000000
   746.0010000000   241.2954101497  1254.5898257100  0.0000000000  1.0000000000
   743.5010000000   240.4741969147  1251.4116709423  0.0000000000  1.0000000000
   741.0010000000   239.6530039902  1248.2308623185  0.0000000000  1.0000000000
   738.5010000000   238.8318317378  1245.0473896922  0.0000000000  1.0000000000
   736.0010000000   238.0106798896  1241.8612403893  0.0000000000  1.0000000000
   733.5010000000   237.1895490347  1238.6724049704  0.0000000000  1.0000000000
   731.0010000000   236.3684387682  1235.4808700484  0.0000000000  1.0000000000
   728.5010000000   235.5473495421  1232.2866254728  0.0000000000  1.0000000000
   726.0010000000   234.7262811906  1229.0896585987  0.0000000000  1.0000000000
   723.5010000000   233.9052340353  1225.8899585853  0.0000000000  1.0000000000
   721.0010000000   233.0842081519  1222.6875135410  0.0000000000  1.0000000000
   718.5010000000   232.2632033751  1219.4823105367  0.0000000000  1.0000000000
   716.0010000000   231.4422203903  1216.2743398699  0.0000000000  1.0000000000
   713.5010000000   230.6212589171  1213.0635879687  0.0000000000  1.0000000000
   711.0010000000   229.8003191655  1209.8500430779  0.0000000000  1.0000000000
   708.5010000000   228.9794011118  1206.6336924286  0.0000000000  1.0000000000
   706.0010000000   228.1585052211  1203.4145250662  0.0000000000  1.0000000000
   703.5010000000   227.3376313690  1200.1925276247  0.0000000000  1.0000000000
   701.0010000000   226.5167795648  1196.9676871573  0.0000000000  1.0000000000
   698.5010000000   225.6959499517  1193.7399911376  0.0000000000  1.0000000000
   696.0010000000   224.8751428066  1190.5094274604  0.0000000000  1.0000000000
   693.5010000000   224.0543578324  1187.2759816541  0.0000000000  1.0000000000
   691.0010000000   223.2335959320  1184.0396438670  0.0000000000  1.0000000000
   688.5010000000   222.4128567306  1180.8003991042  0.0000000000  1.0000000000
   686.0010000000   221.5921403498  1177.5582342140  0.0000000000  1.0000000000
   683.5010000000   220.7714470522  1174.3131364924  0.0000000000  1.0000000000
   681.0010000000   219.9507768931  1171.0650923022  0.0000000000  1.0000000000
   678.5010000000   219.1301297251  1167.8140870868  0.0000000000  1.0000000000
   676.0010000000   218.3095062440  1164.5601095151  0.0000000000  1.0000000000
   673.5010000000   217.4889062485  1161.3031445858  0.0000000000  1.0000000000
   671.0010000000   216.6683300359  1158.0431791535  0.0000000000  1.0000000000
   668.5010000000   215.8477773640  1154.7801978102  0.0000000000  1.0000000000
   666.0010000000   215.0272484907  1151.5141870122  0.0000000000  1.0000000000
   663.5010000000   214.2067441692  1148.2451350682  0.0000000000  1.0000000000
   661.0010000000   213.3862635959  1144.9730239594  0.0000000000  1.0000000000
   658.5010000000   212.5658074964  1141.6978416353  0.0000000000  1.0000000000
   656.0010000000   211.7453757317  1138.4195724692  0.0000000000  1.0000000000
   653.5010000000   210.9249690040  1135.1382040673  0.0000000000  1.0000000000
   651.0010000000   210.1045868233  1131.8537191376  0.0000000000  1.0000000000
   648.5010000000   209.2842292083  1128.5661022855  0.0000000000  1.0000000000
   646.0010000000   208.4638970170  1125.2753413488  0.0000000000  1.0000000000
   643.5010000000   207.6435899307  1121.9814193132  0.0000000000  1.0000000000
   641.0010000000   206.8233081406  1118.6843210695  0.0000000000  1.0000000000
   638.5010000000   206.0030516779  1115.3840307260  0.0000000000  1.0000000000
   636.0010000000   205.1828210819  1112.0805342944  0.0000000000  1.0000000000
   633.5010000000   204.3626160727  1108.7738143467  0.0000000000  1.0000000000
   631.0010000000   203.5424372139  1105.4638567078  0.0000000000  1.0000000000
   628.5010000000   202.7222842600  1102.1506437927  0.0000000000  1.0000000000
   626.0010000000   201.9021574815  1098.8341599476  0.0000000000  1.0000000000
   623.5010000000   201.0820573327  1095.5143901165  0.0000000000  1.0000000000
   621.0010000000   200.2619838017  1092.1913172037  0.0000000000  1.0000000000
   618.5010000000   199.4419367440  1088.8649234189  0.0000000000  1.0000000000
   616.0010000000   198.6219165349  1085.5351929213  0.0000000000  1.0000000000
   613.5010000000   197.8019234192  1082.2021091848  0.0000000000  1.0000000000
   611.0010000000   196.9819575166  1078.8656550137  0.0000000000  1.0000000000
   608.5010000000   196.1620191468  1075.5258138638  0.0000000000  1.0000000000
   606.0010000000   195.3421081903  1072.1825672375  0.0000000000  1.0000000000
   603.5010000000   194.5222250546  1068.8358986158  0.0000000000  1.0000000000
   601.0010000000   193.7023697160  1065.4857895517  0.0000000000  1.0000000000
   598.5010000000   192.8825426793  1062.1322235863  0.0000000000  1.0000000000
   596.0010000000   192.0627433955  1058.7751797733  0.0000000000  1.0000000000
   593.5010000000   191.2429731119  1055.4146443465  0.0000000000  1.0000000000
   591.0010000000   190.4232310855  1052.0505952052  0.0000000000  1.0000000000
   588.5010000000   189.6035177426  1048.6830148588  0.0000000000  1.0000000000
   586.0010000000   188.7838334181  1045.3118852602  0.0000000000  1.0000000000
   583.5010000000   187.9641783607  1041.9371878219  0.0000000000  1.0000000000
   581.0010000000   187.1445527370  1038.5589034324  0.0000000000  1.0000000000
   578.5010000000   186.3249566378  1035.1770124722  0.0000000000  1.0000000000
   576.0010000000   185.5053900820  1031.7914948298  0.0000000000  1.0000000000
   573.5010000000   184.6858533288  1028.4023311868  0.0000000000  1.0000000000
   571.0010000000   183.8663468774  1025.0095030203  0.0000000000  1.0000000000
   568.5010000000   183.0468708583  1021.6129900802  0.0000000000  1.0000000000
   566.0010000000   182.2274250430  1018.2127704196  0.0000000000  1.0000000000
   563.5010000000   181.4080100644  1014.8088254539  0.0000000000  1.0000000000
   561.0010000000   180.5886258991  1011.4011336643  0.0000000000  1.0000000000
   558.5010000000   179.7692730844  1007.9896756484  0.0000000000  1.0000000000
   556.0010000000   178.9499515158  1004.5744291144  0.0000000000  1.0000000000
   553.5010000000   178.1306613569  1001.1553726641  0.0000000000  1.0000000000
   551.0010000000   177.3114030401   997.7324857953  0.0000000000  1.0000000000
   548.5010000000   176.4921766734   994.3057464252  0.0000000000  1.0000000000
   546.0010000000   175.6729826411   990.8751333961  0.0000000000  1.0000000000
   543.5010000000   174.8538207216   987.4406227752  0.0000000000  1.0000000000
   541.0010000000   174.0346915683   984.0021940589  0.0000000000  1.0000000000
   538.5010000000   173.2155955309   980.5598252321  0.0000000000  1.0000000000
   536.0010000000   172.3965320830   977.1134903486  0.0000000000  1.0000000000
   533.5010000000   171.5775024543   973.6631705996  0.0000000000  1.0000000000
   531.0010000000   170.7585061350   970.2088396025  0.0000000000  1.0000000000
   528.5010000000   169.9395435052   966.7504744614  0.0000000000  1.0000000000
   526.0010000000   169.1206152499   963.2880533135  0.0000000000  1.0000000000
   523.5010000000   168.3017209292   959.8215492743  0.0000000000  1.0000000000
   521.0010000000   167.4828612838   956.3509401836  0.0000000000  1.0000000000
   518.5010000000   166.6640365161   952.8762013311  0.0000000000  1.0000000000
   516.0010000000   165.8452465881   949.3973067070  0.0000000000  1.0000000000
   513.5010000000   165.0264920781   945.9142326351  0.0000000000  1.0000000000
   511.0010000000   164.2077727706   942.4269517768  0.0000000000  1.0000000000
   508.5010000000   163.3890896359   938.9354415535  0.0000000000  1.0000000000
   506.0010000000   162.5704423059   935.4396733853  0.0000000000  1.0000000000
   503.5010000000   161.7518316044   931.9396234787  0.0000000000  1.0000000000
   501.0010000000   160.9332573185   928.4352633041  0.0000000000  1.0000000000
   498.5010000000   160.1147198778   924.9265667682  0.0000000000  1.0000000000
   496.0010000000   159.2962198008   921.4135078459  0.0000000000  1.0000000000
   493.5010000000   158.4777568786   917.8960570700  0.0000000000  1.0000000000
   491.0010000000   157.6593318317   914.3741886365  0.0000000000  1.0000000000
   488.5010000000   156.8409446702   910.8478733574  0.0000000000  1.0000000000
   486.0010000000   156.0225960668   907.3170845625  0.0000000000  1.0000000000
   483.5010000000   155.2042857360   903.7817911035  0.0000000000  1.0000000000
   481.0010000000   154.3860146059   900.2419667256  0.0000000000  1.0000000000
   478.5010000000   153.5677823981   896.6975796022  0.0000000000  1.0000000000
   476.0010000000   152.7495897880   893.1486016744  0.0000000000  1.0000000000
   473.5010000000   151.9314370693   889.5950028647  0.0000000000  1.0000000000
   471.0010000000   151.1133244333   886.0367522777  0.0000000000  1.0000000000
   468.5010000000   150.2952522430   882.4738193827  0.0000000000  1.0000000000
   466.0010000000   149.4772210380   878.9061740352  0.0000000000  1.0000000000
   463.5010000000   148.6592307575   875.3337830786  0.0000000000  1.0000000000
   461.0010000000   147.8412818004   871.7566149594  0.0000000000  1.0000000000
   458.5010000000   147.0233747669   868.1746386005  0.0000000000  1.0000000000
   456.0010000000   146.2055096905   864.5878200306  0.0000000000  1.0000000000
   453.5010000000   145.3876873427   860.9961280915  0.0000000000  1.0000000000
   451.0010000000   144.5699076941   857.3995276824  0.0000000000  1.0000000000
   448.5010000000   143.7521712136   853.7979854519  0.0000000000  1.0000000000
   446.0010000000   142.9344781081   850.1914664508  0.0000000000  1.0000000000
   443.5010000000   142.1168290958   846.5799375316  0.0000000000  1.0000000000
   441.0010000000   141.2992244009   842.9633629090  0.0000000000  1.0000000000
   438.5010000000   140.4816642758   839.3417064474  0.0000000000  1.0000000000
   436.0010000000   139.6641492604   835.7149328075  0.0000000000  1.0000000000
   433.5010000000   138.8466794440   832.0830041617  0.0000000000  1.0000000000
   431.0010000000   138.0292557213   828.4458857639  0.0000000000  1.0000000000
   428.5010000000   137.2118780660   824.8035382686  0.0000000000  1.0000000000
   426.0010000000   136.3945470319   821.1559243936  0.0000000000  1.0000000000
   423.5010000000   135.5772630219   817.5030056597  0.0000000000  1.0000000000
   421.0010000000   134.7600265468   813.8447435352  0.0000000000  1.0000000000
   418.5010000000   133.9428379949   810.1810983942  0.0000000000  1.0000000000
   416.0010000000   133.1256976480   806.5120295751  0.0000000000  1.0000000000
   413.5010000000   132.3086059372   802.8374965159  0.0000000000  1.0000000000
   411.0010000000   131.4915634538   799.1574587974  0.0000000000  1.0000000000
   408.5010000000   130.6745707232   795.4718751162  0.0000000000  1.0000000000
   406.0010000000   129.8576279852   791.7807022773  0.0000000000  1.0000000000
   403.5010000000   129.0407359206   788.0838984626  0.0000000000  1.0000000000
   401.0010000000   128.2238947220   784.3814190169  0.0000000000  1.0000000000
   398.5010000000   127.4071050510   780.6732207705  0.0000000000  1.0000000000
   396.0010000000   126.5903673502   776.9592589072  0.0000000000  1.0000000000
   393.5010000000   125.7736823252   773.2394891434  0.0000000000  1.0000000000
   391.0010000000   124.9570500388   769.5138635861  0.0000000000  1.0000000000
   388.5010000000   124.1404713135   765.7823371089  0.0000000000  1.0000000000
   386.0010000000   123.3239465958   762.0448621635  0.0000000000  1.0000000000
   383.5010000000   122.5074764359   758.3013909516  0.0000000000  1.0000000000
   381.0010000000   121.6910612798   754.5518744564  0.0000000000  1.0000000000
   378.5010000000   120.8747017151   750.7962635549  0.0000000000  1.0000000000
   376.0010000000   120.0583984875   747.0345090843  0.0000000000  1.0000000000
   373.5010000000   119.2421518536   743.2665588381  0.0000000000  1.0000000000
   371.0010000000   118.4259624955   739.4923617646  0.0000000000  1.0000000000
   368.5010000000   117.6098310937   735.7118659845  0.0000000000  1.0000000000
   366.0010000000   116.7937581315   731.9250178638  0.0000000000  1.0000000000
   363.5010000000   115.9777441397   728.1317631267  0.0000000000  1.0000000000
   361.0010000000   115.1617899356   724.3320479493  0.0000000000  1.0000000000
   358.5010000000   114.3458959952   720.5258160221  0.0000000000  1.0000000000
   356.0010000000   113.5300629148   716.7130106718  0.0000000000  1.0000000000
   353.5010000000   112.7142914331   712.8935749507  0.0000000000  1.0000000000
   351.0010000000   111.8985822427   709.0674507356  0.0000000000  1.0000000000
   348.5010000000   111.0829358088   705.2345778474  0.0000000000  1.0000000000
   346.0010000000   110.2673530297   701.3948971339  0.0000000000  1.0000000000
   343.5010000000   109.4518346308   697.5483476007  0.0000000000  1.0000000000
   341.0010000000   108.6363809918   693.6948655631  0.0000000000  1.0000000000
   338.5010000000   107.8209932150   689.8343896657  0.0000000000  1.0000000000
   336.0010000000   107.0056717052   685.9668541478  0.0000000000  1.0000000000
   333.5010000000   106.1904174417   682.0921948330  0.0000000000  1.0000000000
   331.0010000000   105.3752309842   678.2103443918  0.0000000000  1.0000000000
   328.5010000000   104.5601131224   674.3212353925  0.0000000000  1.0000000000
   326.0010000000   103.7450649048   670.4248004200  0.0000000000  1.0000000000
   323.5010000000   102.9300868724   666.5209683854  0.0000000000  1.0000000000
   321.0010000000   102.1151800991   662.6096694640  0.0000000000  1.0000000000
   318.5010000000   101.3003450365   658.6908295292  0.0000000000  1.0000000000
   316.0010000000   100.4855827431   654.7643760164  0.0000000000  1.0000000000
   313.5010000000    99.6708941316   650.8302342792  0.0000000000  1.0000000000
   311.0010000000    98.8562800158   646.8883277717  0.0000000000  1.0000000000
