   11.000999999999999     
  0.10000000000000001              501
   0.4245490981   0.0000000000   0.0000000000
   0.4243792472   0.0000000000   0.0000000000
   0.4242091887   0.0000000000   0.0000000000
   0.4240389221   0.0000000000   0.0000000000
   0.4238684466   0.0000000000   0.0000000000
   0.4236977617   0.0000000000   0.0000000000
   0.4235268668   0.0000000000   0.0000000000
   0.4233557612   0.0000000000   0.0000000000
   0.4231844447   0.0000000000   0.0000000000
   0.4230129161   0.0000000000   0.0000000000
   0.4228411751   0.0000000000   0.0000000000
   0.4226692211   0.0000000000   0.0000000000
   0.4224970534   0.0000000000   0.0000000000
   0.4223246714   0.0000000000   0.0000000000
   0.4221520745   0.0000000000   0.0000000000
   0.4219792622   0.0000000000   0.0000000000
   0.4218062334   0.0000000000   0.0000000000
   0.4216329881   0.0000000000   0.0000000000
   0.4214595251   0.0000000000   0.0000000000
   0.4212858441   0.0000000000   0.0000000000
   0.4211119445   0.0000000000   0.0000000000
   0.4209378254   0.0000000000   0.0000000000
   0.4207634862   0.0000000000   0.0000000000
   0.4205889266   0.0000000000   0.0000000000
   0.4204141455   0.0000000000   0.0000000000
   0.4202391424   0.0000000000   0.0000000000
   0.4200639167   0.0000000000   0.0000000000
   0.4198884676   0.0000000000   0.0000000000
   0.4197127945   0.0000000000   0.0000000000
   0.4195368969   0.0000000000   0.0000000000
   0.4193607739   0.0000000000   0.0000000000
   0.4191844249   0.0000000000   0.0000000000
   0.4190078493   0.0000000000   0.0000000000
   0.4188310463   0.0000000000   0.0000000000
   0.4186540153   0.0000000000   0.0000000000
   0.4184767555   0.0000000000   0.0000000000
   0.4182992663   0.0000000000   0.0000000000
   0.4181215470   0.0000000000   0.0000000000
   0.4179435968   0.0000000000   0.0000000000
   0.4177654152   0.0000000000   0.0000000000
   0.4175870012   0.0000000000   0.0000000000
   0.4174083545   0.0000000000   0.0000000000
   0.4172294741   0.0000000000   0.0000000000
   0.4170503592   0.0000000000   0.0000000000
   0.4168710094   0.0000000000   0.0000000000
   0.4166914236   0.0000000000   0.0000000000
   0.4165116014   0.0000000000   0.0000000000
   0.4163315419   0.0000000000   0.0000000000
   0.4161512444   0.0000000000   0.0000000000
   0.4159707082   0.0000000000   0.0000000000
   0.4157899325   0.0000000000   0.0000000000
   0.4156089165   0.0000000000   0.0000000000
   0.4154276597   0.0000000000   0.0000000000
   0.4152461611   0.0000000000   0.0000000000
   0.4150644200   0.0000000000   0.0000000000
   0.4148824359   0.0000000000   0.0000000000
   0.4147002075   0.0000000000   0.0000000000
   0.4145177346   0.0000000000   0.0000000000
   0.4143350159   0.0000000000   0.0000000000
   0.4141520511   0.0000000000   0.0000000000
   0.4139688393   0.0000000000   0.0000000000
   0.4137853794   0.0000000000   0.0000000000
   0.4136016711   0.0000000000   0.0000000000
   0.4134177131   0.0000000000   0.0000000000
   0.4132335050   0.0000000000   0.0000000000
   0.4130490459   0.0000000000   0.0000000000
   0.4128643349   0.0000000000   0.0000000000
   0.4126793713   0.0000000000   0.0000000000
   0.4124941543   0.0000000000   0.0000000000
   0.4123086832   0.0000000000   0.0000000000
   0.4121229567   0.0000000000   0.0000000000
   0.4119369744   0.0000000000   0.0000000000
   0.4117507356   0.0000000000   0.0000000000
   0.4115642389   0.0000000000   0.0000000000
   0.4113774841   0.0000000000   0.0000000000
   0.4111904699   0.0000000000   0.0000000000
   0.4110031957   0.0000000000   0.0000000000
   0.4108156607   0.0000000000   0.0000000000
   0.4106278638   0.0000000000   0.0000000000
   0.4104398043   0.0000000000   0.0000000000
   0.4102514813   0.0000000000   0.0000000000
   0.4100628940   0.0000000000   0.0000000000
   0.4098740414   0.0000000000   0.0000000000
   0.4096849228   0.0000000000   0.0000000000
   0.4094955372   0.0000000000   0.0000000000
   0.4093058837   0.0000000000   0.0000000000
   0.4091159616   0.0000000000   0.0000000000
   0.4089257697   0.0000000000   0.0000000000
   0.4087353074   0.0000000000   0.0000000000
   0.4085445736   0.0000000000   0.0000000000
   0.4083535675   0.0000000000   0.0000000000
   0.4081622881   0.0000000000   0.0000000000
   0.4079707346   0.0000000000   0.0000000000
   0.4077789060   0.0000000000   0.0000000000
   0.4075868014   0.0000000000   0.0000000000
   0.4073944198   0.0000000000   0.0000000000
   0.4072017603   0.0000000000   0.0000000000
   0.4070088222   0.0000000000   0.0000000000
   0.4068156042   0.0000000000   0.0000000000
   0.4066221055   0.0000000000   0.0000000000
   0.4064283249   0.0000000000   0.0000000000
   0.4062342621   0.0000000000   0.0000000000
   0.4060399155   0.0000000000   0.0000000000
   0.4058452842   0.0000000000   0.0000000000
   0.4056503675   0.0000000000   0.0000000000
   0.4054551642   0.0000000000   0.0000000000
   0.4052596735   0.0000000000   0.0000000000
   0.4050638943   0.0000000000   0.0000000000
   0.4048678256   0.0000000000   0.0000000000
   0.4046714664   0.0000000000   0.0000000000
   0.4044748155   0.0000000000   0.0000000000
   0.4042778724   0.0000000000   0.0000000000
   0.4040806355   0.0000000000   0.0000000000
   0.4038831041   0.0000000000   0.0000000000
   0.4036852772   0.0000000000   0.0000000000
   0.4034871536   0.0000000000   0.0000000000
   0.4032887322   0.0000000000   0.0000000000
   0.4030900121   0.0000000000   0.0000000000
   0.4028909925   0.0000000000   0.0000000000
   0.4026916718   0.0000000000   0.0000000000
   0.4024920493   0.0000000000   0.0000000000
   0.4022921237   0.0000000000   0.0000000000
   0.4020918942   0.0000000000   0.0000000000
   0.4018913595   0.0000000000   0.0000000000
   0.4016905186   0.0000000000   0.0000000000
   0.4014893702   0.0000000000   0.0000000000
   0.4012879137   0.0000000000   0.0000000000
   0.4010861475   0.0000000000   0.0000000000
   0.4008840706   0.0000000000   0.0000000000
   0.4006816818   0.0000000000   0.0000000000
   0.4004789805   0.0000000000   0.0000000000
   0.4002759650   0.0000000000   0.0000000000
   0.4000726341   0.0000000000   0.0000000000
   0.3998689871   0.0000000000   0.0000000000
   0.3996650227   0.0000000000   0.0000000000
   0.3994607396   0.0000000000   0.0000000000
   0.3992561366   0.0000000000   0.0000000000
   0.3990512127   0.0000000000   0.0000000000
   0.3988459668   0.0000000000   0.0000000000
   0.3986403974   0.0000000000   0.0000000000
   0.3984345034   0.0000000000   0.0000000000
   0.3982282839   0.0000000000   0.0000000000
   0.3980217374   0.0000000000   0.0000000000
   0.3978148626   0.0000000000   0.0000000000
   0.3976076586   0.0000000000   0.0000000000
   0.3974001238   0.0000000000   0.0000000000
   0.3971922574   0.0000000000   0.0000000000
   0.3969840578   0.0000000000   0.0000000000
   0.3967755239   0.0000000000   0.0000000000
   0.3965666544   0.0000000000   0.0000000000
   0.3963574480   0.0000000000   0.0000000000
   0.3961479036   0.0000000000   0.0000000000
   0.3959380198   0.0000000000   0.0000000000
   0.3957277951   0.0000000000   0.0000000000
   0.3955172286   0.0000000000   0.0000000000
   0.3953063188   0.0000000000   0.0000000000
   0.3950950643   0.0000000000   0.0000000000
   0.3948834639   0.0000000000   0.0000000000
   0.3946715162   0.0000000000   0.0000000000
   0.3944592199   0.0000000000   0.0000000000
   0.3942465738   0.0000000000   0.0000000000
   0.3940335763   0.0000000000   0.0000000000
   0.3938202263   0.0000000000   0.0000000000
   0.3936065222   0.0000000000   0.0000000000
   0.3933924626   0.0000000000   0.0000000000
   0.3931780463   0.0000000000   0.0000000000
   0.3929632720   0.0000000000   0.0000000000
   0.3927481379   0.0000000000   0.0000000000
   0.3925326428   0.0000000000   0.0000000000
   0.3923167855   0.0000000000   0.0000000000
   0.3921005643   0.0000000000   0.0000000000
   0.3918839777   0.0000000000   0.0000000000
   0.3916670246   0.0000000000   0.0000000000
   0.3914497032   0.0000000000   0.0000000000
   0.3912320121   0.0000000000   0.0000000000
   0.3910139500   0.0000000000   0.0000000000
   0.3907955154   0.0000000000   0.0000000000
   0.3905767066   0.0000000000   0.0000000000
   0.3903575223   0.0000000000   0.0000000000
   0.3901379608   0.0000000000   0.0000000000
   0.3899180207   0.0000000000   0.0000000000
   0.3896977005   0.0000000000   0.0000000000
   0.3894769987   0.0000000000   0.0000000000
   0.3892559136   0.0000000000   0.0000000000
   0.3890344436   0.0000000000   0.0000000000
   0.3888125873   0.0000000000   0.0000000000
   0.3885903432   0.0000000000   0.0000000000
   0.3883677094   0.0000000000   0.0000000000
   0.3881446847   0.0000000000   0.0000000000
   0.3879212669   0.0000000000   0.0000000000
   0.3876974551   0.0000000000   0.0000000000
   0.3874732471   0.0000000000   0.0000000000
   0.3872486415   0.0000000000   0.0000000000
   0.3870236366   0.0000000000   0.0000000000
   0.3867982306   0.0000000000   0.0000000000
   0.3865724223   0.0000000000   0.0000000000
   0.3863462094   0.0000000000   0.0000000000
   0.3861195906   0.0000000000   0.0000000000
   0.3858925641   0.0000000000   0.0000000000
   0.3856651281   0.0000000000   0.0000000000
   0.3854372811   0.0000000000   0.0000000000
   0.3852090210   0.0000000000   0.0000000000
   0.3849803463   0.0000000000   0.0000000000
   0.3847512553   0.0000000000   0.0000000000
   0.3845217460   0.0000000000   0.0000000000
   0.3842918166   0.0000000000   0.0000000000
   0.3840614655   0.0000000000   0.0000000000
   0.3838306907   0.0000000000   0.0000000000
   0.3835994906   0.0000000000   0.0000000000
   0.3833678631   0.0000000000   0.0000000000
   0.3831358065   0.0000000000   0.0000000000
   0.3829033191   0.0000000000   0.0000000000
   0.3826703986   0.0000000000   0.0000000000
   0.3824370434   0.0000000000   0.0000000000
   0.3822032516   0.0000000000   0.0000000000
   0.3819690212   0.0000000000   0.0000000000
   0.3817343502   0.0000000000   0.0000000000
   0.3814992369   0.0000000000   0.0000000000
   0.3812636792   0.0000000000   0.0000000000
   0.3810276750   0.0000000000   0.0000000000
   0.3807912225   0.0000000000   0.0000000000
   0.3805543197   0.0000000000   0.0000000000
   0.3803169646   0.0000000000   0.0000000000
   0.3800791550   0.0000000000   0.0000000000
   0.3798408890   0.0000000000   0.0000000000
   0.3796021645   0.0000000000   0.0000000000
   0.3793629796   0.0000000000   0.0000000000
   0.3791233320   0.0000000000   0.0000000000
   0.3788832197   0.0000000000   0.0000000000
   0.3786426405   0.0000000000   0.0000000000
   0.3784015923   0.0000000000   0.0000000000
   0.3781600731   0.0000000000   0.0000000000
   0.3779180806   0.0000000000   0.0000000000
   0.3776756126   0.0000000000   0.0000000000
   0.3774326671   0.0000000000   0.0000000000
   0.3771892417   0.0000000000   0.0000000000
   0.3769453341   0.0000000000   0.0000000000
   0.3767009424   0.0000000000   0.0000000000
   0.3764560642   0.0000000000   0.0000000000
   0.3762106971   0.0000000000   0.0000000000
   0.3759648389   0.0000000000   0.0000000000
   0.3757184873   0.0000000000   0.0000000000
   0.3754716400   0.0000000000   0.0000000000
   0.3752242944   0.0000000000   0.0000000000
   0.3749764486   0.0000000000   0.0000000000
   0.3747281001   0.0000000000   0.0000000000
   0.3744792462   0.0000000000   0.0000000000
   0.3742298848   0.0000000000   0.0000000000
   0.3739800133   0.0000000000   0.0000000000
   0.3737296294   0.0000000000   0.0000000000
   0.3734787305   0.0000000000   0.0000000000
   0.3732273143   0.0000000000   0.0000000000
   0.3729753781   0.0000000000   0.0000000000
   0.3727229195   0.0000000000   0.0000000000
   0.3724699359   0.0000000000   0.0000000000
   0.3722164249   0.0000000000   0.0000000000
   0.3719623836   0.0000000000   0.0000000000
   0.3717078095   0.0000000000   0.0000000000
   0.3714527003   0.0000000000   0.0000000000
   0.3711970530   0.0000000000   0.0000000000
   0.3709408650   0.0000000000   0.0000000000
   0.3706841338   0.0000000000   0.0000000000
   0.3704268566   0.0000000000   0.0000000000
   0.3701690306   0.0000000000   0.0000000000
   0.3699106533   0.0000000000   0.0000000000
   0.3696517215   0.0000000000   0.0000000000
   0.3693922328   0.0000000000   0.0000000000
   0.3691321843   0.0000000000   0.0000000000
   0.3688715731   0.0000000000   0.0000000000
   0.3686103963   0.0000000000   0.0000000000
   0.3683486511   0.0000000000   0.0000000000
   0.3680863347   0.0000000000   0.0000000000
   0.3678234439   0.0000000000   0.0000000000
   0.3675599760   0.0000000000   0.0000000000
   0.3672959281   0.0000000000   0.0000000000
   0.3670312969   0.0000000000   0.0000000000
   0.3667660796   0.0000000000   0.0000000000
   0.3665002730   0.0000000000   0.0000000000
   0.3662338742   0.0000000000   0.0000000000
   0.3659668801   0.0000000000   0.0000000000
   0.3656992874   0.0000000000   0.0000000000
   0.3654310932   0.0000000000   0.0000000000
   0.3651622941   0.0000000000   0.0000000000
   0.3648928871   0.0000000000   0.0000000000
   0.3646228687   0.0000000000   0.0000000000
   0.3643522359   0.0000000000   0.0000000000
   0.3640809854   0.0000000000   0.0000000000
   0.3638091139   0.0000000000   0.0000000000
   0.3635366178   0.0000000000   0.0000000000
   0.3632634941   0.0000000000   0.0000000000
   0.3629897392   0.0000000000   0.0000000000
   0.3627153499   0.0000000000   0.0000000000
   0.3624403224   0.0000000000   0.0000000000
   0.3621646533   0.0000000000   0.0000000000
   0.3618883394   0.0000000000   0.0000000000
   0.3616113769   0.0000000000   0.0000000000
   0.3613337623   0.0000000000   0.0000000000
   0.3610554921   0.0000000000   0.0000000000
   0.3607765625   0.0000000000   0.0000000000
   0.3604969697   0.0000000000   0.0000000000
   0.3602167105   0.0000000000   0.0000000000
   0.3599357807   0.0000000000   0.0000000000
   0.3596541767   0.0000000000   0.0000000000
   0.3593718948   0.0000000000   0.0000000000
   0.3590889312   0.0000000000   0.0000000000
   0.3588052819   0.0000000000   0.0000000000
   0.3585209430   0.0000000000   0.0000000000
   0.3582359106   0.0000000000   0.0000000000
   0.3579501807   0.0000000000   0.0000000000
   0.3576637494   0.0000000000   0.0000000000
   0.3573766126   0.0000000000   0.0000000000
   0.3570887662   0.0000000000   0.0000000000
   0.3568002062   0.0000000000   0.0000000000
   0.3565109283   0.0000000000   0.0000000000
   0.3562209285   0.0000000000   0.0000000000
   0.3559302024   0.0000000000   0.0000000000
   0.3556387458   0.0000000000   0.0000000000
   0.3553465543   0.0000000000   0.0000000000
   0.3550536238   0.0000000000   0.0000000000
   0.3547599497   0.0000000000   0.0000000000
   0.3544655278   0.0000000000   0.0000000000
   0.3541703532   0.0000000000   0.0000000000
   0.3538744219   0.0000000000   0.0000000000
   0.3535777291   0.0000000000   0.0000000000
   0.3532802702   0.0000000000   0.0000000000
   0.3529820404   0.0000000000   0.0000000000
   0.3526830355   0.0000000000   0.0000000000
   0.3523832504   0.0000000000   0.0000000000
   0.3520826804   0.0000000000   0.0000000000
   0.3517813206   0.0000000000   0.0000000000
   0.3514791664   0.0000000000   0.0000000000
   0.3511762125   0.0000000000   0.0000000000
   0.3508724544   0.0000000000   0.0000000000
   0.3505678867   0.0000000000   0.0000000000
   0.3502625046   0.0000000000   0.0000000000
   0.3499563027   0.0000000000   0.0000000000
   0.3496492762   0.0000000000   0.0000000000
   0.3493414197   0.0000000000   0.0000000000
   0.3490327280   0.0000000000   0.0000000000
   0.3487231957   0.0000000000   0.0000000000
   0.3484128175   0.0000000000   0.0000000000
   0.3481015880   0.0000000000   0.0000000000
   0.3477895016   0.0000000000   0.0000000000
   0.3474765529   0.0000000000   0.0000000000
   0.3471627364   0.0000000000   0.0000000000
   0.3468480463   0.0000000000   0.0000000000
   0.3465324768   0.0000000000   0.0000000000
   0.3462160224   0.0000000000   0.0000000000
   0.3458986772   0.0000000000   0.0000000000
   0.3455804352   0.0000000000   0.0000000000
   0.3452612904   0.0000000000   0.0000000000
   0.3449412372   0.0000000000   0.0000000000
   0.3446202692   0.0000000000   0.0000000000
   0.3442983802   0.0000000000   0.0000000000
   0.3439755643   0.0000000000   0.0000000000
   0.3436518151   0.0000000000   0.0000000000
   0.3433271263   0.0000000000   0.0000000000
   0.3430014913   0.0000000000   0.0000000000
   0.3426749041   0.0000000000   0.0000000000
   0.3423473576   0.0000000000   0.0000000000
   0.3420188457   0.0000000000   0.0000000000
   0.3416893614   0.0000000000   0.0000000000
   0.3413588982   0.0000000000   0.0000000000
   0.3410274490   0.0000000000   0.0000000000
   0.3406950072   0.0000000000   0.0000000000
   0.3403615656   0.0000000000   0.0000000000
   0.3400271173   0.0000000000   0.0000000000
   0.3396916551   0.0000000000   0.0000000000
   0.3393551718   0.0000000000   0.0000000000
   0.3390176602   0.0000000000   0.0000000000
   0.3386791129   0.0000000000   0.0000000000
   0.3383395223   0.0000000000   0.0000000000
   0.3379988810   0.0000000000   0.0000000000
   0.3376571814   0.0000000000   0.0000000000
   0.3373144158   0.0000000000   0.0000000000
   0.3369705764   0.0000000000   0.0000000000
   0.3366256552   0.0000000000   0.0000000000
   0.3362796444   0.0000000000   0.0000000000
   0.3359325357   0.0000000000   0.0000000000
   0.3355843212   0.0000000000   0.0000000000
   0.3352349926   0.0000000000   0.0000000000
   0.3348845414   0.0000000000   0.0000000000
   0.3345329592   0.0000000000   0.0000000000
   0.3341802376   0.0000000000   0.0000000000
   0.3338263676   0.0000000000   0.0000000000
   0.3334713409   0.0000000000   0.0000000000
   0.3331151483   0.0000000000   0.0000000000
   0.3327577809   0.0000000000   0.0000000000
   0.3323992298   0.0000000000   0.0000000000
   0.3320394855   0.0000000000   0.0000000000
   0.3316785388   0.0000000000   0.0000000000
   0.3313163806   0.0000000000   0.0000000000
   0.3309530010   0.0000000000   0.0000000000
   0.3305883904   0.0000000000   0.0000000000
   0.3302225392   0.0000000000   0.0000000000
   0.3298554375   0.0000000000   0.0000000000
   0.3294870751   0.0000000000   0.0000000000
   0.3291174421   0.0000000000   0.0000000000
   0.3287465281   0.0000000000   0.0000000000
   0.3283743226   0.0000000000   0.0000000000
   0.3280008151   0.0000000000   0.0000000000
   0.3276259952   0.0000000000   0.0000000000
   0.3272498519   0.0000000000   0.0000000000
   0.3268723742   0.0000000000   0.0000000000
   0.3264935511   0.0000000000   0.0000000000
   0.3261133713   0.0000000000   0.0000000000
   0.3257318235   0.0000000000   0.0000000000
   0.3253488963   0.0000000000   0.0000000000
   0.3249645778   0.0000000000   0.0000000000
   0.3245788561   0.0000000000   0.0000000000
   0.3241917195   0.0000000000   0.0000000000
   0.3238031556   0.0000000000   0.0000000000
   0.3234131523   0.0000000000   0.0000000000
   0.3230216970   0.0000000000   0.0000000000
   0.3226287769   0.0000000000   0.0000000000
   0.3222343796   0.0000000000   0.0000000000
   0.3218384916   0.0000000000   0.0000000000
   0.3214411000   0.0000000000   0.0000000000
   0.3210421913   0.0000000000   0.0000000000
   0.3206417521   0.0000000000   0.0000000000
   0.3202397685   0.0000000000   0.0000000000
   0.3198362266   0.0000000000   0.0000000000
   0.3194311125   0.0000000000   0.0000000000
   0.3190244115   0.0000000000   0.0000000000
   0.3186161093   0.0000000000   0.0000000000
   0.3182061910   0.0000000000   0.0000000000
   0.3177946418   0.0000000000   0.0000000000
   0.3173814464   0.0000000000   0.0000000000
   0.3169665896   0.0000000000   0.0000000000
   0.3165500555   0.0000000000   0.0000000000
   0.3161318283   0.0000000000   0.0000000000
   0.3157118920   0.0000000000   0.0000000000
   0.3152902303   0.0000000000   0.0000000000
   0.3148668266   0.0000000000   0.0000000000
   0.3144416640   0.0000000000   0.0000000000
   0.3140147255   0.0000000000   0.0000000000
   0.3135859936   0.0000000000   0.0000000000
   0.3131554507   0.0000000000   0.0000000000
   0.3127230792   0.0000000000   0.0000000000
   0.3122888609   0.0000000000   0.0000000000
   0.3118527771   0.0000000000   0.0000000000
   0.3114148093   0.0000000000   0.0000000000
   0.3109749383   0.0000000000   0.0000000000
   0.3105331450   0.0000000000   0.0000000000
   0.3100894097   0.0000000000   0.0000000000
   0.3096437124   0.0000000000   0.0000000000
   0.3091960328   0.0000000000   0.0000000000
   0.3087463505   0.0000000000   0.0000000000
   0.3082946443   0.0000000000   0.0000000000
   0.3078408932   0.0000000000   0.0000000000
   0.3073850756   0.0000000000   0.0000000000
   0.3069271693   0.0000000000   0.0000000000
   0.3064671522   0.0000000000   0.0000000000
   0.3060050014   0.0000000000   0.0000000000
   0.3055406939   0.0000000000   0.0000000000
   0.3050742064   0.0000000000   0.0000000000
   0.3046055146   0.0000000000   0.0000000000
   0.3041345947   0.0000000000   0.0000000000
   0.3036614216   0.0000000000   0.0000000000
   0.3031859704   0.0000000000   0.0000000000
   0.3027082155   0.0000000000   0.0000000000
   0.3022281308   0.0000000000   0.0000000000
   0.3017456899   0.0000000000   0.0000000000
   0.3012608658   0.0000000000   0.0000000000
   0.3007736313   0.0000000000   0.0000000000
   0.3002839581   0.0000000000   0.0000000000
   0.2997918180   0.0000000000   0.0000000000
   0.2992971822   0.0000000000   0.0000000000
   0.2988000210   0.0000000000   0.0000000000
   0.2983003045   0.0000000000   0.0000000000
   0.2977980021   0.0000000000   0.0000000000
   0.2972930828   0.0000000000   0.0000000000
   0.2967855149   0.0000000000   0.0000000000
   0.2962752657   0.0000000000   0.0000000000
   0.2957623028   0.0000000000   0.0000000000
   0.2952465924   0.0000000000   0.0000000000
   0.2947281004   0.0000000000   0.0000000000
   0.2942067917   0.0000000000   0.0000000000
   0.2936826312   0.0000000000   0.0000000000
   0.2931555823   0.0000000000   0.0000000000
   0.2926256084   0.0000000000   0.0000000000
   0.2920926715   0.0000000000   0.0000000000
   0.2915567333   0.0000000000   0.0000000000
   0.2910177547   0.0000000000   0.0000000000
   0.2904756956   0.0000000000   0.0000000000
   0.2899305154   0.0000000000   0.0000000000
   0.2893821724   0.0000000000   0.0000000000
   0.2888306239   0.0000000000   0.0000000000
   0.2882758267   0.0000000000   0.0000000000
   0.2877177367   0.0000000000   0.0000000000
   0.2871563083   0.0000000000   0.0000000000
   0.2865914957   0.0000000000   0.0000000000
   0.2860232516   0.0000000000   0.0000000000
   0.2854515278   0.0000000000   0.0000000000
   0.2848762752   0.0000000000   0.0000000000
   0.2842974436   0.0000000000   0.0000000000
   0.2837149815   0.0000000000   0.0000000000
   0.2831288364   0.0000000000   0.0000000000
   0.2825389549   0.0000000000   0.0000000000
   0.2819452818   0.0000000000   0.0000000000
   0.2813477613   0.0000000000   0.0000000000
