2  -0.0625  0
2.01  -0.0566213  0.0247524
2.02  -0.0508583  0.049019
2.03  -0.0452078  0.0728134
2.04  -0.0396668  0.0961489
2.05  -0.0342327  0.119038
2.06  -0.0289025  0.141493
2.07  -0.0236736  0.163526
2.08  -0.0185435  0.185149
2.09  -0.0135097  0.206371
2.1  -0.00856972  0.227204
2.11  -0.00372129  0.247658
2.12  0.00103786  0.267743
2.13  0.00570992  0.287468
2.14  0.010297  0.306842
2.15  0.0148011  0.325875
2.16  0.0192243  0.344575
2.17  0.0235685  0.36295
2.18  0.0278354  0.381009
2.19  0.0320271  0.398758
2.2  0.0361451  0.416207
2.21  0.0401912  0.433361
2.22  0.044167  0.450228
2.23  0.0480742  0.466815
2.24  0.0519142  0.483129
2.25  0.0556886  0.499175
2.26  0.0593989  0.51496
2.27  0.0630465  0.530491
2.28  0.0666328  0.545772
2.29  0.070159  0.56081
2.3  0.0736265  0.57561
2.31  0.0770366  0.590177
2.32  0.0803905  0.604517
2.33  0.0836894  0.618635
2.34  0.0869345  0.632535
2.35  0.0901269  0.646223
2.36  0.0932676  0.659702
2.37  0.0963579  0.672978
2.38  0.0993986  0.686054
2.39  0.102391  0.698935
2.4  0.105336  0.711625
2.41  0.108234  0.724129
2.42  0.111087  0.736449
2.43  0.113895  0.74859
2.44  0.116659  0.760555
2.45  0.11938  0.772348
2.46  0.122059  0.783973
2.47  0.124698  0.795432
2.48  0.127295  0.80673
2.49  0.129853  0.817869
2.5  0.132372  0.828853
2.51  0.134853  0.839684
2.52  0.137296  0.850365
2.53  0.139703  0.8609
2.54  0.142074  0.871292
2.55  0.144409  0.881542
2.56  0.14671  0.891654
2.57  0.148977  0.90163
2.58  0.15121  0.911474
2.59  0.15341  0.921186
2.6  0.155579  0.930771
2.61  0.157715  0.940229
2.62  0.159821  0.949564
2.63  0.161896  0.958778
2.64  0.163941  0.967873
2.65  0.165957  0.976851
2.66  0.167943  0.985714
2.67  0.169902  0.994464
2.68  0.171832  1.0031
2.69  0.173735  1.01163
2.7  0.175611  1.02006
2.71  0.177461  1.02838
2.72  0.179285  1.03659
2.73  0.181083  1.04471
2.74  0.182856  1.05272
2.75  0.184604  1.06064
2.76  0.186328  1.06846
2.77  0.188028  1.07619
2.78  0.189705  1.08382
2.79  0.191358  1.09136
2.8  0.192989  1.09881
2.81  0.194597  1.10618
2.82  0.196184  1.11345
2.83  0.197749  1.12064
2.84  0.199292  1.12775
2.85  0.200815  1.13477
2.86  0.202317  1.14172
2.87  0.203799  1.14858
2.88  0.205261  1.15536
2.89  0.206703  1.16207
2.9  0.208126  1.1687
2.91  0.20953  1.17525
2.92  0.210915  1.18173
2.93  0.212282  1.18814
2.94  0.213631  1.19448
2.95  0.214961  1.20074
2.96  0.216275  1.20694
2.97  0.217571  1.21307
2.98  0.21885  1.21913
2.99  0.220112  1.22512
3  0.221357  1.23105
3.01  0.222587  1.23691
3.02  0.2238  1.24271
3.03  0.224998  1.24845
3.04  0.22618  1.25413
3.05  0.227346  1.25975
3.06  0.228498  1.2653
3.07  0.229634  1.2708
3.08  0.230757  1.27624
3.09  0.231864  1.28163
3.1  0.232957  1.28695
3.11  0.234037  1.29223
3.12  0.235102  1.29744
3.13  0.236154  1.30261
3.14  0.237193  1.30772
3.15  0.238218  1.31277
3.16  0.23923  1.31778
3.17  0.240229  1.32273
3.18  0.241216  1.32764
3.19  0.24219  1.3325
3.2  0.243152  1.3373
3.21  0.244102  1.34206
3.22  0.245039  1.34677
3.23  0.245965  1.35144
3.24  0.24688  1.35606
3.25  0.247782  1.36063
3.26  0.248674  1.36516
3.27  0.249554  1.36964
3.28  0.250423  1.37408
3.29  0.251281  1.37848
3.3  0.252129  1.38283
3.31  0.252966  1.38714
3.32  0.253793  1.39142
3.33  0.254609  1.39565
3.34  0.255415  1.39984
3.35  0.256211  1.40399
3.36  0.256997  1.4081
3.37  0.257774  1.41217
3.38  0.258541  1.4162
3.39  0.259298  1.4202
3.4  0.260046  1.42416
3.41  0.260784  1.42808
3.42  0.261514  1.43197
3.43  0.262234  1.43582
3.44  0.262946  1.43963
3.45  0.263649  1.44341
3.46  0.264343  1.44715
3.47  0.265029  1.45087
3.48  0.265706  1.45454
3.49  0.266374  1.45819
3.5  0.267035  1.4618
3.51  0.267687  1.46538
3.52  0.268332  1.46892
3.53  0.268968  1.47244
3.54  0.269597  1.47592
3.55  0.270218  1.47937
3.56  0.270831  1.4828
3.57  0.271437  1.48619
3.58  0.272035  1.48955
3.59  0.272626  1.49288
3.6  0.273209  1.49619
3.61  0.273786  1.49946
3.62  0.274355  1.50271
3.63  0.274918  1.50593
3.64  0.275473  1.50912
3.65  0.276022  1.51229
3.66  0.276564  1.51542
3.67  0.277099  1.51853
3.68  0.277627  1.52162
3.69  0.27815  1.52467
3.7  0.278665  1.52771
3.71  0.279175  1.53071
3.72  0.279678  1.53369
3.73  0.280175  1.53665
3.74  0.280665  1.53958
3.75  0.28115  1.54249
3.76  0.281629  1.54537
3.77  0.282102  1.54823
3.78  0.282569  1.55107
3.79  0.28303  1.55388
3.8  0.283485  1.55667
3.81  0.283935  1.55943
3.82  0.28438  1.56218
3.83  0.284818  1.5649
3.84  0.285252  1.5676
3.85  0.28568  1.57028
3.86  0.286102  1.57293
3.87  0.28652  1.57557
3.88  0.286932  1.57818
3.89  0.287339  1.58078
3.9  0.287741  1.58335
3.91  0.288138  1.5859
3.92  0.28853  1.58843
3.93  0.288917  1.59094
3.94  0.289299  1.59344
3.95  0.289677  1.59591
3.96  0.290049  1.59836
3.97  0.290417  1.6008
3.98  0.290781  1.60321
3.99  0.291139  1.60561
4  0.291494  1.60799
4.01  0.291843  1.61035
4.02  0.292189  1.61269
4.03  0.29253  1.61501
4.04  0.292866  1.61732
4.05  0.293199  1.61961
4.06  0.293527  1.62188
4.07  0.293851  1.62413
4.08  0.29417  1.62637
4.09  0.294486  1.62859
4.1  0.294798  1.63079
4.11  0.295105  1.63298
4.12  0.295409  1.63515
4.13  0.295708  1.6373
4.14  0.296004  1.63944
4.15  0.296296  1.64156
4.16  0.296584  1.64367
4.17  0.296869  1.64576
4.18  0.297149  1.64784
4.19  0.297426  1.6499
4.2  0.2977  1.65194
4.21  0.297969  1.65397
4.22  0.298235  1.65599
4.23  0.298498  1.65799
4.24  0.298757  1.65997
4.25  0.299013  1.66195
4.26  0.299265  1.6639
4.27  0.299514  1.66585
4.28  0.29976  1.66778
4.29  0.300002  1.66969
4.3  0.300241  1.6716
4.31  0.300477  1.67348
4.32  0.300709  1.67536
4.33  0.300939  1.67722
4.34  0.301165  1.67907
4.35  0.301388  1.68091
4.36  0.301608  1.68273
4.37  0.301825  1.68454
4.38  0.302039  1.68634
4.39  0.30225  1.68812
4.4  0.302458  1.6899
4.41  0.302663  1.69166
4.42  0.302865  1.6934
4.43  0.303065  1.69514
4.44  0.303261  1.69686
4.45  0.303455  1.69858
4.46  0.303646  1.70028
4.47  0.303834  1.70197
4.48  0.30402  1.70364
4.49  0.304203  1.70531
4.5  0.304383  1.70696
4.51  0.304561  1.70861
4.52  0.304735  1.71024
4.53  0.304908  1.71186
4.54  0.305078  1.71347
4.55  0.305245  1.71507
4.56  0.30541  1.71666
4.57  0.305572  1.71824
4.58  0.305732  1.7198
4.59  0.305889  1.72136
4.6  0.306044  1.72291
4.61  0.306197  1.72444
4.62  0.306347  1.72597
4.63  0.306495  1.72749
4.64  0.306641  1.72899
4.65  0.306784  1.73049
4.66  0.306925  1.73198
4.67  0.307064  1.73345
4.68  0.3072  1.73492
4.69  0.307335  1.73638
4.7  0.307467  1.73783
4.71  0.307597  1.73927
4.72  0.307725  1.7407
4.73  0.307851  1.74212
4.74  0.307974  1.74353
4.75  0.308096  1.74493
4.76  0.308216  1.74632
4.77  0.308333  1.74771
4.78  0.308449  1.74908
4.79  0.308562  1.75045
4.8  0.308674  1.75181
4.81  0.308783  1.75316
4.82  0.308891  1.7545
4.83  0.308997  1.75583
4.84  0.309101  1.75716
4.85  0.309203  1.75847
4.86  0.309303  1.75978
4.87  0.309401  1.76108
4.88  0.309497  1.76237
4.89  0.309592  1.76365
4.9  0.309685  1.76493
4.91  0.309776  1.7662
4.92  0.309865  1.76746
4.93  0.309953  1.76871
4.94  0.310038  1.76995
4.95  0.310122  1.77119
4.96  0.310205  1.77242
4.97  0.310286  1.77364
4.98  0.310365  1.77485
4.99  0.310442  1.77606
5  0.310518  1.77726
5.01  0.310592  1.77845
5.02  0.310664  1.77964
5.03  0.310735  1.78081
5.04  0.310805  1.78198
5.05  0.310873  1.78315
5.06  0.310939  1.7843
5.07  0.311004  1.78545
5.08  0.311067  1.78659
5.09  0.311129  1.78773
5.1  0.311189  1.78886
5.11  0.311248  1.78998
5.12  0.311305  1.7911
5.13  0.311361  1.79221
5.14  0.311416  1.79331
5.15  0.311469  1.7944
5.16  0.31152  1.79549
5.17  0.311571  1.79658
5.18  0.31162  1.79765
5.19  0.311667  1.79872
5.2  0.311713  1.79979
5.21  0.311758  1.80085
5.22  0.311802  1.8019
5.23  0.311844  1.80294
5.24  0.311885  1.80398
5.25  0.311924  1.80502
5.26  0.311963  1.80604
5.27  0.312  1.80706
5.28  0.312035  1.80808
5.29  0.31207  1.80909
5.3  0.312103  1.81009
5.31  0.312135  1.81109
5.32  0.312166  1.81209
5.33  0.312196  1.81307
5.34  0.312224  1.81405
5.35  0.312252  1.81503
5.36  0.312278  1.816
5.37  0.312303  1.81696
5.38  0.312327  1.81792
5.39  0.312349  1.81888
5.4  0.312371  1.81983
5.41  0.312391  1.82077
5.42  0.312411  1.82171
5.43  0.312429  1.82264
5.44  0.312446  1.82357
5.45  0.312462  1.82449
5.46  0.312477  1.82541
5.47  0.312491  1.82632
5.48  0.312504  1.82723
5.49  0.312516  1.82813
5.5  0.312527  1.82902
5.51  0.312537  1.82992
5.52  0.312546  1.8308
5.53  0.312554  1.83169
5.54  0.31256  1.83256
5.55  0.312566  1.83344
5.56  0.312571  1.8343
5.57  0.312575  1.83517
5.58  0.312578  1.83602
5.59  0.31258  1.83688
5.6  0.312581  1.83773
5.61  0.312581  1.83857
5.62  0.312581  1.83941
5.63  0.312579  1.84025
5.64  0.312576  1.84108
5.65  0.312573  1.8419
5.66  0.312568  1.84273
5.67  0.312563  1.84354
5.68  0.312557  1.84436
5.69  0.31255  1.84517
5.7  0.312542  1.84597
5.71  0.312533  1.84677
5.72  0.312524  1.84757
5.73  0.312513  1.84836
5.74  0.312502  1.84915
5.75  0.31249  1.84993
5.76  0.312477  1.85071
5.77  0.312464  1.85148
5.78  0.312449  1.85225
5.79  0.312434  1.85302
5.8  0.312418  1.85378
5.81  0.312401  1.85454
5.82  0.312383  1.8553
5.83  0.312365  1.85605
5.84  0.312346  1.8568
5.85  0.312326  1.85754
5.86  0.312306  1.85828
5.87  0.312284  1.85901
5.88  0.312262  1.85975
5.89  0.312239  1.86047
5.9  0.312216  1.8612
5.91  0.312191  1.86192
5.92  0.312167  1.86264
5.93  0.312141  1.86335
5.94  0.312115  1.86406
5.95  0.312088  1.86476
5.96  0.31206  1.86547
5.97  0.312031  1.86617
5.98  0.312002  1.86686
5.99  0.311973  1.86755
6  0.311942  1.86824
6.01  0.311911  1.86892
6.02  0.31188  1.86961
6.03  0.311847  1.87028
6.04  0.311814  1.87096
6.05  0.311781  1.87163
6.06  0.311746  1.8723
6.07  0.311712  1.87296
6.08  0.311676  1.87362
6.09  0.31164  1.87428
6.1  0.311604  1.87493
6.11  0.311566  1.87558
6.12  0.311528  1.87623
6.13  0.31149  1.87687
6.14  0.311451  1.87752
6.15  0.311411  1.87815
6.16  0.311371  1.87879
6.17  0.311331  1.87942
6.18  0.311289  1.88005
6.19  0.311247  1.88067
6.2  0.311205  1.8813
6.21  0.311162  1.88192
6.22  0.311119  1.88253
6.23  0.311075  1.88315
6.24  0.31103  1.88376
6.25  0.310985  1.88436
6.26  0.310939  1.88497
6.27  0.310893  1.88557
6.28  0.310847  1.88617
6.29  0.310799  1.88676
6.3  0.310752  1.88736
6.31  0.310704  1.88795
6.32  0.310655  1.88853
6.33  0.310606  1.88912
6.34  0.310556  1.8897
6.35  0.310506  1.89028
6.36  0.310456  1.89085
6.37  0.310405  1.89143
6.38  0.310353  1.892
6.39  0.310301  1.89256
6.4  0.310249  1.89313
6.41  0.310196  1.89369
6.42  0.310142  1.89425
6.43  0.310088  1.89481
6.44  0.310034  1.89536
6.45  0.309979  1.89591
6.46  0.309924  1.89646
6.47  0.309869  1.89701
6.48  0.309813  1.89755
6.49  0.309756  1.89809
6.5  0.309699  1.89863
6.51  0.309642  1.89917
6.52  0.309584  1.8997
6.53  0.309526  1.90023
6.54  0.309468  1.90076
6.55  0.309409  1.90129
6.56  0.30935  1.90181
6.57  0.30929  1.90233
6.58  0.30923  1.90285
6.59  0.309169  1.90337
6.6  0.309108  1.90388
6.61  0.309047  1.90439
6.62  0.308985  1.9049
6.63  0.308923  1.90541
6.64  0.308861  1.90591
6.65  0.308798  1.90642
6.66  0.308735  1.90692
6.67  0.308672  1.90741
6.68  0.308608  1.90791
6.69  0.308544  1.9084
6.7  0.308479  1.90889
6.71  0.308414  1.90938
6.72  0.308349  1.90987
6.73  0.308283  1.91035
6.74  0.308217  1.91083
6.75  0.308151  1.91131
6.76  0.308084  1.91179
6.77  0.308017  1.91227
6.78  0.30795  1.91274
6.79  0.307882  1.91321
6.8  0.307814  1.91368
6.81  0.307746  1.91415
6.82  0.307678  1.91461
6.83  0.307609  1.91508
6.84  0.307539  1.91554
6.85  0.30747  1.91599
6.86  0.3074  1.91645
6.87  0.30733  1.91691
6.88  0.30726  1.91736
6.89  0.307189  1.91781
6.9  0.307118  1.91826
6.91  0.307046  1.9187
6.92  0.306975  1.91915
6.93  0.306903  1.91959
6.94  0.306831  1.92003
6.95  0.306758  1.92047
6.96  0.306686  1.92091
6.97  0.306613  1.92134
6.98  0.306539  1.92177
6.99  0.306466  1.9222
7  0.306392  1.92263
7.01  0.306318  1.92306
7.02  0.306243  1.92348
7.03  0.306169  1.92391
7.04  0.306094  1.92433
7.05  0.306019  1.92475
7.06  0.305943  1.92517
7.07  0.305868  1.92558
7.08  0.305792  1.926
7.09  0.305716  1.92641
7.1  0.305639  1.92682
7.11  0.305563  1.92723
7.12  0.305486  1.92764
7.13  0.305409  1.92804
7.14  0.305331  1.92844
7.15  0.305254  1.92885
7.16  0.305176  1.92925
7.17  0.305098  1.92964
7.18  0.30502  1.93004
7.19  0.304941  1.93044
7.2  0.304862  1.93083
7.21  0.304783  1.93122
7.22  0.304704  1.93161
7.23  0.304625  1.932
7.24  0.304545  1.93238
7.25  0.304465  1.93277
7.26  0.304385  1.93315
7.27  0.304305  1.93353
7.28  0.304225  1.93391
7.29  0.304144  1.93429
7.3  0.304063  1.93467
7.31  0.303982  1.93504
7.32  0.303901  1.93542
7.33  0.30382  1.93579
7.34  0.303738  1.93616
7.35  0.303656  1.93653
7.36  0.303574  1.9369
7.37  0.303492  1.93726
7.38  0.303409  1.93763
7.39  0.303327  1.93799
7.4  0.303244  1.93835
7.41  0.303161  1.93871
7.42  0.303078  1.93907
7.43  0.302995  1.93943
7.44  0.302911  1.93978
7.45  0.302827  1.94013
7.46  0.302744  1.94049
7.47  0.30266  1.94084
7.48  0.302575  1.94119
7.49  0.302491  1.94153
7.5  0.302407  1.94188
7.51  0.302322  1.94223
7.52  0.302237  1.94257
7.53  0.302152  1.94291
7.54  0.302067  1.94325
7.55  0.301981  1.94359
7.56  0.301896  1.94393
7.57  0.30181  1.94427
7.58  0.301725  1.9446
7.59  0.301639  1.94494
7.6  0.301552  1.94527
7.61  0.301466  1.9456
7.62  0.30138  1.94593
7.63  0.301293  1.94626
7.64  0.301207  1.94658
7.65  0.30112  1.94691
7.66  0.301033  1.94723
7.67  0.300946  1.94756
7.68  0.300858  1.94788
7.69  0.300771  1.9482
7.7  0.300683  1.94852
7.71  0.300596  1.94884
7.72  0.300508  1.94915
7.73  0.30042  1.94947
7.74  0.300332  1.94978
7.75  0.300244  1.9501
7.76  0.300155  1.95041
7.77  0.300067  1.95072
7.78  0.299978  1.95103
7.79  0.29989  1.95134
7.8  0.299801  1.95164
7.81  0.299712  1.95195
7.82  0.299623  1.95225
7.83  0.299534  1.95255
7.84  0.299445  1.95286
7.85  0.299355  1.95316
7.86  0.299266  1.95346
7.87  0.299176  1.95375
7.88  0.299086  1.95405
7.89  0.298996  1.95435
7.9  0.298906  1.95464
7.91  0.298816  1.95493
7.92  0.298726  1.95523
7.93  0.298636  1.95552
7.94  0.298545  1.95581
7.95  0.298455  1.9561
7.96  0.298364  1.95638
7.97  0.298274  1.95667
7.98  0.298183  1.95696
7.99  0.298092  1.95724
8  0.298001  1.95752
8.01  0.29791  1.95781
8.02  0.297819  1.95809
8.03  0.297727  1.95837
8.04  0.297636  1.95865
8.05  0.297545  1.95892
8.06  0.297453  1.9592
8.07  0.297361  1.95948
8.08  0.29727  1.95975
8.09  0.297178  1.96002
8.1  0.297086  1.9603
8.11  0.296994  1.96057
8.12  0.296902  1.96084
8.13  0.29681  1.96111
8.14  0.296717  1.96138
8.15  0.296625  1.96164
8.16  0.296533  1.96191
8.17  0.29644  1.96217
8.18  0.296348  1.96244
8.19  0.296255  1.9627
8.2  0.296162  1.96296
8.21  0.29607  1.96322
8.22  0.295977  1.96348
8.23  0.295884  1.96374
8.24  0.295791  1.964
8.25  0.295698  1.96426
8.26  0.295604  1.96452
8.27  0.295511  1.96477
8.28  0.295418  1.96502
8.29  0.295325  1.96528
8.3  0.295231  1.96553
8.31  0.295138  1.96578
8.32  0.295044  1.96603
8.33  0.29495  1.96628
8.34  0.294857  1.96653
8.35  0.294763  1.96678
8.36  0.294669  1.96702
8.37  0.294575  1.96727
8.38  0.294481  1.96751
8.39  0.294387  1.96776
8.4  0.294293  1.968
8.41  0.294199  1.96824
8.42  0.294105  1.96848
8.43  0.294011  1.96872
8.44  0.293917  1.96896
8.45  0.293822  1.9692
8.46  0.293728  1.96944
8.47  0.293633  1.96968
8.48  0.293539  1.96991
8.49  0.293444  1.97015
8.5  0.29335  1.97038
8.51  0.293255  1.97061
8.52  0.293161  1.97085
8.53  0.293066  1.97108
8.54  0.292971  1.97131
8.55  0.292876  1.97154
8.56  0.292781  1.97177
8.57  0.292686  1.97199
8.58  0.292591  1.97222
8.59  0.292496  1.97245
8.6  0.292401  1.97267
8.61  0.292306  1.9729
8.62  0.292211  1.97312
8.63  0.292116  1.97334
8.64  0.292021  1.97357
8.65  0.291926  1.97379
8.66  0.29183  1.97401
8.67  0.291735  1.97423
8.68  0.29164  1.97445
8.69  0.291544  1.97467
8.7  0.291449  1.97488
8.71  0.291353  1.9751
8.72  0.291258  1.97532
8.73  0.291162  1.97553
8.74  0.291067  1.97574
8.75  0.290971  1.97596
8.76  0.290876  1.97617
8.77  0.29078  1.97638
8.78  0.290684  1.97659
8.79  0.290589  1.9768
8.8  0.290493  1.97701
8.81  0.290397  1.97722
8.82  0.290301  1.97743
8.83  0.290205  1.97764
8.84  0.29011  1.97784
8.85  0.290014  1.97805
8.86  0.289918  1.97825
8.87  0.289822  1.97846
8.88  0.289726  1.97866
8.89  0.28963  1.97887
8.9  0.289534  1.97907
8.91  0.289438  1.97927
8.92  0.289342  1.97947
8.93  0.289246  1.97967
8.94  0.28915  1.97987
8.95  0.289054  1.98007
8.96  0.288957  1.98026
8.97  0.288861  1.98046
8.98  0.288765  1.98066
8.99  0.288669  1.98085
9  0.288573  1.98105
9.01  0.288477  1.98124
9.02  0.28838  1.98144
9.03  0.288284  1.98163
9.04  0.288188  1.98182
9.05  0.288092  1.98201
9.06  0.287995  1.9822
9.07  0.287899  1.98239
9.08  0.287803  1.98258
9.09  0.287706  1.98277
9.1  0.28761  1.98296
9.11  0.287514  1.98315
9.12  0.287417  1.98334
9.13  0.287321  1.98352
9.14  0.287225  1.98371
9.15  0.287128  1.98389
9.16  0.287032  1.98408
9.17  0.286935  1.98426
9.18  0.286839  1.98444
9.19  0.286742  1.98463
9.2  0.286646  1.98481
9.21  0.28655  1.98499
9.22  0.286453  1.98517
9.23  0.286357  1.98535
9.24  0.28626  1.98553
9.25  0.286164  1.98571
9.26  0.286067  1.98588
9.27  0.285971  1.98606
9.28  0.285874  1.98624
9.29  0.285778  1.98642
9.3  0.285681  1.98659
9.31  0.285585  1.98677
9.32  0.285489  1.98694
9.33  0.285392  1.98711
9.34  0.285296  1.98729
9.35  0.285199  1.98746
9.36  0.285103  1.98763
9.37  0.285006  1.9878
9.38  0.28491  1.98797
9.39  0.284813  1.98814
9.4  0.284717  1.98831
9.41  0.28462  1.98848
9.42  0.284524  1.98865
9.43  0.284427  1.98882
9.44  0.284331  1.98898
9.45  0.284234  1.98915
9.46  0.284138  1.98932
9.47  0.284041  1.98948
9.48  0.283945  1.98965
9.49  0.283849  1.98981
9.5  0.283752  1.98998
9.51  0.283656  1.99014
9.52  0.283559  1.9903
9.53  0.283463  1.99046
9.54  0.283366  1.99063
9.55  0.28327  1.99079
9.56  0.283174  1.99095
9.57  0.283077  1.99111
9.58  0.282981  1.99127
9.59  0.282884  1.99143
9.6  0.282788  1.99158
9.61  0.282692  1.99174
9.62  0.282595  1.9919
9.63  0.282499  1.99206
9.64  0.282403  1.99221
9.65  0.282306  1.99237
9.66  0.28221  1.99252
9.67  0.282114  1.99268
9.68  0.282018  1.99283
9.69  0.281921  1.99298
9.7  0.281825  1.99314
9.71  0.281729  1.99329
9.72  0.281633  1.99344
9.73  0.281536  1.99359
9.74  0.28144  1.99375
9.75  0.281344  1.9939
9.76  0.281248  1.99405
9.77  0.281152  1.9942
9.78  0.281056  1.99434
9.79  0.280959  1.99449
9.8  0.280863  1.99464
9.81  0.280767  1.99479
9.82  0.280671  1.99494
9.83  0.280575  1.99508
9.84  0.280479  1.99523
9.85  0.280383  1.99537
9.86  0.280287  1.99552
9.87  0.280191  1.99566
9.88  0.280095  1.99581
9.89  0.279999  1.99595
9.9  0.279903  1.99609
9.91  0.279807  1.99624
9.92  0.279711  1.99638
9.93  0.279615  1.99652
9.94  0.27952  1.99666
9.95  0.279424  1.9968
9.96  0.279328  1.99694
9.97  0.279232  1.99708
9.98  0.279136  1.99722
9.99  0.279041  1.99736
10  0.278945  1.9975
10.01  0.278849  1.99764
10.02  0.278754  1.99778
10.03  0.278658  1.99791
10.04  0.278562  1.99805
10.05  0.278467  1.99819
10.06  0.278371  1.99832
10.07  0.278275  1.99846
10.08  0.27818  1.99859
10.09  0.278084  1.99873
10.1  0.277989  1.99886
10.11  0.277893  1.99899
10.12  0.277798  1.99913
10.13  0.277702  1.99926
10.14  0.277607  1.99939
10.15  0.277512  1.99952
10.16  0.277416  1.99966
10.17  0.277321  1.99979
10.18  0.277226  1.99992
10.19  0.27713  2.00005
10.2  0.277035  2.00018
10.21  0.27694  2.00031
10.22  0.276845  2.00044
10.23  0.276749  2.00056
10.24  0.276654  2.00069
10.25  0.276559  2.00082
10.26  0.276464  2.00095
10.27  0.276369  2.00107
10.28  0.276274  2.0012
10.29  0.276179  2.00133
10.3  0.276084  2.00145
10.31  0.275989  2.00158
10.32  0.275894  2.0017
10.33  0.275799  2.00183
10.34  0.275704  2.00195
10.35  0.27561  2.00207
10.36  0.275515  2.0022
10.37  0.27542  2.00232
10.38  0.275325  2.00244
10.39  0.27523  2.00257
10.4  0.275136  2.00269
10.41  0.275041  2.00281
10.42  0.274946  2.00293
10.43  0.274852  2.00305
10.44  0.274757  2.00317
10.45  0.274663  2.00329
10.46  0.274568  2.00341
10.47  0.274474  2.00353
10.48  0.274379  2.00365
10.49  0.274285  2.00376
10.5  0.274191  2.00388
10.51  0.274096  2.004
10.52  0.274002  2.00412
10.53  0.273908  2.00423
10.54  0.273813  2.00435
10.55  0.273719  2.00447
10.56  0.273625  2.00458
10.57  0.273531  2.0047
10.58  0.273437  2.00481
10.59  0.273343  2.00493
10.6  0.273249  2.00504
10.61  0.273155  2.00515
10.62  0.273061  2.00527
10.63  0.272967  2.00538
10.64  0.272873  2.00549
10.65  0.272779  2.00561
10.66  0.272685  2.00572
10.67  0.272591  2.00583
10.68  0.272497  2.00594
10.69  0.272404  2.00605
10.7  0.27231  2.00616
10.71  0.272216  2.00627
10.72  0.272123  2.00638
10.73  0.272029  2.00649
10.74  0.271935  2.0066
10.75  0.271842  2.00671
10.76  0.271748  2.00682
10.77  0.271655  2.00693
10.78  0.271562  2.00704
10.79  0.271468  2.00714
10.8  0.271375  2.00725
10.81  0.271282  2.00736
10.82  0.271188  2.00746
10.83  0.271095  2.00757
10.84  0.271002  2.00768
10.85  0.270909  2.00778
10.86  0.270816  2.00789
10.87  0.270722  2.00799
10.88  0.270629  2.0081
10.89  0.270536  2.0082
10.9  0.270443  2.0083
10.91  0.270351  2.00841
10.92  0.270258  2.00851
10.93  0.270165  2.00861
10.94  0.270072  2.00872
10.95  0.269979  2.00882
10.96  0.269886  2.00892
10.97  0.269794  2.00902
10.98  0.269701  2.00912
10.99  0.269608  2.00923
11  0.269516  2.00933
11.01  0.269423  2.00943
11.02  0.269331  2.00953
11.03  0.269238  2.00963
11.04  0.269146  2.00973
11.05  0.269054  2.00983
11.06  0.268961  2.00992
11.07  0.268869  2.01002
11.08  0.268777  2.01012
11.09  0.268684  2.01022
11.1  0.268592  2.01032
11.11  0.2685  2.01041
11.12  0.268408  2.01051
11.13  0.268316  2.01061
11.14  0.268224  2.0107
11.15  0.268132  2.0108
11.16  0.26804  2.0109
11.17  0.267948  2.01099
11.18  0.267856  2.01109
11.19  0.267764  2.01118
11.2  0.267673  2.01128
11.21  0.267581  2.01137
11.22  0.267489  2.01147
11.23  0.267397  2.01156
11.24  0.267306  2.01165
11.25  0.267214  2.01175
11.26  0.267123  2.01184
11.27  0.267031  2.01193
11.28  0.26694  2.01203
11.29  0.266848  2.01212
11.3  0.266757  2.01221
11.31  0.266666  2.0123
11.32  0.266574  2.01239
11.33  0.266483  2.01248
11.34  0.266392  2.01257
11.35  0.266301  2.01267
11.36  0.26621  2.01276
11.37  0.266119  2.01285
11.38  0.266028  2.01294
11.39  0.265937  2.01302
11.4  0.265846  2.01311
11.41  0.265755  2.0132
11.42  0.265664  2.01329
11.43  0.265573  2.01338
11.44  0.265482  2.01347
11.45  0.265392  2.01356
11.46  0.265301  2.01364
11.47  0.26521  2.01373
11.48  0.26512  2.01382
11.49  0.265029  2.0139
11.5  0.264939  2.01399
11.51  0.264848  2.01408
11.52  0.264758  2.01416
11.53  0.264668  2.01425
11.54  0.264577  2.01433
11.55  0.264487  2.01442
11.56  0.264397  2.01451
11.57  0.264306  2.01459
11.58  0.264216  2.01467
11.59  0.264126  2.01476
11.6  0.264036  2.01484
11.61  0.263946  2.01493
11.62  0.263856  2.01501
11.63  0.263766  2.01509
11.64  0.263676  2.01518
11.65  0.263587  2.01526
11.66  0.263497  2.01534
11.67  0.263407  2.01542
11.68  0.263317  2.01551
11.69  0.263228  2.01559
11.7  0.263138  2.01567
11.71  0.263048  2.01575
11.72  0.262959  2.01583
11.73  0.262869  2.01591
11.74  0.26278  2.01599
11.75  0.262691  2.01607
11.76  0.262601  2.01615
11.77  0.262512  2.01623
11.78  0.262423  2.01631
11.79  0.262334  2.01639
11.8  0.262244  2.01647
11.81  0.262155  2.01655
11.82  0.262066  2.01663
11.83  0.261977  2.01671
11.84  0.261888  2.01679
11.85  0.261799  2.01686
11.86  0.26171  2.01694
11.87  0.261622  2.01702
11.88  0.261533  2.0171
11.89  0.261444  2.01717
11.9  0.261355  2.01725
11.91  0.261267  2.01733
11.92  0.261178  2.0174
11.93  0.26109  2.01748
11.94  0.261001  2.01756
11.95  0.260913  2.01763
11.96  0.260824  2.01771
11.97  0.260736  2.01778
11.98  0.260647  2.01786
11.99  0.260559  2.01793
