# Version 1.0
# Parameter q0 virFac lambdaQCD pionScale kaonScale protonScale StoUD QQtoQ
1.824779304763736 0.6543634335976046 0.25711014278866373 1.379710422792903 1.6101519332227918 1.7114811596440935 0.47918198920204585 0.16869291155541527
2.3636277289753274 0.6180857647768744 0.17821476097703215 1.3871349202300893 0.6473969149155854 1.7178898689010074 0.36203380273595315 0.12401411084849326
2.3040808865520486 0.479865770652394 0.3304273330301795 0.6662690235940727 0.8845291580465612 1.1347539757940157 0.4818588540450228 0.15338397854665525
2.2598067912511204 0.10216775759584402 0.28065088656487164 1.7817151101060518 0.7135724163060517 1.6422354324219197 0.33427757971035577 0.11600430474925184
2.83746314080219 0.5711421513175 0.15853273165589918 0.5093244539164155 1.90744251629004 1.2239149102665676 0.3645213918379266 0.155999579519074
2.1063332175200578 0.4836360618524155 0.27980210152284785 1.328315751468981 1.3835676332628504 0.5451827067174803 0.3810370353796891 0.07213880273949648
2.0038160319047966 0.45100922891869477 0.3436346826760684 0.6829078701638129 1.3002502003592782 1.2441402885327804 0.38873162783183063 0.08999412294512665
1.0085450757498078 0.2902521610718683 0.2492470105579325 1.8303951743102171 1.2761176926584603 1.5943402116598322 0.25467832379454525 0.1388707610272475
1.8915540962466526 0.9832254657192513 0.1516955393876261 1.620414006036175 0.9454146570741848 0.5234594984917167 0.23687499840339032 0.09548530609282063
1.9038037588966397 0.5163450191162652 0.37810295922473863 1.7044951250267555 1.1946528932807385 1.1298309186314905 0.42733599774169295 0.10424197661758317
2.586038399717678 0.15180341946796053 0.3278641737871093 1.0028211818694976 1.9543377759166154 1.2065966865194957 0.2553441692202101 0.07653077978350839
1.1422808556020256 0.22877037645243245 0.2907352464092889 0.6056047268723961 1.802189522867572 0.8911282191494038 0.2142407143826202 0.19771961221110046
1.5334505534091913 0.23614553886744066 0.19251147090560575 1.6456606421557554 1.921066410787019 0.874246046643592 0.3038674239564633 0.1884682098799165
2.616305200433717 0.8705759101308451 0.32266018200824215 1.9957299265077935 1.7053909459498602 1.0453336939229108 0.2615717632358086 0.07287263214199295
1.4736956613720056 0.49440228343548515 0.32589168826711046 1.0089379991399836 0.8093490932251066 0.6292593888853693 0.4426455613142783 0.13955167660738474
1.9556950811104223 0.9786369949251531 0.10835556759429889 1.605902548989496 1.4345336967698068 1.5750554213126586 0.2158986865311092 0.0833501633938847
1.0404380359080747 0.3432087846717472 0.35496281731007095 0.639241319688298 1.5126632380474483 0.5678863729400574 0.30755219705088593 0.11308219773569408
1.1967711652918855 0.14151840400088428 0.24477107989441663 0.8445232379279537 0.6106537318739316 1.5585999034139872 0.3240111229613267 0.1982564678400758
2.754339856785267 0.49005131142661684 0.2593988841091675 0.9401183561431116 0.7718784544046693 1.2738141154875562 0.25759037753354463 0.19130289041875512
2.4130223543796316 0.35932003990781686 0.18440189460656645 1.8332008295375175 1.0628391781008992 1.5525881072589467 0.47266888660612355 0.0775354537678022
2.678989702176504 0.6765975705236897 0.20178841170685818 1.428591095545619 0.794288049422746 1.2823396724479206 0.3838929451533162 0.07771119449971271
2.18247253884001 0.12829278748972595 0.2631367697017979 0.551300901098698 1.4225909895750166 1.5234165701119657 0.43160574886260183 0.1333875931814683
2.057903898098472 0.9636158066476688 0.34210879335366967 1.4692170140121004 0.8232378279456802 1.4174067906615508 0.3686912492224847 0.09275576155532593
1.762979141523809 0.6797849694581615 0.11290425610054464 1.8152473850002953 1.3148705071983455 1.6479551104688068 0.2213286153874029 0.18222206163145116
1.1713955246315175 0.33258667334130876 0.25363994546247143 0.8415077642716813 0.9269508686640658 1.7791414736718474 0.31701431231203636 0.19050527351291224
2.817868835747145 0.11585247326987519 0.3189194501965396 0.905269286585019 0.5704438462003447 0.7221835289315195 0.40036668767396727 0.14356602711264885
2.874618065959731 0.5948216903488317 0.2897288518528954 1.4555309976848192 0.6665043583326252 1.3120077741002474 0.27602383855525137 0.08602370000173847
1.3997563511645879 0.4146249306110454 0.307990591004342 0.5858352076316945 1.0746307565596416 0.9716076462564482 0.21065831005194596 0.12623674640125365
2.1617778634932168 0.547970153455956 0.1503911245247492 1.3578055465780623 0.5488011266654453 1.0913489342558649 0.2812867723493586 0.11850591562964342
1.2186169611250797 0.1306519234955595 0.38319335537931165 1.9031177591245587 1.1397864272941056 1.9987321337295494 0.3763486912203052 0.16669489630930848
0.9050880617774764 0.7728497707734187 0.14459208458476533 1.7942829928431263 1.1139650127767853 0.7088337989802193 0.247174861110413 0.0852724735526021
1.5894652363442883 0.8236939656884861 0.17739241401353237 1.9714504808172169 1.8137829148451643 0.8767964917225346 0.2595385951780356 0.07223174104727699
2.018989068913809 0.14581957627756337 0.3144792397730553 1.1562668350729848 1.88147923738978 1.3873780895008248 0.48377863177031444 0.08684359314231106
2.379011613960862 0.46665263406960317 0.1899809649733221 0.5315056960834419 0.630145999415218 1.718899299484973 0.4399833212036113 0.1318152146181855
1.2859418200020372 0.3579151503467984 0.3896542392815547 1.9438134751257894 0.5410112359848438 0.6099422912745065 0.20171859228021743 0.1372173329488793
0.9603615664470904 0.6319893610039542 0.24052636251936674 1.3411928625452385 1.4677100147503765 1.1022920904189266 0.40475138741969957 0.1897522693775288
2.0907166036133837 0.3367150672191489 0.17947947984412702 1.4616291299790933 0.8435677554016386 1.0863737325903262 0.327653148903578 0.14918839022345248
0.9282213851644022 0.9389358291591506 0.23609069732390425 1.8800155840733184 0.9758706015152286 1.7651903120422996 0.4153992808583136 0.09660338296283531
2.4857508655046603 0.5358855664453822 0.22765091927245748 1.1473026480310324 1.5211979795967694 1.3447961918800002 0.3470432799342588 0.19659571252257071
2.74615661780654 0.596600947637545 0.18164445972900573 1.9751906678661675 1.5286916483699167 0.7573068332502345 0.2608182877077782 0.1586326511925257
0.9907923292051937 0.2475409811874617 0.2726786482630656 0.7040783844822553 1.3438348715152475 1.8147776170417034 0.4424763528618101 0.16417940408777745
2.8673205078019883 0.3074023703940988 0.3991130868285784 0.7424191326205536 0.6371194488057683 0.6657681282100723 0.27322999424285865 0.148347459071295
1.1666335374916905 0.577808384704953 0.11500158930778076 1.2562739199973787 0.5956374726319801 0.8259487162258135 0.3390573603286723 0.12896729692885944
2.155151952949395 0.9131313451461892 0.38586601187420644 1.537734065105117 1.639537773302443 0.6486551751348757 0.4691281409653604 0.1889772299565627
1.3164681555775894 0.12018037899435581 0.36914124323518727 0.8952929180975967 1.9269656121151317 1.3964711546434843 0.48290465110706166 0.19887603571672136
1.6430933130037948 0.6094604079333472 0.25202365619903805 1.0884595900140313 1.5950204146642055 0.9401217118658408 0.44081379357144973 0.16276483835873704
2.6407706227553827 0.46155982286763403 0.1357880346970787 1.8624580838837486 1.0035392386969886 1.3423257151300307 0.33217990215865345 0.10359095019334821
2.1446670200440607 0.6660915633467409 0.3208548192096584 1.6355462879178209 1.1638026390357528 0.8575941149758721 0.45446952865370405 0.17088658473973575
