# Version 1.0
# Parameter q0 virFac lambdaQCD pionScale kaonScale protonScale StoUD QQtoQ
2.035923962995105 0.5156582750699348 0.1272097059774482 1.4421561057679173 1.274333491537745 0.804962586882222 0.34138193443567794 0.15902951921275688
2.232985720303809 0.6009643936770797 0.25571180976258806 0.8286730838327877 1.0183740940241326 1.4265614809276006 0.25333384687126626 0.08765711391484872
2.1227774603618768 0.3484663247896264 0.3117642794524601 1.536008191433892 0.5602125461076026 1.974978482548179 0.49711642812441104 0.10688730847287564
1.0935437383170712 0.2153774291931179 0.3356005422340011 0.812207059367925 0.8546993141918164 1.9900525727424692 0.32563155509821606 0.12535354115033578
2.892348381302536 0.27574764967593995 0.3163268879307849 1.7749503538147324 1.1285314983689259 0.7374217486737353 0.499207892884887 0.1616774229036418
2.3113219250033796 0.26551945774569746 0.25432165629294545 1.2678570077849 1.3629957294367283 1.0970642680572629 0.4864173533921189 0.17773505928460936
1.9306582498067244 0.2806425859771214 0.13712803259765308 0.5237132510392819 0.8600248345776569 1.5815303965069063 0.27670506142965273 0.12829879685889786
1.4870460705110784 0.667769240652525 0.16055803249048187 1.1044724895314912 0.7534989840075521 1.489741065588018 0.4346485761195429 0.11339607472525703
2.0781428825423527 0.711659715406214 0.39647412882462135 1.368354568682661 0.8318493464778194 1.1451260333134003 0.38239593118666554 0.12031537963252649
1.7875156788206437 0.787572453115617 0.3804377796342129 0.5482791241091031 1.4601543836481612 1.6949110266682033 0.4805448806463049 0.1721182560691248
2.3762437237569833 0.42786580813074027 0.1677457532956544 1.2711871184696073 1.614110866669172 0.7936570345614933 0.36627638964663045 0.18506136227135198
2.825480430955681 0.2330955591348696 0.2959049865792401 0.7185797321874584 1.540333193485571 1.1801635783461542 0.3226349486542558 0.11528444790680793
1.1305456766289583 0.2434605825585603 0.34708906206899515 1.8884410180595108 1.0905797951533174 1.2399095584863715 0.4784001729347916 0.13313418776517974
2.4262974328101943 0.5119953415039847 0.198339198532214 1.1926872173522924 0.7441241527740965 0.7685559535029843 0.31945977475718446 0.1786675456029145
2.707795307823152 0.2721422053300422 0.10637194067584105 1.7456814420181126 1.215099892361775 1.4040770695309412 0.3752452277815219 0.16793740979214813
1.2736213364793667 0.2567070276335473 0.38750483882562625 0.6107307387250439 1.6560239049427852 1.172248192439375 0.4720828012299396 0.1575367738490684
1.5718988158974068 0.1772808456222852 0.19155744850671227 1.5022262776088375 1.7217940888228298 1.3030942706062072 0.3898188575258696 0.16111470239856424
1.7270864338793843 0.8574203371186614 0.2881129330182931 0.9201210338335749 1.0863037999781748 1.8325676342088215 0.3412428505335929 0.09080942266322138
1.6667242394274404 0.7845234382897358 0.13398224467165823 1.3710575370636575 0.6216539434763476 1.3339243039774153 0.46509220325394307 0.19263033933688883
1.103465313414125 0.6411180938257588 0.11391972215886075 0.9741423733313271 1.1476509807727406 1.8520397242373685 0.26584992852740713 0.1426104449768327
1.9207333539908193 0.4344825292669305 0.3640915096810701 1.6083947919736927 1.630295644418102 1.9424965219532522 0.3142165377810368 0.19527736593788397
1.861226952810495 0.4152756510185772 0.3045410625468504 1.7069493191230656 1.0979347560138164 1.8869067497896932 0.3857087499268836 0.1488813001594851
2.4173290328323405 0.4423529877697253 0.2926407952581297 0.8630275244793528 1.9824335496836707 0.9917496709370247 0.3087788501126634 0.11726156438326678
1.2351361185321441 0.8384871101125821 0.16402691158538765 0.819386106350969 1.694412693403384 1.8618989389375011 0.4896223709666881 0.09231066407914393
2.5612957616713747 0.6556998377681947 0.1464705193314147 1.1657142924727244 1.1812841883792926 1.452066541855353 0.30317018591316414 0.18339901307243647
2.9723796160426876 0.5640211007499653 0.1192309933243516 0.9551778888523482 1.245339243583806 1.4356449511619915 0.4456955397438041 0.0708803630560875
2.918253795233393 0.6922498336885928 0.24563835332311462 1.9065240872826457 1.2349149918025282 1.1517119260795994 0.26280804389482004 0.18431415027026307
1.0262053642034965 0.19220895289346146 0.39327515982062317 0.6912380029104632 1.578883834376283 0.9811955767610813 0.4219105957080875 0.15423637198942308
1.1250408097426405 0.9253684725564814 0.1723418240521145 0.802216233723309 0.8057155091169855 1.0151007285512725 0.4232499923411974 0.0823622932266066
1.2033309081474064 0.7255867428454185 0.11138605106484185 0.7515397510300234 1.7163543343429557 1.8220385382101552 0.4668515902417865 0.19989279521682138
1.7821974751822793 0.8487216582395216 0.2968929561417889 0.9859276487329447 0.9074736913656011 1.1566348011861027 0.49317235959629535 0.12239759684948119
1.9879451772827277 0.5012941232931213 0.2414083912185202 0.6536269696427383 1.674957848226723 1.264684163979191 0.42872538299406443 0.08433451441757742
1.060388261226943 0.5760312367336539 0.3797030630535445 1.7205252876322827 1.1369103543796089 1.9289846994450786 0.39277797076783344 0.09869275378819838
2.6316119527137984 0.38695119716639836 0.21378997929106175 1.8680801289174247 1.057201900057702 0.5097039343022873 0.4203799956148566 0.10585582387907778
2.321706155361011 0.808265291177678 0.22730998586734216 0.735182255322349 1.0300176825309113 0.8481873248512816 0.3201360001342427 0.1263823872841614
2.2150488025463617 0.8909311378731514 0.35517329039705264 1.2848345285463125 1.5480271799098047 0.5136611152321577 0.403002444249002 0.09214959989874301
1.380564168092204 0.32725216364080867 0.16965340482899335 1.1720866250114574 1.5059657677206084 1.486312380221988 0.3512091224730047 0.13861950006477114
1.4778576572578959 0.7488424395828048 0.24700383456185163 0.7849322141111478 1.9171899048482755 1.9824601138971172 0.3718696763806641 0.1763862359469382
1.3101589800286588 0.31112338347262547 0.3984821311320472 1.9643582204264503 1.3774731490936412 0.8840961202332843 0.43049283355596 0.17288688957771067
2.224936969416039 0.9425841644202986 0.20879971910042497 1.229361084552531 1.5889546469176212 1.785539020615977 0.23474893428914906 0.18128419349898703
2.815162711300029 0.7020816190703163 0.30922728175537867 1.556951655067232 1.2192238888525535 1.7941166251936502 0.3900504461211567 0.11451335849715229
2.5940626532864415 0.8321073200153905 0.19571585864092023 0.9464062316768935 1.3576990306196244 1.8888871641683138 0.43547765005032485 0.195692014088835
2.79021192206819 0.558024089890694 0.33467865356399346 0.5008021217768917 1.6014696615244088 0.9016586728707178 0.34310378935067565 0.14136885705784422
1.345739614931893 0.5502718356460647 0.2385583967003735 1.5961712623805155 0.8962735153749671 1.9002831378160272 0.3602049268852955 0.09446121028413543
2.642764681295192 0.16471937770425168 0.18363540864186473 1.8225130859293397 0.8269646753520139 1.000715934212366 0.31058212478138 0.12301563451744262
2.7887481812417954 0.8805994061189404 0.3848226247371036 1.300745576854854 0.6694949246592592 0.7268466757856823 0.21307547025031467 0.18426475371023054
1.4268723627447215 0.30532939925829655 0.14619351272309886 0.883465482657213 1.9737583020917449 1.3609755063638567 0.44757226081343915 0.15191861411360635
2.4027751479044186 0.6457093858651357 0.23926726445572463 0.7077595505952924 1.5346109609466752 1.4638146798557252 0.30205894738700667 0.14623070270489366
