# Version 1.0
# Parameter q0 virFac lambdaQCD pionScale kaonScale protonScale StoUD QQtoQ
0.9439226838705135 0.6872272350543613 0.17399229130687419 1.232057609012183 0.7092760802960973 0.5552793629430012 0.3479248137779679 0.10478239000185112
1.961726060583605 0.9898241953455887 0.2863312210886304 0.8785468825231691 1.4287971137724442 0.537523507983335 0.317800627901884 0.1121420071992972
1.659648761922101 0.9233028053542698 0.36268042430494596 1.9341654295108028 1.1794538333339462 0.8116581593207938 0.4089849273180653 0.19678217790770708
2.96366183256754 0.4772753605149352 0.26832037693702754 1.7388487987546377 1.6686149176976812 1.8701076349792327 0.42424880610134125 0.155456658584068
1.3253301327519438 0.29444128448364226 0.1548237009065862 0.9762661844606343 0.8902896041612516 1.6730809683444494 0.2845554645320913 0.11922875850725864
1.9355089114582846 0.7999712908395519 0.14166321981361668 1.2064154177632438 1.1060802876418536 1.1646463345431308 0.43715899237503275 0.14580433953586197
2.6946723243055413 0.9583879184538497 0.3920102842290491 1.1100871241493286 0.5264865721945887 1.8807336072620449 0.2277343508901154 0.11711287032652228
0.9088738503776503 0.8925500553817837 0.3029900312403075 1.9197931884479695 1.2550784606045748 1.8062466036111424 0.45241116076726967 0.16535024099759849
1.8097210293519552 0.43952976909084296 0.297712508113836 0.7211434171030132 1.8945992525786846 1.6185013863241848 0.2695075872782824 0.17897397341650392
1.4384862999693393 0.7434822242632165 0.19937992034183843 0.6308495178965103 1.3417041344636607 1.1997986087952848 0.3708649688034997 0.07870864017673716
0.9807230086731902 0.6051778814956563 0.15351018045966508 1.6973392314940632 1.3072926734220311 0.9656236463081296 0.3330816274347063 0.09644725255845706
2.2726833401746305 0.3625383806284022 0.3664050330002841 1.5283270725719573 1.3747586692886828 1.026902605581824 0.2916697569283325 0.15820134494647844
2.569031906295413 0.27946109583892564 0.32482375005588654 1.6763928837098006 1.1200120717329956 0.5371944412788345 0.27945912467420225 0.0713968265632969
2.6760362080389344 0.7161168340890425 0.3815441116644926 1.4630229596262612 1.475047432267028 0.5783311331720894 0.33065174419480964 0.07500075769598191
1.6279196459645906 0.3912662106207238 0.27239705965176686 1.4838653589702364 1.8571067611326693 1.4567885499858455 0.22475634226989366 0.12785713387041062
2.4746886312513987 0.43089597498110005 0.10597390919796223 0.9086183819093252 1.8275756224853619 1.316843248429066 0.24284566179526892 0.15481671594708907
1.704424116670322 0.7775514159722031 0.3272325422758369 1.6670792525585982 1.3891959389042472 0.9101893612795345 0.21814107540306313 0.08050965015073451
2.728892490266557 0.8607898878572968 0.22396059701224927 1.0271555434343285 1.8422056881487072 0.6857942140503092 0.24119800594175186 0.17450264895976947
1.811724762205816 0.5549950051181002 0.3708174135948264 0.9351289708897158 1.008962462290628 1.2917303235914175 0.3945387881475296 0.15094447346481402
2.7130924479167793 0.8020111426772405 0.3597986762248891 1.7660929209171936 0.9021939414924403 1.6352731395040425 0.2439329039482106 0.13638732384774538
0.9250848546387193 0.5827102351121529 0.14275103249438797 0.8600596279411653 0.9514380259125103 1.612061045142435 0.23055277766489993 0.17611271230820946
1.8826000682466106 0.998406790586649 0.27419800374913317 1.219276326197522 1.9654416898531764 0.8138391504494021 0.2719616231769921 0.07623943355514226
2.886014303220209 0.7656746377532078 0.37151524009250386 1.6739864364589618 1.8339096791010039 0.7416277833483225 0.3156414588121771 0.07953051024512893
0.9756155918850943 0.9925386442784945 0.35138826388970074 1.555285461085726 1.0354454449263344 1.6575430702426515 0.4113195789393224 0.10783489736491987
1.1579081154525237 0.8799870708961368 0.14108697623329838 1.9548808589930653 0.5814516707476096 0.717745928344997 0.29747573331505717 0.10804105595345886
1.5776468461296287 0.7392106797747514 0.3609727870366173 1.9818547433987883 0.741238978774176 1.0396482885461242 0.35212951581417024 0.17701329241561883
1.4101802364545808 0.8961908976199016 0.33627575951738337 1.5689805420400702 1.4982348151335703 1.8283761292747387 0.26436390466257037 0.12714204071766377
2.169991777536425 0.8154806635725315 0.3126023013841875 1.095026689023756 1.191550649107006 1.0809971675279257 0.4495800610194534 0.18044549419954747
2.451163653370114 0.920786901593714 0.26203593668568576 1.5078727267626695 0.5781677764623119 0.934343428666343 0.382790492780427 0.1920585630190108
1.347859094025849 0.8739193477168329 0.12465101840197282 1.0454929769522294 0.7851997378052976 1.5295992253439132 0.3454775771393507 0.10998489458598601
2.8543533611933958 0.11109151190563009 0.16598245351713717 1.0685828309407093 1.2042603265609781 1.4998613578275815 0.3970877673425052 0.074118211806595
1.7458347916117796 0.810057755735936 0.10992788208256768 0.5150517561277419 0.8479545556309164 1.3922065367383094 0.2885582139284744 0.13116490678703033
2.125823178357216 0.9610402275569914 0.2781657726068715 1.7544206558928326 1.8447880415765676 1.7604439883572016 0.2935579648180149 0.10289409709232235
2.7745760660341636 0.19773354256183606 0.20672339629444075 0.5393832417878819 0.5020190336559905 0.6893120026610307 0.402284848175154 0.15357912439622212
2.9248847581899633 0.770857342489763 0.2045621566380748 1.480502913092362 1.2395181725087308 0.601875731959609 0.2978903291483346 0.15966512571852234
2.981665576492024 0.37501249318478014 0.34547181962872675 0.5646517023039084 0.9713065886147986 1.2048399279435362 0.249875989403992 0.16953633625131956
2.1123932823957343 0.6284369092780151 0.31069614677360835 0.5988135185437286 1.778460627151852 1.625591184809265 0.44646626186448357 0.10953968598988661
2.3453792285614803 0.40543618416440064 0.22341841775015625 1.6264122427703773 0.7598790408292844 1.106889314558168 0.42557037280249255 0.12514328293490098
2.986561377086661 0.9056609595108347 0.10412483352678269 1.5225149562496936 0.7637352710886716 0.6754568789773906 0.4616822524569955 0.14422704124385854
1.3691611311889516 0.8438651556794623 0.36593010039332746 1.186470924442794 1.7343304204292285 1.0359258642329203 0.4563850145766576 0.14087068919455542
1.9815067925045133 0.22184889827750054 0.19412069071660773 1.5670487469381307 0.6536008933037639 1.5883854660358983 0.3689516441309723 0.074518905215574
2.4442639438280165 0.15758857467320192 0.37738471465412965 1.9417003069951886 1.0508444611685304 0.7010133678587024 0.4959440336759981 0.1716300434703198
2.3425316507730427 0.6145543678954328 0.35865894412247296 1.0375266050895664 0.6878538649676592 1.5457043398637285 0.4148839568028242 0.09895383070661228
1.544152972140429 0.22538463024451885 0.14785762562068905 1.2989337436338295 1.2949830593371243 0.5739598044498214 0.30678271375946103 0.1469801784280763
1.243887949680989 0.931599462115461 0.10310013547224658 1.194884526568451 1.809830675176266 1.9675214829720358 0.24146944127737766 0.12138726109071192
1.4208017309113332 0.47049747214634113 0.10059211678681447 0.6218001801166935 1.2862645768147796 1.9221089023452869 0.4588177216515351 0.07862658291479659
2.2405522197729666 0.6132632720029823 0.18668006112885505 0.7724143536706335 1.4861620900740022 0.7834697446158035 0.464297872924835 0.09160649550127256
2.9478279733200488 0.21070185069019035 0.2820703810167501 0.7760572257615788 0.7341324624507536 1.5391343069443966 0.289155834968394 0.10004476542953183
