# Version 1.0
# Parameter q0 virFac lambdaQCD pionScale kaonScale protonScale StoUD QQtoQ
1.523674232110574 0.8196761671224001 0.2688261643564045 0.6331642624616776 1.8692150076135456 1.2178889965635114 0.4949128316162976 0.07582215004224024
1.2514708695133714 0.4867478513158544 0.23709609405325419 1.6824754577619507 0.5537454839347693 0.8999505364042147 0.32135932407536616 0.07005519253600791
2.8458466890177703 0.42118104104179144 0.11854462180215243 1.4892340783833196 1.5679276372977162 1.5115230333930216 0.4510866408011138 0.18965577993434052
1.3916066210876537 0.651137628389056 0.30742834357727256 0.7940921979580456 0.6389238903178707 1.5360299964438484 0.43790274017277575 0.16426348844490765
2.5726072080843077 0.24004088736922743 0.3395421756197475 1.9607024950998528 0.9349980909829695 0.6189046811087702 0.337152628475243 0.10535620635391134
1.448251850062491 0.7456127523970638 0.2102514069649561 0.5878704548841709 1.9314751490599849 1.2275134945597082 0.30530659456798526 0.12445414611423006
1.3020914520499993 0.3840837268626327 0.17583401901523188 1.3102238151034218 1.7859510613474687 1.2773478682078288 0.3784660031904135 0.1780044798667405
2.936685293798887 0.8860824802484651 0.1701786235507983 1.1148331090134498 1.4171503416765954 1.4753141558717613 0.35703994455802557 0.09352135311610021
1.614455459953685 0.18797770751522405 0.28498068842093593 1.020391817377532 0.699539259836146 0.8663380261090524 0.33775498149139577 0.11113378777719343
1.5595245583016226 0.7620168834084892 0.3212869626082648 1.61493300804891 0.6763503565967962 0.5578669656808833 0.38639963369895713 0.15720379471027818
2.0516779114469017 0.17238188874522253 0.197495343530458 0.8927138841294306 1.4478123001096022 1.9792869689063257 0.24865412848635965 0.13032075216615174
2.333941647747804 0.5888173800441967 0.3734909998805478 0.7260733355842912 0.8769782521465449 0.6513145520522263 0.31373391350550084 0.14174569042267676
1.674524062331899 0.6378852417141411 0.3757550045365059 1.1531089886819077 1.707275971947169 1.0562090413958032 0.37275742052448785 0.1563886017778089
2.6117469819363817 0.6245584022775058 0.39081404691241217 0.56128246756181 1.2937169615179571 1.3752340212984353 0.41339707219008803 0.1505551353979065
1.9458036856285066 0.6705985446899192 0.23034518212669297 0.7618254750581913 0.8153728306029129 0.8430607986077002 0.3492624981843346 0.13507665489441936
1.209173528229268 0.9707973042378076 0.18614249801662894 1.2457007269895137 1.5524671985867946 1.1409208965386997 0.45838859164133317 0.07377309512541938
1.8450585909140476 0.21965463540343333 0.15615444460606054 1.581810789986491 1.7737533863071664 0.9607337921549693 0.2671910736273702 0.12937638916766775
1.8010744087225659 0.8995426830368813 0.19007446801419448 1.4207817565655712 0.7776124930396228 1.678646342446189 0.22687768695276175 0.11048268803869733
1.0148553175040032 0.7216036990891037 0.3500732074784384 1.7149411220912352 0.518656957565613 1.4222113031342254 0.22290276459589203 0.18686687616494632
2.2496668394822117 0.3213116444264992 0.3156108392399013 0.8710808147505488 1.0433125609465368 1.1823863256670664 0.2784549265172661 0.1161476487974223
1.9696659324444967 0.7072172661167632 0.21852059384675154 1.3925532938090806 1.901461935483036 0.9182313066217129 0.39207658065028134 0.18285231574799796
0.9614861547124092 0.9488509519047514 0.26647068266639007 1.0526012917125307 1.6441313669922197 1.9184437007712343 0.4917337804472087 0.10331859544935229
2.2833151731706143 0.45253781374759716 0.2612077466048575 1.2183802576550329 1.1501811234440962 0.5860393008298632 0.32625222439589524 0.19412026084376016
2.187017845633093 0.11329557614344021 0.3010307376299065 1.444621519613771 1.3964335081696013 1.1154162465526718 0.20453362045338283 0.16814688817881598
2.5456342571874524 0.1365867895265555 0.2213894250178134 1.7601088961536875 1.2637277034416816 1.6249539593892786 0.21739730388809517 0.08790911772024829
1.5101731568884624 0.9338172842579902 0.39510994925514065 1.7288063882754237 1.9587170985110323 1.7520178810353413 0.3626253973439772 0.19902639495546978
0.9388295162407815 0.5686867696690915 0.33315814241181807 1.0828163819897623 1.7280915362463996 0.982723756422119 0.25720946619073426 0.09961117373746234
1.689565701382222 0.9087015932851078 0.2773062451049946 0.6160350396613348 1.2110096372146177 1.5708605559869184 0.2742286896633507 0.17991712412727467
2.6549284097487633 0.8530476297106012 0.16637753524192334 1.6432025009729874 0.5907916867406358 1.744813802720806 0.47541049883936143 0.08027836321329201
2.3558458204976582 0.1402087551744499 0.2989798534867871 1.9877424895904374 1.8240566128638815 1.8948904078100917 0.2376530939770195 0.13800875030972504
1.0828601647083063 0.8406117936247391 0.14888678816703702 1.1761169406979994 0.7291568525778832 0.7763578045609734 0.31189807662612956 0.1750726568436306
2.9953100229310174 0.7945240408286067 0.10186624226072512 0.6973922480067634 0.6149921194410697 1.8409761054937872 0.44469878092857046 0.10040290787974658
2.0828979960333776 0.45966721512430186 0.20019116487926406 1.8992079537785806 1.1086965132726065 1.297552892343011 0.4297027904634837 0.08169807556079714
2.394633080027618 0.2638254232419744 0.16215952000832395 1.5482374353001371 0.7883907748809804 0.5056779845862195 0.29117770182925384 0.16735058273244977
1.9989796888534186 0.33069253050383385 0.1201048849697647 0.6610687169360578 1.3536386180335593 1.6529274056920484 0.39951552113811584 0.08516653985470675
2.1412979654159545 0.40979188009699496 0.3483509544301528 1.514553827997653 1.0240271237715723 0.6611738389913534 0.28515720262105804 0.13405480815213147
2.4329843383782523 0.3712355890979866 0.36807599825622805 1.2542665400822468 1.335351358233459 0.6986068447936847 0.35551009133767475 0.14412892705279
1.8768441300710972 0.344904024615161 0.24823740802688085 1.9311607245963773 1.660714114572985 1.8633303887553834 0.20956307579436428 0.19484368353049672
2.805869821617061 0.9854554507745017 0.25010407437517446 1.7910118669917958 0.8694503179143436 0.7447328452112113 0.4704864923609063 0.11431485308180189
1.074315645112281 0.19596584749021623 0.38674554593375055 1.356227328339671 1.9801405214751238 1.7056245503534424 0.41974639546754394 0.15263802294254486
2.911205241773565 0.7790050164334961 0.13941322079416227 0.9612628581643325 0.9405360639030375 1.330546141280093 0.43271301432615117 0.12082133401393463
2.5136613370476377 0.5334125383021779 0.13162640811117232 0.9964702708971003 1.156392794041691 1.0062724560582081 0.40710291773884794 0.1605066569686683
2.723016726798061 0.6936331181503285 0.35662805883416804 1.3227228623800047 1.0768808462195025 0.79797030814905 0.2516930330745728 0.123361596058848
1.7393352165501474 0.28691607112230477 0.11118035425379784 1.8414327361017184 1.4724626345482619 1.366532541459157 0.4856895513550857 0.18618431055678056
2.7596820349674887 0.30119255974222936 0.13055987240602016 0.5274702600699739 1.621978742492108 1.0740997097276916 0.40572408904024093 0.08913609524719375
1.1838890559412718 0.5052922039979793 0.3295843203939325 1.8450111541387213 0.9836637002077782 1.4462750410746943 0.4685740914016097 0.17041759218660926
1.1466026614262734 0.5855500404195809 0.29172937125881293 0.833596270622943 1.2276841561643375 1.8080318257886858 0.23565185193835075 0.0952759598182867
1.3615557586823486 0.5232813148697867 0.24364304039468426 0.9172686976207369 1.5115504386407834 1.9553579721433811 0.29419995510914626 0.14781703931617726
