# Version 1.0
# Parameter q0 virFac lambdaQCD pionScale kaonScale protonScale StoUD QQtoQ
2.0718730705057484 0.9767093848969813 0.3051769515992929 0.9264494733704932 1.948655415885753 0.9473968967819711 0.4911260500376734 0.08363006979642955
1.038983740400271 0.7548405376612349 0.3496490771728823 1.0594540126482432 0.987745458917628 1.7347722963294976 0.23930260946897658 0.12148191976111872
2.5264238087925817 0.40276417497369127 0.20622344888317098 1.59198041160162 0.6564356023900958 1.9463431168968404 0.47631437032342083 0.18755805078167118
1.548645352357908 0.7585213878746722 0.1564297353929948 1.1414607961213328 0.7213481973311817 1.6847921689939973 0.3352874789209234 0.13672374499429127
2.0206213371252484 0.7323462869375165 0.34066361097086467 1.39869427012365 1.5715933980315273 0.6391504012206435 0.45509019536631107 0.18079872974233765
2.493077054450262 0.9692492153625638 0.18832221541457375 0.6493760619404191 1.045124753240064 0.5910510284573091 0.3006891600806477 0.11231513362059335
2.945525142831874 0.8658783102426613 0.1633199274121584 1.2929402429357846 1.8556683012099602 0.5969057341088989 0.40869898861415654 0.19389475649410093
1.086269070496559 0.37948401821803446 0.12946788243115245 0.576919790903928 1.6826568144734726 0.9267246312894091 0.35796338166337316 0.11809196097688013
1.6083432933667903 0.10563233968564371 0.3528380811826798 1.5790001652657926 1.6927154981215315 1.1904023137337956 0.29973971880811606 0.14253497092670642
2.6605770843314653 0.20373580088789925 0.20271535838884425 1.0169191031104075 0.5641750349418885 1.4090446172090985 0.4182430056429451 0.1087978830327534
1.9067946603376527 0.5424910576472691 0.12539839057372118 0.6687512607865557 1.7494495268977817 1.3535294095157604 0.46058695999366245 0.1465889254720382
1.4679496235112828 0.862480019689861 0.28569437685721155 1.3132008844639182 0.9633170702688117 1.2567315987501448 0.3443991383692355 0.18174053108695692
1.6175680046315877 0.6610687088712326 0.3187156556636958 1.1238016064301446 1.9951201849652083 1.7250492883955335 0.28064428013968135 0.16243591393389828
2.4613520459101865 0.6342196101817068 0.11700969363703266 0.9912563730612536 1.4561248316405275 1.7387070290853592 0.2872847394602307 0.08867455097029478
2.9017075232292906 0.18541401084766296 0.3024099522884969 1.240534816948946 1.9910497686586734 1.4749717130020348 0.3296897637384366 0.19302113734251228
1.6504474418580348 0.9516962220691291 0.21196026460989445 1.91602571394729 1.7508811706295584 1.5181526072370561 0.46289204472765966 0.10093069284235749
2.767513172264092 0.20711825131560752 0.3624864641316523 1.433133438495703 1.7886296786563338 1.6634960335285196 0.39788669123470066 0.18587930166256253
1.0009063693099647 0.6983062948509814 0.21261979524642619 1.0779495169707258 1.942247120334322 0.613942661512962 0.37391489195024064 0.08122912467139731
1.1130331445179154 0.790414147625635 0.15918897279321942 1.6566273184901972 1.761820837545025 1.0617807605237901 0.21917718330993724 0.10234517071129133
1.266312129100336 0.3543488986523619 0.27102285260884207 1.4099302328133045 0.9996791992243832 1.6054602106480842 0.354327751023017 0.15129691008016422
1.5181123664732208 0.5310439985333443 0.37402395232330976 0.8539355559667128 1.8672407837556941 1.3728714092565917 0.41091846703822904 0.1324182479802766
1.8304015973967191 0.7270703731562791 0.17339079871551205 0.5739029084458588 1.8922367506188185 1.4380338907855883 0.4527818184013743 0.08259290494166796
2.476138408442787 0.6840485990457453 0.12757397824034122 1.4148225929217468 0.5094030686803442 0.9235025086372127 0.25037498156945115 0.16023193341260045
2.5350448344645233 0.17101462384979832 0.23278735678895504 1.6544641221066634 0.6870475065362498 0.6741135326595517 0.22113110226241403 0.1360190643863167
2.20206512184018 0.18134182436223795 0.26592958134398953 1.3484571970548573 1.4043622855280442 0.8206954880699227 0.35292176937284336 0.11154558105078945
2.2784215888532806 0.7374923963517137 0.23182838913309145 1.2007811236419044 1.324615810008929 1.323175496046141 0.283629318675547 0.17294298853546206
1.5953399043567298 0.5002228721709191 0.25787399984711096 1.8868771285654027 0.5325317454157663 0.7553323603267204 0.229030976188629 0.1399165879114133
1.4527273426494245 0.12394865660494339 0.3314272227290761 1.8736175124918888 1.1715005661071443 0.8349081315700804 0.36552927404688534 0.08647265728695717
1.843926195984014 0.9443699592690941 0.33808538677319044 1.853621274194666 1.5566388856797386 1.0241792268652086 0.24579644015617894 0.1193492990745662
2.041438772043203 0.8286966198066494 0.13809639109022995 0.7439405547111904 1.3309349913874018 1.7922610301152335 0.20694445692177052 0.17372785249235412
2.6858920432602584 0.25927093825098785 0.26476839676512354 1.4019355734709573 1.2607775577968268 0.8540693813965778 0.2327590776862893 0.16591086812016717
2.599519421858781 0.36818052978059224 0.2295628630509874 1.136101271833581 1.6335225509387816 1.2536053737042194 0.3956363913750427 0.097367913141317
1.3886953506978432 0.3978554123245886 0.18033748094906196 0.7682226697421899 1.4109511074976913 1.0668212419142895 0.267716953286337 0.18701636205193128
1.8632484101478206 0.16069054384836018 0.20859884911827917 0.9642806501391348 1.7417822322226175 1.9590940512904145 0.2318259088556486 0.13151802736087148
1.6813901303734353 0.31564456287266635 0.2150463860761179 0.7903308717741604 0.9221331629659707 1.5032378334905137 0.3590061029433686 0.09406948936828306
1.711741349879819 0.3187218467121527 0.3937520925313026 1.497299371208101 0.5201879001409861 1.9349227688760715 0.20552515961085757 0.09029375013040233
1.7217392411961494 0.5271141221149531 0.23435713953866327 1.7788869595520334 1.5846861573176054 0.9505469882815571 0.48786123108281904 0.13477853044110558
2.21084265951441 0.913789574420127 0.12134182405779576 1.2772096882029187 0.8640835109808881 0.6334238398293638 0.2953369603964175 0.14975925439726978
1.5026833530387143 0.7082644107498745 0.12309403444031268 0.8133171415076539 0.958781640415492 0.5275847828958452 0.20840783818840844 0.16968944249875853
1.3352774178142384 0.4473633389588467 0.22065779443606412 0.6796501347599033 1.4377081018282718 0.7688469995041476 0.20371668097567355 0.10654332691830058
2.508818230532651 0.4745924557159482 0.13339538790367228 1.8010617310187766 1.67968576656328 1.5642331077883584 0.3788190008688837 0.10158981076955312
2.2946259252394796 0.4227907702610338 0.21964934036227882 1.3330055904355975 1.7657241800973462 1.8489236687901252 0.27090495277097826 0.13005251192717684
1.7746399299874427 0.15290927811299568 0.2827983651218548 1.0716805378291288 1.7962382530559087 0.998095610020808 0.49861871104291755 0.09802631385424795
1.7510689002399218 0.2521054546436785 0.3439712322218851 1.734011490332731 0.6045908588815809 1.9080735484501616 0.21182365751370197 0.1916254459053643
1.053220789591734 0.3931424954487624 0.2941581164752384 1.6875121104841477 1.8773798549222285 1.2333753881397518 0.22580817789607918 0.1752576187162305
1.2272093809195819 0.5436373443548337 0.22595511692482045 1.03165779841916 0.9169758721094695 1.121593659780339 0.41735337514882664 0.1451374427660175
2.5372049493670676 0.8260127096566747 0.21672574978576212 1.1250750526682625 0.7060202806502655 1.6895115433262637 0.2003477791253041 0.1636852553160206
1.276363662205536 0.2983353318234497 0.2753087397970259 1.8088499710247867 1.4906397109834055 1.7714403325579073 0.47472600496945344 0.16500306623173844
