# Version 1.0
# Parameter q0 virFac lambdaQCD pionScale kaonScale protonScale StoUD QQtoQ
1.523674232110574 0.8196761671224001 0.2688261643564045 0.6331642624616776 1.8692150076135456 1.2178889965635114 0.4949128316162976 0.07582215004224024
1.2514708695133714 0.4867478513158544 0.23709609405325419 1.6824754577619507 0.5537454839347693 0.8999505364042147 0.32135932407536616 0.07005519253600791
2.8458466890177703 0.42118104104179144 0.11854462180215243 1.4892340783833196 1.5679276372977162 1.5115230333930216 0.4510866408011138 0.18965577993434052
1.3916066210876537 0.651137628389056 0.30742834357727256 0.7940921979580456 0.6389238903178707 1.5360299964438484 0.43790274017277575 0.16426348844490765
2.5726072080843077 0.24004088736922743 0.3395421756197475 1.9607024950998528 0.9349980909829695 0.6189046811087702 0.337152628475243 0.10535620635391134
1.448251850062491 0.7456127523970638 0.2102514069649561 0.5878704548841709 1.9314751490599849 1.2275134945597082 0.30530659456798526 0.12445414611423006
1.3020914520499993 0.3840837268626327 0.17583401901523188 1.3102238151034218 1.7859510613474687 1.2773478682078288 0.3784660031904135 0.1780044798667405
2.936685293798887 0.8860824802484651 0.1701786235507983 1.1148331090134498 1.4171503416765954 1.4753141558717613 0.35703994455802557 0.09352135311610021
1.614455459953685 0.18797770751522405 0.28498068842093593 1.020391817377532 0.699539259836146 0.8663380261090524 0.33775498149139577 0.11113378777719343
1.5595245583016226 0.7620168834084892 0.3212869626082648 1.61493300804891 0.6763503565967962 0.5578669656808833 0.38639963369895713 0.15720379471027818
2.0516779114469017 0.17238188874522253 0.197495343530458 0.8927138841294306 1.4478123001096022 1.9792869689063257 0.24865412848635965 0.13032075216615174
2.333941647747804 0.5888173800441967 0.3734909998805478 0.7260733355842912 0.8769782521465449 0.6513145520522263 0.31373391350550084 0.14174569042267676
1.674524062331899 0.6378852417141411 0.3757550045365059 1.1531089886819077 1.707275971947169 1.0562090413958032 0.37275742052448785 0.1563886017778089
2.6117469819363817 0.6245584022775058 0.39081404691241217 0.56128246756181 1.2937169615179571 1.3752340212984353 0.41339707219008803 0.1505551353979065
1.9458036856285066 0.6705985446899192 0.23034518212669297 0.7618254750581913 0.8153728306029129 0.8430607986077002 0.3492624981843346 0.13507665489441936
1.209173528229268 0.9707973042378076 0.18614249801662894 1.2457007269895137 1.5524671985867946 1.1409208965386997 0.45838859164133317 0.07377309512541938
1.8450585909140476 0.21965463540343333 0.15615444460606054 1.581810789986491 1.7737533863071664 0.9607337921549693 0.2671910736273702 0.12937638916766775
1.8010744087225659 0.8995426830368813 0.19007446801419448 1.4207817565655712 0.7776124930396228 1.678646342446189 0.22687768695276175 0.11048268803869733
1.0148553175040032 0.7216036990891037 0.3500732074784384 1.7149411220912352 0.518656957565613 1.4222113031342254 0.22290276459589203 0.18686687616494632
2.2496668394822117 0.3213116444264992 0.3156108392399013 0.8710808147505488 1.0433125609465368 1.1823863256670664 0.2784549265172661 0.1161476487974223
1.9696659324444967 0.7072172661167632 0.21852059384675154 1.3925532938090806 1.901461935483036 0.9182313066217129 0.39207658065028134 0.18285231574799796
0.9614861547124092 0.9488509519047514 0.26647068266639007 1.0526012917125307 1.6441313669922197 1.9184437007712343 0.4917337804472087 0.10331859544935229
2.2833151731706143 0.45253781374759716 0.2612077466048575 1.2183802576550329 1.1501811234440962 0.5860393008298632 0.32625222439589524 0.19412026084376016
2.187017845633093 0.11329557614344021 0.3010307376299065 1.444621519613771 1.3964335081696013 1.1154162465526718 0.20453362045338283 0.16814688817881598
2.5456342571874524 0.1365867895265555 0.2213894250178134 1.7601088961536875 1.2637277034416816 1.6249539593892786 0.21739730388809517 0.08790911772024829
1.5101731568884624 0.9338172842579902 0.39510994925514065 1.7288063882754237 1.9587170985110323 1.7520178810353413 0.3626253973439772 0.19902639495546978
0.9388295162407815 0.5686867696690915 0.33315814241181807 1.0828163819897623 1.7280915362463996 0.982723756422119 0.25720946619073426 0.09961117373746234
1.689565701382222 0.9087015932851078 0.2773062451049946 0.6160350396613348 1.2110096372146177 1.5708605559869184 0.2742286896633507 0.17991712412727467
2.6549284097487633 0.8530476297106012 0.16637753524192334 1.6432025009729874 0.5907916867406358 1.744813802720806 0.47541049883936143 0.08027836321329201
2.3558458204976582 0.1402087551744499 0.2989798534867871 1.9877424895904374 1.8240566128638815 1.8948904078100917 0.2376530939770195 0.13800875030972504
1.0828601647083063 0.8406117936247391 0.14888678816703702 1.1761169406979994 0.7291568525778832 0.7763578045609734 0.31189807662612956 0.1750726568436306
2.9953100229310174 0.7945240408286067 0.10186624226072512 0.6973922480067634 0.6149921194410697 1.8409761054937872 0.44469878092857046 0.10040290787974658
2.0828979960333776 0.45966721512430186 0.20019116487926406 1.8992079537785806 1.1086965132726065 1.297552892343011 0.4297027904634837 0.08169807556079714
2.394633080027618 0.2638254232419744 0.16215952000832395 1.5482374353001371 0.7883907748809804 0.5056779845862195 0.29117770182925384 0.16735058273244977
1.9989796888534186 0.33069253050383385 0.1201048849697647 0.6610687169360578 1.3536386180335593 1.6529274056920484 0.39951552113811584 0.08516653985470675
2.1412979654159545 0.40979188009699496 0.3483509544301528 1.514553827997653 1.0240271237715723 0.6611738389913534 0.28515720262105804 0.13405480815213147
2.4329843383782523 0.3712355890979866 0.36807599825622805 1.2542665400822468 1.335351358233459 0.6986068447936847 0.35551009133767475 0.14412892705279
1.8768441300710972 0.344904024615161 0.24823740802688085 1.9311607245963773 1.660714114572985 1.8633303887553834 0.20956307579436428 0.19484368353049672
2.805869821617061 0.9854554507745017 0.25010407437517446 1.7910118669917958 0.8694503179143436 0.7447328452112113 0.4704864923609063 0.11431485308180189
1.074315645112281 0.19596584749021623 0.38674554593375055 1.356227328339671 1.9801405214751238 1.7056245503534424 0.41974639546754394 0.15263802294254486
2.911205241773565 0.7790050164334961 0.13941322079416227 0.9612628581643325 0.9405360639030375 1.330546141280093 0.43271301432615117 0.12082133401393463
2.5136613370476377 0.5334125383021779 0.13162640811117232 0.9964702708971003 1.156392794041691 1.0062724560582081 0.40710291773884794 0.1605066569686683
2.723016726798061 0.6936331181503285 0.35662805883416804 1.3227228623800047 1.0768808462195025 0.79797030814905 0.2516930330745728 0.123361596058848
1.7393352165501474 0.28691607112230477 0.11118035425379784 1.8414327361017184 1.4724626345482619 1.366532541459157 0.4856895513550857 0.18618431055678056
2.7596820349674887 0.30119255974222936 0.13055987240602016 0.5274702600699739 1.621978742492108 1.0740997097276916 0.40572408904024093 0.08913609524719375
1.1838890559412718 0.5052922039979793 0.3295843203939325 1.8450111541387213 0.9836637002077782 1.4462750410746943 0.4685740914016097 0.17041759218660926
1.1466026614262734 0.5855500404195809 0.29172937125881293 0.833596270622943 1.2276841561643375 1.8080318257886858 0.23565185193835075 0.0952759598182867
1.3615557586823486 0.5232813148697867 0.24364304039468426 0.9172686976207369 1.5115504386407834 1.9553579721433811 0.29419995510914626 0.14781703931617726
0.9439226838705135 0.6872272350543613 0.17399229130687419 1.232057609012183 0.7092760802960973 0.5552793629430012 0.3479248137779679 0.10478239000185112
1.961726060583605 0.9898241953455887 0.2863312210886304 0.8785468825231691 1.4287971137724442 0.537523507983335 0.317800627901884 0.1121420071992972
1.659648761922101 0.9233028053542698 0.36268042430494596 1.9341654295108028 1.1794538333339462 0.8116581593207938 0.4089849273180653 0.19678217790770708
2.96366183256754 0.4772753605149352 0.26832037693702754 1.7388487987546377 1.6686149176976812 1.8701076349792327 0.42424880610134125 0.155456658584068
1.3253301327519438 0.29444128448364226 0.1548237009065862 0.9762661844606343 0.8902896041612516 1.6730809683444494 0.2845554645320913 0.11922875850725864
1.9355089114582846 0.7999712908395519 0.14166321981361668 1.2064154177632438 1.1060802876418536 1.1646463345431308 0.43715899237503275 0.14580433953586197
2.6946723243055413 0.9583879184538497 0.3920102842290491 1.1100871241493286 0.5264865721945887 1.8807336072620449 0.2277343508901154 0.11711287032652228
0.9088738503776503 0.8925500553817837 0.3029900312403075 1.9197931884479695 1.2550784606045748 1.8062466036111424 0.45241116076726967 0.16535024099759849
1.8097210293519552 0.43952976909084296 0.297712508113836 0.7211434171030132 1.8945992525786846 1.6185013863241848 0.2695075872782824 0.17897397341650392
1.4384862999693393 0.7434822242632165 0.19937992034183843 0.6308495178965103 1.3417041344636607 1.1997986087952848 0.3708649688034997 0.07870864017673716
0.9807230086731902 0.6051778814956563 0.15351018045966508 1.6973392314940632 1.3072926734220311 0.9656236463081296 0.3330816274347063 0.09644725255845706
2.2726833401746305 0.3625383806284022 0.3664050330002841 1.5283270725719573 1.3747586692886828 1.026902605581824 0.2916697569283325 0.15820134494647844
2.569031906295413 0.27946109583892564 0.32482375005588654 1.6763928837098006 1.1200120717329956 0.5371944412788345 0.27945912467420225 0.0713968265632969
2.6760362080389344 0.7161168340890425 0.3815441116644926 1.4630229596262612 1.475047432267028 0.5783311331720894 0.33065174419480964 0.07500075769598191
1.6279196459645906 0.3912662106207238 0.27239705965176686 1.4838653589702364 1.8571067611326693 1.4567885499858455 0.22475634226989366 0.12785713387041062
2.4746886312513987 0.43089597498110005 0.10597390919796223 0.9086183819093252 1.8275756224853619 1.316843248429066 0.24284566179526892 0.15481671594708907
1.704424116670322 0.7775514159722031 0.3272325422758369 1.6670792525585982 1.3891959389042472 0.9101893612795345 0.21814107540306313 0.08050965015073451
2.728892490266557 0.8607898878572968 0.22396059701224927 1.0271555434343285 1.8422056881487072 0.6857942140503092 0.24119800594175186 0.17450264895976947
1.811724762205816 0.5549950051181002 0.3708174135948264 0.9351289708897158 1.008962462290628 1.2917303235914175 0.3945387881475296 0.15094447346481402
2.7130924479167793 0.8020111426772405 0.3597986762248891 1.7660929209171936 0.9021939414924403 1.6352731395040425 0.2439329039482106 0.13638732384774538
0.9250848546387193 0.5827102351121529 0.14275103249438797 0.8600596279411653 0.9514380259125103 1.612061045142435 0.23055277766489993 0.17611271230820946
1.8826000682466106 0.998406790586649 0.27419800374913317 1.219276326197522 1.9654416898531764 0.8138391504494021 0.2719616231769921 0.07623943355514226
2.886014303220209 0.7656746377532078 0.37151524009250386 1.6739864364589618 1.8339096791010039 0.7416277833483225 0.3156414588121771 0.07953051024512893
0.9756155918850943 0.9925386442784945 0.35138826388970074 1.555285461085726 1.0354454449263344 1.6575430702426515 0.4113195789393224 0.10783489736491987
1.1579081154525237 0.8799870708961368 0.14108697623329838 1.9548808589930653 0.5814516707476096 0.717745928344997 0.29747573331505717 0.10804105595345886
1.5776468461296287 0.7392106797747514 0.3609727870366173 1.9818547433987883 0.741238978774176 1.0396482885461242 0.35212951581417024 0.17701329241561883
1.4101802364545808 0.8961908976199016 0.33627575951738337 1.5689805420400702 1.4982348151335703 1.8283761292747387 0.26436390466257037 0.12714204071766377
2.169991777536425 0.8154806635725315 0.3126023013841875 1.095026689023756 1.191550649107006 1.0809971675279257 0.4495800610194534 0.18044549419954747
2.451163653370114 0.920786901593714 0.26203593668568576 1.5078727267626695 0.5781677764623119 0.934343428666343 0.382790492780427 0.1920585630190108
1.347859094025849 0.8739193477168329 0.12465101840197282 1.0454929769522294 0.7851997378052976 1.5295992253439132 0.3454775771393507 0.10998489458598601
2.8543533611933958 0.11109151190563009 0.16598245351713717 1.0685828309407093 1.2042603265609781 1.4998613578275815 0.3970877673425052 0.074118211806595
1.7458347916117796 0.810057755735936 0.10992788208256768 0.5150517561277419 0.8479545556309164 1.3922065367383094 0.2885582139284744 0.13116490678703033
2.125823178357216 0.9610402275569914 0.2781657726068715 1.7544206558928326 1.8447880415765676 1.7604439883572016 0.2935579648180149 0.10289409709232235
2.7745760660341636 0.19773354256183606 0.20672339629444075 0.5393832417878819 0.5020190336559905 0.6893120026610307 0.402284848175154 0.15357912439622212
2.9248847581899633 0.770857342489763 0.2045621566380748 1.480502913092362 1.2395181725087308 0.601875731959609 0.2978903291483346 0.15966512571852234
2.981665576492024 0.37501249318478014 0.34547181962872675 0.5646517023039084 0.9713065886147986 1.2048399279435362 0.249875989403992 0.16953633625131956
2.1123932823957343 0.6284369092780151 0.31069614677360835 0.5988135185437286 1.778460627151852 1.625591184809265 0.44646626186448357 0.10953968598988661
2.3453792285614803 0.40543618416440064 0.22341841775015625 1.6264122427703773 0.7598790408292844 1.106889314558168 0.42557037280249255 0.12514328293490098
2.986561377086661 0.9056609595108347 0.10412483352678269 1.5225149562496936 0.7637352710886716 0.6754568789773906 0.4616822524569955 0.14422704124385854
1.3691611311889516 0.8438651556794623 0.36593010039332746 1.186470924442794 1.7343304204292285 1.0359258642329203 0.4563850145766576 0.14087068919455542
1.9815067925045133 0.22184889827750054 0.19412069071660773 1.5670487469381307 0.6536008933037639 1.5883854660358983 0.3689516441309723 0.074518905215574
2.4442639438280165 0.15758857467320192 0.37738471465412965 1.9417003069951886 1.0508444611685304 0.7010133678587024 0.4959440336759981 0.1716300434703198
2.3425316507730427 0.6145543678954328 0.35865894412247296 1.0375266050895664 0.6878538649676592 1.5457043398637285 0.4148839568028242 0.09895383070661228
1.544152972140429 0.22538463024451885 0.14785762562068905 1.2989337436338295 1.2949830593371243 0.5739598044498214 0.30678271375946103 0.1469801784280763
1.243887949680989 0.931599462115461 0.10310013547224658 1.194884526568451 1.809830675176266 1.9675214829720358 0.24146944127737766 0.12138726109071192
1.4208017309113332 0.47049747214634113 0.10059211678681447 0.6218001801166935 1.2862645768147796 1.9221089023452869 0.4588177216515351 0.07862658291479659
2.2405522197729666 0.6132632720029823 0.18668006112885505 0.7724143536706335 1.4861620900740022 0.7834697446158035 0.464297872924835 0.09160649550127256
2.9478279733200488 0.21070185069019035 0.2820703810167501 0.7760572257615788 0.7341324624507536 1.5391343069443966 0.289155834968394 0.10004476542953183
2.035923962995105 0.5156582750699348 0.1272097059774482 1.4421561057679173 1.274333491537745 0.804962586882222 0.34138193443567794 0.15902951921275688
2.232985720303809 0.6009643936770797 0.25571180976258806 0.8286730838327877 1.0183740940241326 1.4265614809276006 0.25333384687126626 0.08765711391484872
2.1227774603618768 0.3484663247896264 0.3117642794524601 1.536008191433892 0.5602125461076026 1.974978482548179 0.49711642812441104 0.10688730847287564
1.0935437383170712 0.2153774291931179 0.3356005422340011 0.812207059367925 0.8546993141918164 1.9900525727424692 0.32563155509821606 0.12535354115033578
2.892348381302536 0.27574764967593995 0.3163268879307849 1.7749503538147324 1.1285314983689259 0.7374217486737353 0.499207892884887 0.1616774229036418
2.3113219250033796 0.26551945774569746 0.25432165629294545 1.2678570077849 1.3629957294367283 1.0970642680572629 0.4864173533921189 0.17773505928460936
1.9306582498067244 0.2806425859771214 0.13712803259765308 0.5237132510392819 0.8600248345776569 1.5815303965069063 0.27670506142965273 0.12829879685889786
1.4870460705110784 0.667769240652525 0.16055803249048187 1.1044724895314912 0.7534989840075521 1.489741065588018 0.4346485761195429 0.11339607472525703
2.0781428825423527 0.711659715406214 0.39647412882462135 1.368354568682661 0.8318493464778194 1.1451260333134003 0.38239593118666554 0.12031537963252649
1.7875156788206437 0.787572453115617 0.3804377796342129 0.5482791241091031 1.4601543836481612 1.6949110266682033 0.4805448806463049 0.1721182560691248
2.3762437237569833 0.42786580813074027 0.1677457532956544 1.2711871184696073 1.614110866669172 0.7936570345614933 0.36627638964663045 0.18506136227135198
2.825480430955681 0.2330955591348696 0.2959049865792401 0.7185797321874584 1.540333193485571 1.1801635783461542 0.3226349486542558 0.11528444790680793
1.1305456766289583 0.2434605825585603 0.34708906206899515 1.8884410180595108 1.0905797951533174 1.2399095584863715 0.4784001729347916 0.13313418776517974
2.4262974328101943 0.5119953415039847 0.198339198532214 1.1926872173522924 0.7441241527740965 0.7685559535029843 0.31945977475718446 0.1786675456029145
2.707795307823152 0.2721422053300422 0.10637194067584105 1.7456814420181126 1.215099892361775 1.4040770695309412 0.3752452277815219 0.16793740979214813
1.2736213364793667 0.2567070276335473 0.38750483882562625 0.6107307387250439 1.6560239049427852 1.172248192439375 0.4720828012299396 0.1575367738490684
1.5718988158974068 0.1772808456222852 0.19155744850671227 1.5022262776088375 1.7217940888228298 1.3030942706062072 0.3898188575258696 0.16111470239856424
1.7270864338793843 0.8574203371186614 0.2881129330182931 0.9201210338335749 1.0863037999781748 1.8325676342088215 0.3412428505335929 0.09080942266322138
1.6667242394274404 0.7845234382897358 0.13398224467165823 1.3710575370636575 0.6216539434763476 1.3339243039774153 0.46509220325394307 0.19263033933688883
1.103465313414125 0.6411180938257588 0.11391972215886075 0.9741423733313271 1.1476509807727406 1.8520397242373685 0.26584992852740713 0.1426104449768327
1.9207333539908193 0.4344825292669305 0.3640915096810701 1.6083947919736927 1.630295644418102 1.9424965219532522 0.3142165377810368 0.19527736593788397
1.861226952810495 0.4152756510185772 0.3045410625468504 1.7069493191230656 1.0979347560138164 1.8869067497896932 0.3857087499268836 0.1488813001594851
2.4173290328323405 0.4423529877697253 0.2926407952581297 0.8630275244793528 1.9824335496836707 0.9917496709370247 0.3087788501126634 0.11726156438326678
1.2351361185321441 0.8384871101125821 0.16402691158538765 0.819386106350969 1.694412693403384 1.8618989389375011 0.4896223709666881 0.09231066407914393
2.5612957616713747 0.6556998377681947 0.1464705193314147 1.1657142924727244 1.1812841883792926 1.452066541855353 0.30317018591316414 0.18339901307243647
2.9723796160426876 0.5640211007499653 0.1192309933243516 0.9551778888523482 1.245339243583806 1.4356449511619915 0.4456955397438041 0.0708803630560875
2.918253795233393 0.6922498336885928 0.24563835332311462 1.9065240872826457 1.2349149918025282 1.1517119260795994 0.26280804389482004 0.18431415027026307
1.0262053642034965 0.19220895289346146 0.39327515982062317 0.6912380029104632 1.578883834376283 0.9811955767610813 0.4219105957080875 0.15423637198942308
1.1250408097426405 0.9253684725564814 0.1723418240521145 0.802216233723309 0.8057155091169855 1.0151007285512725 0.4232499923411974 0.0823622932266066
1.2033309081474064 0.7255867428454185 0.11138605106484185 0.7515397510300234 1.7163543343429557 1.8220385382101552 0.4668515902417865 0.19989279521682138
1.7821974751822793 0.8487216582395216 0.2968929561417889 0.9859276487329447 0.9074736913656011 1.1566348011861027 0.49317235959629535 0.12239759684948119
1.9879451772827277 0.5012941232931213 0.2414083912185202 0.6536269696427383 1.674957848226723 1.264684163979191 0.42872538299406443 0.08433451441757742
1.060388261226943 0.5760312367336539 0.3797030630535445 1.7205252876322827 1.1369103543796089 1.9289846994450786 0.39277797076783344 0.09869275378819838
2.6316119527137984 0.38695119716639836 0.21378997929106175 1.8680801289174247 1.057201900057702 0.5097039343022873 0.4203799956148566 0.10585582387907778
2.321706155361011 0.808265291177678 0.22730998586734216 0.735182255322349 1.0300176825309113 0.8481873248512816 0.3201360001342427 0.1263823872841614
2.2150488025463617 0.8909311378731514 0.35517329039705264 1.2848345285463125 1.5480271799098047 0.5136611152321577 0.403002444249002 0.09214959989874301
1.380564168092204 0.32725216364080867 0.16965340482899335 1.1720866250114574 1.5059657677206084 1.486312380221988 0.3512091224730047 0.13861950006477114
1.4778576572578959 0.7488424395828048 0.24700383456185163 0.7849322141111478 1.9171899048482755 1.9824601138971172 0.3718696763806641 0.1763862359469382
1.3101589800286588 0.31112338347262547 0.3984821311320472 1.9643582204264503 1.3774731490936412 0.8840961202332843 0.43049283355596 0.17288688957771067
2.224936969416039 0.9425841644202986 0.20879971910042497 1.229361084552531 1.5889546469176212 1.785539020615977 0.23474893428914906 0.18128419349898703
2.815162711300029 0.7020816190703163 0.30922728175537867 1.556951655067232 1.2192238888525535 1.7941166251936502 0.3900504461211567 0.11451335849715229
2.5940626532864415 0.8321073200153905 0.19571585864092023 0.9464062316768935 1.3576990306196244 1.8888871641683138 0.43547765005032485 0.195692014088835
2.79021192206819 0.558024089890694 0.33467865356399346 0.5008021217768917 1.6014696615244088 0.9016586728707178 0.34310378935067565 0.14136885705784422
1.345739614931893 0.5502718356460647 0.2385583967003735 1.5961712623805155 0.8962735153749671 1.9002831378160272 0.3602049268852955 0.09446121028413543
2.642764681295192 0.16471937770425168 0.18363540864186473 1.8225130859293397 0.8269646753520139 1.000715934212366 0.31058212478138 0.12301563451744262
2.7887481812417954 0.8805994061189404 0.3848226247371036 1.300745576854854 0.6694949246592592 0.7268466757856823 0.21307547025031467 0.18426475371023054
1.4268723627447215 0.30532939925829655 0.14619351272309886 0.883465482657213 1.9737583020917449 1.3609755063638567 0.44757226081343915 0.15191861411360635
2.4027751479044186 0.6457093858651357 0.23926726445572463 0.7077595505952924 1.5346109609466752 1.4638146798557252 0.30205894738700667 0.14623070270489366
