21	64
0	0.029811235829960110683	0.074262005828026243773
0	0.15710799061787630223	0.1522719498093528115
0	0.38626503757645558643	0.1904090882639114277
0	0.71757469411697225457	0.18663305948480594143
0	1.1513938340264346398	0.15342420015757829974
0	1.6881858234190472059	0.10877969280749025255
0	2.3285270066532287333	0.067460738609219462701
0	3.0731108616526388358	0.036881194115821210274
0	3.922752413046480494	0.017856844269156719558
0	4.8783933559213461092	0.0076776165144976089238
0	5.9411080546245589687	0.0029357859037394734671
0	7.112110535890743354	0.00099906553781588580413
0	8.3927625990912246254	0.00030259801699225842708
0	9.7845831846873232831	0.000081538711803554130763
0	11.289259168009527146	0.000019531587157280724098
0	12.908657778285530895	4.1541829450521746724e-6
0	14.644840883209705821	7.8337003802775870352e-7
0	16.500081428964586133	1.3073947749206025197e-7
0	18.476882386874112817	1.9270714080170284378e-8
0	20.577998634022209505	2.5026389371263412381e-9
0	22.806462290521371662	2.8557855087716225449e-10
0	25.165612156439108006	2.8546224120591558133e-11
0	27.659128044480529595	2.4910106849372247067e-12
0	30.291071001008567239	1.8903366069715442366e-13
0	33.065930662498744167	1.2421626859491528543e-14
0	35.988681327478935783	7.0342315202126179104e-16
0	39.064848764197770183	3.414549148591887107e-17
0	42.300590362903093583	1.4123154148957396791e-18
0	45.702792038511470368	4.9442180080974846558e-20
0	49.27918638283679286	1.4539524813678998761e-21
0	53.038498087816664726	3.5610683650040857508e-23
0	56.990624814804475826	7.1940559964947242307e-25
0	61.14686478614022875	1.1855372283505860444e-26
0	65.520206929018606521	1.5734913570756021924e-28
0	70.125706236113191552	1.657285440919482876e-30
0	74.980977518911310591	1.3614341627163420271e-32
0	80.106857350324393802	8.546155813963136806e-35
0	85.528311116034167887	4.0000905324813462836e-37
0	91.275707993668089451	1.3550199911029973935e-39
0	97.38666771358153183	3.2016367953549139003e-42
0	103.90883335717625467	5.0358691660610958665e-45
0	110.90422088497627549	4.9624875407027329009e-48
0	118.45642504628363202	2.8235107161201127671e-51
0	126.68342576888583093	8.2684460695050639757e-55
0	135.76258957786430197	1.0490648478212719263e-58
0	145.98643270946345469	4.3465744227388566281e-63
0	157.91561202297798952	3.4347364383965780235e-68
0	172.9963281485632535	1.3190660883980165921e-74
1	0.074917558632962522611	0.0087472305689023643472
1	0.25122191186690731051	0.044315010589578276031
1	0.52853358510563205894	0.10215623229992927337
1	0.90711799904303597182	0.15722086297235809799
1	1.387364922526185278	0.18405740893568344065
1	1.9697758151448944272	0.17411233718879711977
1	2.6549647362860464273	0.13752401449976712542
1	3.44366152853639042	0.092493366960113310129
1	4.3367160766345543803	0.053633061326071707781
1	5.3351034756462176549	0.027033950015056147326
1	6.4399301303315756705	0.011910556854627625601
1	7.6524408645929508979	0.0046035889835923814849
1	8.9740271509246922037	0.0015647069120569929614
1	10.406236596798962583	0.00046832600909216756139
1	11.95078385410377158	0.0001235145926991374064
1	13.609563151812464365	0.000028704411467991152793
1	15.384662693007882564	5.8750959258475246799e-6
1	17.278381207318122302	1.0580076021859964483e-6
1	19.293247011318026199	1.6739940016921867529e-7
1	21.432040005822217023	2.3228171244153795207e-8
1	23.697817134596471131	2.820335292187351145e-9
1	26.093941949649638031	2.9885566737642517152e-10
1	28.624119081762406306	2.7552633390222189833e-11
1	31.292434611921421192	2.2022982709374790566e-12
1	34.103403594541356319	1.5200601392206575397e-13
1	37.06202631723989273	9.0187655285545963282e-15
1	40.173855323367986962	4.5762521803525051062e-16
1	43.445075813817175493	1.9744106514287911123e-17
1	46.882602843821926048	7.1960164280716711056e-19
1	50.494199827037154228	2.1991871746908366423e-20
1	54.288624385891412796	5.588578466076875719e-22
1	58.275809747178983817	1.1696425094435651057e-23
1	62.4670929921710222	1.9941379219257335566e-25
1	66.875506037873016637	2.7347450896892479477e-27
1	71.516152080928813518	2.9727651019749889617e-29
1	76.406700778760269874	2.5177535055162554893e-31
1	81.568052113364721336	1.6278929058583850108e-33
1	87.025246088491042589	7.8413431028062182513e-36
1	92.808741450770542125	2.7315011420650599903e-38
1	98.956267909027305119	6.6324822841016906362e-41
1	105.51560719292414887	1.0714881894327584743e-43
1	112.54895564996937408	1.0840147848454889466e-46
1	120.14015200705642076	6.330322040072198207e-50
1	128.40752298028199774	1.9024829265057522374e-53
1	137.52896207331246637	2.4776243778891901642e-57
1	147.7978672459497531	1.0543300616659790036e-61
1	159.77661667998382674	8.5689878181583995449e-67
1	174.91595581285596205	3.3965527127478454179e-73
2	0.13324181942953819737	0.0027221722946921785299
2	0.35806240451871855628	0.024614437939014041213
2	0.68274250669870374983	0.088264484416320900046
2	1.1077807116907747417	0.19267877055518002087
2	1.6336448725151633104	0.30032813273861628731
2	2.2608865191675914049	0.3613983449270642927
2	2.9901608705104189151	0.35089087677219770064
2	3.8222347512379059065	0.28248329768757242114
2	4.7579924453835404512	0.19195593984329567655
2	5.7984415498576380805	0.11144901402817859304
2	6.944719439562429887	0.055756364788636168194
2	8.198100612270758731	0.024179258279149874757
2	9.5600050935276918368	0.0091270379934693731256
2	11.032008067993118894	0.0030073484099254113764
2	12.615850917147830245	0.0008665328837451823398
2	14.313453870786518431	0.00021855170299239115715
2	16.126930517736767892	0.000048262708228816482329
2	18.058604469824521223	9.3286533754706867689e-6
2	20.11102853399511381	1.5769052216250113651e-6
2	22.287006823649685766	2.3280191339203282452e-7
2	24.58962033586838433	2.9962052349625556189e-8
2	27.022256642004232695	3.3540401183459187554e-9
2	29.588644492950126528	3.2567149641458439927e-10
2	32.29289433787437227	2.7339919064372258528e-11
2	35.139546011101782135	1.9769126807514886342e-12
2	38.133625176606643757	1.2259573298563249858e-13
2	41.280710562248065941	6.4881412233489424294e-15
2	44.587014607862884582	2.9139794012654744344e-16
2	48.059480952806577736	1.1035829611227980581e-17
2	51.705903288248029124	3.4988588058997615817e-19
2	55.535071630665378223	9.210038291136469107e-21
2	59.556954239246322691	1.9939117065067991728e-22
2	63.782926519327317557	3.5119312610980841392e-24
2	68.226062834809876902	4.9697707243315527698e-26
2	72.901514027669097123	5.5685510270491326952e-28
2	77.827004017152066964	4.8565874059159711161e-30
2	83.023495572001376264	3.2306815108476163056e-32
2	88.516102636216685796	1.5997871641371110995e-34
2	94.335372768050510927	5.7249194258135834018e-37
2	100.5191447829533196	1.4271661893386701961e-39
2	107.11533801990913762	2.3658945109120217817e-42
2	114.18632792411081933	2.455176702397764023e-45
2	121.81619552089480702	1.4702941538873226072e-48
2	130.1236119944342892	4.5310685924827381294e-52
2	139.28699436767040735	6.0520083031545675052e-56
2	149.60061659592170412	2.6429355194435953959e-60
2	161.62856702887658843	2.2074350359247294201e-65
2	176.82610631501476575	9.0228227543116764671e-72
3	0.20362859555668301057	0.0015496568840840957077
3	0.47683045432935785582	0.021673783588708755645
3	0.84829003579379790299	0.1100321790591621077
3	1.319081410040929395	0.31952814930597469212
3	1.8898352342456239141	0.63325175817937200152
3	2.5611820530013685712	0.93642700060869883143
3	3.3338297718440638981	1.0880802833354894543
3	4.2085870592599101707	1.0263725010992793206
3	5.1863745539386683537	0.80327234479876878978
3	6.2682329275897187613	0.52953381506008700188
3	7.4553304030656545508	0.29720937485383019273
3	8.7489706703488349236	0.14313039741226832786
3	10.150601641076786231	0.059474428288241864603
3	11.661825319396215171	0.021408679342823421079
3	13.284409020936607641	0.0066942996045834978608
3	15.020298173400881154	0.001821549257925125808
3	16.871630958339915375	0.00043172494099844717473
3	18.840755096436158761	0.00008914781573281720289
3	20.930247136576874071	0.000016032126978710749409
3	23.142934683667676391	2.5086743499275128584e-6
3	25.481922095051411884	3.4106474371193404748e-7
3	27.950620295976042115	4.0208088792327294175e-8
3	30.552781518452408588	4.100129798827789969e-9
3	33.292539965664848109	3.6056775218569200896e-10
3	36.174459660550099115	2.724849561262997391e-11
3	39.203591072791954966	1.7622750710186832744e-12
3	42.38553856232473078	9.7076817720383924258e-14
3	45.726541271053697706	4.5300235577050018691e-15
3	49.233570898224584965	1.7795961556624763267e-16
3	52.914450897712624898	5.8436681792245680042e-18
3	56.778003171029427242	1.5909449027444141923e-19
3	60.834230502351616727	3.5577373484523615554e-21
3	65.094546110360499756	6.4650565246531379537e-23
3	69.572066285856407849	9.428591140068057363e-25
3	74.281988979463928888	1.0876822567864315893e-26
3	79.242091809422909252	9.7576131244114257122e-29
3	84.473399729787982016	6.6711263191838756066e-31
3	90.001099967900044398	3.3926310967964967426e-33
3	95.855828157623351218	1.2460267008380463842e-35
3	102.07553137166326527	3.1861730810323384546e-38
3	108.70826554386379271	5.4153063042603095632e-41
3	115.81658395568951859	5.7595420609311764221e-44
3	123.48480828537802846	3.534195969056551522e-47
3	131.83195190840810538	1.115959444984362979e-50
3	141.03695196919033585	1.5275575439788542413e-54
3	151.39495278867939615	6.8406568726463601462e-59
3	163.47174191693039548	5.8668768125955000671e-64
3	178.72706610975286554	2.47078913625057491e-70
4	0.28526829965806984138	0.0013705689353302887325
4	0.6068347727416131665	0.027284231778272775259
4	1.0246070203629846066	0.18461401461443831116
4	1.540544897473901564	0.68226761049939754016
4	2.1555337174030021053	1.6624534786099216992
4	2.8703187541831971146	2.9429446644854291543
4	3.6856765460502383718	4.0075481147864275797
4	4.6024652631533004012	4.3544093300788896668
4	5.6216456611216452462	3.869741899500302177
4	6.7442932654530645302	2.862130345173584942
4	7.9716078573758360748	1.7840039267339651411
4	9.304922431081241614	0.94577216881213779882
4	10.745712553451929033	0.42933379917087382884
4	12.295606619644132196	0.16771376045366149436
4	13.956397338735381963	0.056577916612154278805
4	15.730054734966661251	0.016522836073889033191
4	17.618740952252928402	0.0041834767943497373083
4	19.624827180431870345	0.00091901438107049203122
4	21.750913073454948229	0.00017517009319661675327
4	23.99984910108485605	0.000028953640278989769752
4	26.374762368827926489	4.1452973719459010508e-6
4	28.879086560550358404	5.1319513917689328508e-7
4	31.516596811822157475	5.4816775801995818665e-8
4	34.291450519945365023	5.0377941705868580759e-9
4	37.208235353492819099	3.970166943058505311e-10
4	40.272026060556153796	2.6724104201610530022e-11
4	43.488452119857721677	1.5294198737847923276e-12
4	46.863778874074072828	7.4024161049065818033e-14
4	50.405005590648735079	3.0115665731007081121e-15
4	54.119985001294628338	1.0226851664628475551e-16
4	58.017570411260218624	2.8756205510206848105e-18
4	62.107798648140869343	6.6335913829784193337e-20
4	66.402120257494095472	1.2421233923848602991e-21
4	70.9136929599752824	1.8647234175814660176e-23
4	75.657761300110556553	2.212274800140568408e-25
4	80.652156053502473934	2.0392922836954085803e-27
4	85.917963778872299972	1.431521403729771269e-29
4	91.480444350737551821	7.4695856234500412014e-32
4	97.370320763733786683	2.8130796442038529449e-34
4	103.62564752067034806	7.3720728641056605466e-37
4	110.29461615996294338	1.2835722238811251289e-39
4	117.43995656544298204	1.3980426114368095935e-42
4	125.14622945582845097	8.7836117493036296771e-46
4	133.53278816394000158	2.839682869835312945e-49
4	142.77908661840503818	3.9806344088562323536e-53
4	153.18113397254879989	1.8266248680379837895e-57
4	165.30640619334945724	1.6074670615944287246e-62
4	180.61910752487410353	6.9693284427598419679e-69
5	0.37752976118406858322	0.0017141943850020901143
5	0.74748092675346696406	0.045962532839582171129
5	1.2111750859734438175	0.39735317723284298683
5	1.771723175863260415	1.8090572052835921046
5	2.430352603571409148	5.2829499694699361698
5	3.1879603663524157622	10.968061594810041378
5	4.0454093977578173757	17.212372861040296379
5	5.0036165334845805205	21.243729065364283257
5	6.0635875441682045043	21.186708321201559093
5	7.2264354296470104925	17.405394815435782239
5	8.493392867150312805	11.944474376467635298
5	9.8658227412207136533	6.918446714562484727
5	11.345228407773460818	3.4084790408522579294
5	12.933264509932754282	1.4365405526884907303
5	14.631748836854850689	0.52012959836581219841
5	16.442675591982860367	0.16227193944916190113
5	18.36823040249563872	0.043709941037081612825
5	20.410807413749339836	0.010177020388897432374
5	22.573028854292098419	0.0020490034975538690226
5	24.857767522959519385	0.00035664538722767369912
5	27.268172739726469039	0.000053619984928050150637
5	29.807700420099551962	6.9531940704290932197e-6
5	32.480148085660409148	7.7612876119405362136e-7
5	35.289695821076296122	7.4379112685990474905e-8
5	38.240954444987635002	6.1003792560022034154e-9
5	41.339022499165225367	4.2658324785869432297e-10
5	44.589554106305763838	2.531957478111409127e-11
5	47.998840343538968008	1.2690083016653611283e-12
5	51.573907586803703222	5.3386067826095390033e-14
5	55.32263739021169474	1.8721985935385785395e-15
5	59.253914008691889027	5.4298676064975953926e-17
5	63.377807857066516255	1.2905281228394524945e-18
5	67.705806345114745106	2.4871135888103935476e-20
5	72.251108148833160856	3.8392290634765515383e-22
5	77.029003913422259944	4.679376215755190864e-24
5	82.057377051013483483	4.427933612579526639e-26
5	87.357375164733581217	3.1884379122623644489e-28
5	92.954330160451010359	1.7055061429107772895e-30
5	98.879051699485958301	6.5806218986650601172e-33
5	105.16970090938726005	1.7659948470962689139e-35
5	111.87460396655962734	3.1474631179944171477e-38
5	119.05666615028112908	3.5080978776155414943e-41
5	126.80068563983366728	2.2550724696111960459e-44
5	135.22635353344415037	7.4591619515805194756e-48
5	144.5136372661790543	1.0700509889564170181e-51
5	154.95940538539464473	5.0280242422014824567e-56
5	167.13281167245578278	4.5369571577043852e-61
5	182.50248971690913653	2.0234655254160680008e-67
6	0.47989054644817110357	0.0028509526403607674032
6	0.8982508939895445399	0.098951624096533065043
6	1.4075251531092338616	1.0592627755526702263
6	2.0122002575729059142	5.794966670044915761
6	2.7139252573611358834	19.877845850652870093
6	3.5137845958855145963	47.60681136877019381
6	4.4127456732902281402	84.920640747806790239
6	5.4117937871046245781	117.67693001506339997
6	6.5119852422136387705	130.40337286824469585
6	7.7144736639089964648	117.97745993454939015
6	9.0205263971407458659	88.474563387316209077
6	10.431537154008825079	55.624794254226897955
6	11.949037497478160402	29.570148678198207215
6	13.574708407277720578	13.37714646238571617
6	15.310392629869557308	5.1746258714979217401
6	17.1581082889669424	1.7175700608749583654
6	19.120064148927870112	0.49036524964289490682
6	21.198676909814418259	0.12060122900161421696
6	23.396590940920949969	0.025569761685846258531
6	25.716700917855412606	0.0046736461502637862764
6	28.162177914106839775	0.00073598718388591477646
6	30.73649961371781227	0.000099732341971591787976
6	33.443485463226260676	0.000011608112691543022948
6	36.28733777821181177	1.1577066958631083332e-6
6	39.27269007688152098	9.8636014443114945242e-8
6	42.404664250576264283	7.1529688596926680375e-9
6	45.688938627972086222	4.3961366439424655535e-10
6	49.131829587891803609	2.2781934554999227934e-11
6	52.74039018582138223	9.8967148775780669676e-13
6	56.522530371174901086	3.5794845670153726493e-14
6	60.487164920778396924	1.0694769811334252721e-15
6	64.644397404998106148	2.6158238336303331978e-17
6	69.005751658205365504	5.1829314104806345613e-19
6	73.584466859030851358	8.2181809660661541955e-21
6	78.395879280973558405	1.0280544833097062644e-22
6	83.457924472029676353	9.9770272288606724981e-25
6	88.791810539260973001	7.3630144020814740683e-27
6	94.422940823829451568	4.0340837011807091223e-29
6	100.38221097984833398	1.5934569918236563757e-31
6	106.70788797546794365	4.3756854370287473029e-34
6	113.4484316816261361	7.9769926881876147096e-37
6	120.66692159248901637	9.0918825719576089326e-40
6	128.4483917997814222	5.9755883791267063252e-43
6	136.91286901636226865	2.0209340058321751554e-46
6	146.24083096426681822	2.9649125080564614132e-50
6	156.73000023967655347	1.4256530088385070293e-54
6	168.95119801338414634	1.318138610443696561e-59
6	184.37745954526570242	6.0429894336561677011e-66
7	0.59190179225208360465	0.0060367443952163177278
7	1.0586867052442752043	0.26317588535915952462
7	1.6132318376497814925	3.4049085198287350036
7	2.261591578561673506	21.946471399647796214
7	3.0059077545431328472	87.000256986861854894
7	3.8474856398674481504	237.1204570006658735
7	4.7874146716068061917	475.28742773195014248
7	5.82675849558924479	732.24052709110630222
7	6.9666297365867679368	893.98266428879113259
7	8.2082260938091824284	884.13260859942436665
7	9.5528516302678614359	719.8697668342224735
7	11.001932068417556198	488.45111311953174642
7	12.557027807641983157	278.75603860565072509
7	14.219846433303388247	134.74318133116724995
7	15.99225568024962151	55.458097351492410601
7	17.876297465152336895	19.511847762244193057
7	19.874203456626635574	5.8845976885266939312
7	21.988412606497856426	1.5241105207293912451
7	24.221591076132068922	0.33934033853741984508
7	26.576655040206971762	0.064966966749569172664
7	29.056796930510602138	0.010690892748491049356
7	31.665515794796551744	0.0015106030868457240157
7	34.406652595466466324	0.00018297256557593043806
7	37.28443146914464469	0.000018955721379823422387
7	40.303508225087979188	1.67480199661020411e-6
7	43.469027698128717742	1.2575488860287069024e-7
7	46.786692019547903244	7.9908940194002256752e-9
7	50.262842468774091445	4.2758437170240556298e-10
7	53.904558381013368183	1.9155491422760246669e-11
7	57.719777700800593689	7.1366942068407817672e-13
7	61.717445324089391858	2.1941297869952249809e-14
7	65.907697568496030826	5.5168070934125084579e-16
7	70.302094275374579824	1.122663590666474347e-17
7	74.913914694179847399	1.8267617226261496887e-19
7	79.758540274353957773	2.3432631794716869424e-21
7	84.853958218496912819	2.3302383818655703156e-23
7	90.221436616210321335	1.7610560639866887884e-25
7	95.886449666983546628	9.8749235649735814911e-28
7	101.87997836337420246	3.990096653609990533e-30
7	108.24039475058008054	1.1203619998941553863e-32
7	115.01629147309076909	2.0877152443971741207e-35
7	122.27092108507350077	2.4316311806386022428e-38
7	130.08955207360014162	1.6329745592274486315e-41
7	138.59254465562257175	5.6430781081787109815e-45
7	147.96088367775331006	8.4615144475858590202e-49
7	158.4931405310631057	4.1608848431258073835e-53
7	170.76179352495704986	3.9394135646297074475e-58
7	186.24425237322308502	1.8551265202653988814e-64
8	0.71316811180991333768	0.015755374069480855672
8	1.2283784123599504479	0.84251584899521425083
8	1.8279075909343509242	12.921437901142074658
8	2.5195416618983167129	96.567802420295577066
8	3.3059784555873433955	436.52066038681142999
8	4.1887747717386513447	1338.655810492261408
8	5.1691587490021868254	2985.8933373716959501
8	6.2482820379350326682	5071.5215753365212015
8	7.4273194025624733544	6771.8436236563037275
8	8.7075161965375125726	7274.0503877337372078
8	10.090215412594896006	6393.7680849550360174
8	11.576876128053676563	4658.449618747708934
8	13.169088358766826093	2841.1573310619417309
8	14.868586700689569806	1461.4438631785929234
8	16.677264028958922277	637.65632624550103877
8	18.597186032636161326	237.01231839550521512
8	20.63060714584136534	75.281041557965356298
8	22.77998835239672175	20.476251525301667638
8	25.048017330726864733	4.7754238052009914809
8	27.437631442338749413	0.95539870904688116298
8	29.952044140507831346	0.16393817694044398328
8	32.594775484195274278	0.024105999663459603203
8	35.369687589644348255	0.0030329992737952865955
8	38.281026047182010092	0.00032583870520458449938
8	41.3334685871802379	0.000029807260662125919374
8	44.5321826170360006	2.3139320642514081297e-6
8	47.882893699424423202	1.5181175413584949768e-7
8	51.391967642849391423	8.3767542522420151985e-9
8	55.06650968969467537	3.8653598895753921029e-10
8	58.914485404742174659	1.481738098834507894e-11
8	62.944869423900621251	4.6825588634500990884e-13
8	67.167830425872626623	1.2090823806647277446e-14
8	71.594963862279115955	2.5246170116348933438e-16
8	76.239588641470063636	4.2117715916035818907e-18
8	81.117130955571523547	5.5351316645585460355e-20
8	86.245629199080876954	5.6356657898704139838e-22
8	91.646410941031909603	4.3580981049969742469e-24
8	97.345020680625383713	2.4992218662955115217e-26
8	103.37252411334884924	1.0322824358058359895e-28
8	109.76739761778452995	2.9617266078590849913e-31
8	116.57836571276898139	5.6375567520340476575e-34
8	123.86885288252411849	6.7058210843802972578e-37
8	131.72436052258889497	4.5985313129061529529e-40
8	140.26558028274061157	1.6227717650871515184e-43
8	149.67400102758844333	2.4854297269658830166e-47
8	160.24903777851631641	1.2491476731577115288e-51
8	172.56481590336803432	1.2102902216121119251e-56
8	188.10309280311324704	5.8504279562025107605e-63
9	0.84333505851805059884	0.049428773907135108514
9	1.4069552498253686646	3.1803967797524986492
9	2.051197519602178568	56.913065160575254945
9	2.7857213594933959706	486.67260681555460981
9	3.6138367432253217388	2480.5150663386539158
9	4.5373799860646703024	8476.8631582853585037
9	5.5577335100638508081	20865.873050900951494
9	6.6761462174455593434	38788.896883526687155
9	7.8938607173724340482	56285.004170448255731
9	9.2121736171934237886	65296.052065913235829
9	10.632469126893051769	61648.972999163579562
9	12.156241120691899059	48014.487531015444595
9	13.785110113257016355	31168.716190828447557
9	15.5208382152758372	16998.970252048317451
9	17.365343686724901778	7836.7156861189087344
9	19.320716053405115856	3068.0262418024563335
9	21.389232453275111073	1023.4663840572226232
9	23.573375752047056013	291.61324969798942573
9	25.875854933045269221	71.072830487696242129
9	28.299628289097741729	14.827345558089270541
9	30.847930009437028925	2.6477373127507583368
9	33.524300858183138971	0.40442105113691608444
9	36.332623785591997347	0.052766031869811409003
9	39.277165506786174889	0.0058691338421201352553
9	42.362625338440030069	0.00055507176253957689781
9	45.594192921790460698	0.000044488345011412285643
9	48.977616909324251993	3.0097117336920269252e-6
9	52.519287294452917909	1.7104620658929849589e-7
9	56.226334879567171093	8.1203765791191848227e-9
9	60.106752498451000155	3.1994119851003101048e-10
9	64.169544169909024428	1.0382207878399586511e-11
9	68.424910568376766719	2.7503939016985607587e-13
9	72.884482378737274612	5.8873492838609895014e-15
9	77.561617775120950771	1.0061297117048599401e-16
9	82.471787277204810466	1.3535911895719544312e-18
9	87.633080026342002974	1.409958153265411337e-20
9	93.06688258535377441	1.1148486633768282982e-22
9	98.798809212112539222	6.5337739199496812474e-25
9	104.8600096876170466	2.7568161994892584485e-27
9	111.28906399934207996	8.0768706980746300979e-30
9	118.13482766232083994	1.5694580843375540823e-32
9	125.46089598507020633	1.9053802459847035319e-35
9	133.35300181410195577	1.3334532827678935262e-38
9	141.9321661990382951	4.802490910967834714e-42
9	151.38037897042577222	7.5088640786613376753e-46
9	161.99789370280940201	3.8548898848488006623e-50
9	174.36047290939971968	3.8199753342790922249e-55
9	189.95419535217611286	1.8942283436860589571e-61
10	0.98208077193096377152	0.18271839181409817533
10	1.5940790305073834269	13.922288912898481276
10	2.2827750229644937339	286.88239926477605731
10	3.0598251619909183436	2775.7482476991091185
10	3.9292014706249365781	15800.129065724948893
10	4.8930452028659910393	59674.174522973058508
10	5.9529075117725225102	160933.13804462155482
10	7.110143296454976549	325360.2146878108804
10	8.3660685141053581687	510182.07698013418308
10	9.7220345681206282562	636020.8475876370844
10	11.179469188327695548	642131.73209603209098
10	12.739902537452740229	532456.29433239438289
10	14.404986575985833225	366559.09016631655016
10	16.17651150310347772	211267.28900767888894
10	18.056421277484715454	102599.8890568486315
10	20.046829392397031278	42191.180132942720755
10	22.150035690209881546	14744.996152238584251
10	24.368544826092140032	4390.8045750041161536
10	26.705086929205776215	1115.9657370447767949
10	29.162641016914030819	242.29441041347328686
10	31.744461773527933006	44.944803051365053559
10	34.454110403200949433	7.1189717618630639213
10	37.295490407914698006	0.96167337636537983276
10	40.272889333174890342	0.1105856114491975006
10	43.391027778905134322	0.010797756331420840926
10	46.655117310770037855	0.00089236239101045477507
10	50.070929356614805177	0.00006217566018317863109
10	53.644877775777646952	3.6352586747785528344e-6
10	57.384118606950911942	1.773714209588890187e-7
10	61.296671623624296179	7.1755230393212760748e-9
10	65.391569891062384204	2.3887378446482788774e-10
10	69.679045733561131041	6.4865831864705342649e-12
10	74.170764710778685962	1.422185801222726824e-13
10	78.880123887246770935	2.4877354571374455301e-15
10	83.822637712204648232	3.4235296246913113598e-17
10	89.016445645582923019	3.6456575181140595646e-19
10	94.482992774972580193	2.9453673840822563786e-21
10	100.24796259266935298	1.7629382091840018201e-23
10	106.34258836511157183	7.5936691143783418994e-26
10	112.80555298261658325	2.2704261206000793224e-28
10	119.6858420985873004	4.5010668777072627648e-31
10	127.04722076350051332	5.5740034242195601821e-34
10	134.9756518458939729	3.9787610100429851787e-37
10	143.59248379954896417	1.4616634481691535416e-40
10	153.08020442211355339	2.3317475328763373664e-44
10	163.73990084962016507	1.2220990231772308867e-48
10	176.14896299112178984	1.2378893722831582125e-53
10	191.7977650748343116	6.2929834383268556018e-60
11	1.1291101167978025837	0.78300779900339254805
11	1.7894391061396551628	69.707149609806510388
11	2.5223381685770565627	1635.5801837546193994
11	3.3415687447333164231	17735.923471743919624
11	4.2518093686305359762	111822.46371049794416
11	5.2555292880183311051	463409.17057072754011
11	6.3544617168379516627	1.3606199119912175291e6
11	7.5500757556975862011	2.9749202272196956055e6
11	8.8437659584963159875	5.0159091167863657884e6
11	10.236941961186552781	6.6897958013703945943e6
11	11.731077288739155304	7.1934851421483420725e6
11	13.327739898347524697	6.3276232073187042709e6
11	15.028614179226627938	4.6045613937735606836e6
11	16.835519039049774335	2.7961667719205377245e6
11	18.750424499403535504	1.4265764833973027987e6
11	20.775468202680696308	614657.11792647098822
11	22.912972745838802891	224525.39979171024896
11	25.165464528350618245	69728.443022078314009
11	27.535694710646814394	18444.89679509880751
11	30.026662869393224849	4160.1906487383178467
11	32.641643981738581145	800.28001164917870775
11	35.384219462589686642	131.24342076717459255
11	38.25831311659297241	18.329149354784231713
11	41.268233056027845466	2.176062026467430455
11	44.418720889596549918	0.21908381878668001889
11	47.715009824541053141	0.018646937573661880121
11	51.162893774345465742	0.0013365878489780062715
11	54.768810168382624695	0.000080311536048226251558
11	58.539939979559128063	4.0232532087566125998e-6
11	62.484329612086650053	1.6696017203783888757e-7
11	66.611040860420629897	5.6968534977998318248e-9
11	70.93033737102195381	1.5843718842566935531e-10
11	75.453919237180332007	3.5551988063589637548e-12
11	80.195222055121302625	6.3605346628561879555e-14
11	85.169803821831032484	8.9471323715350605073e-16
11	90.395853903409521018	9.7334590337620486932e-18
11	95.89487545899731449	8.0296474795972295022e-20
11	101.69262070707676794	4.9053203325312781555e-22
11	107.82040581605661972	2.155696496672158674e-24
11	114.317015890762489	6.5736763946507715416e-27
11	121.23156588473494733	1.3288354000208998672e-29
11	128.62798953074039623	1.6776582378440148663e-32
11	136.59247831810681954	1.2207742293897513405e-35
11	145.24670614539303565	4.5721114437419286894e-39
11	154.77365583044053054	7.4379056322797261368e-43
11	165.47524316263133722	3.9777241246897474952e-47
11	177.93047585733577285	4.1162462127413485617e-52
11	193.63399813648676147	2.1439740634569742833e-58
12	1.2841503978356061652	3.8376122585977305285
12	1.9927484415623491783	394.59446085900079817
12	2.7696066828878300366	10441.694139289301785
12	3.6306867904062744783	125856.37763424675098
12	4.5814135224670826321	872626.56957130775117
12	5.6246050225123047668	3.943099830045140512e6
12	6.7621888290819011949	1.2534397689920514693e7
12	7.9957559014921464577	2.9492264953454536759e7
12	9.3267843587135282447	5.3231534732508748558e7
12	10.756745369602498786	7.5651260702347957739e7
12	12.287160473466480612	8.6327819980948598093e7
12	13.919636916855753696	8.029220472635098263e7
12	15.65589251480153525	6.1576608615354779242e7
12	17.497775531493224781	3.9291257129268022781e7
12	19.447282450741964545	2.1006936045770737204e7
12	21.506575283957453829	9.461685802338057715e6
12	23.677999471863964433	3.6049013327401615016e6
12	25.964103151483708525	1.1652931656736666409e6
12	28.367658436968918277	320240.03396188087799
12	30.891685334293719964	74907.94036010971167
12	33.539478944476889183	14920.061849288257604
12	36.314640695161891091	2529.7124531921688347
12	39.221114473891082419	364.7531882301468903
12	42.263228723515228696	44.651132752732538064
12	45.445745812680348425	4.6297395192542977039
12	48.773920331347070292	0.40537371467078974538
12	52.253568411399491471	0.029860528972785382961
12	55.891150777456855047	0.0018420899673340817918
12	59.693873054413133754	0.000094657045272783201055
12	63.669807986967350595	4.02594478295076322e-6
12	67.828045799265494533	1.4067968170214052852e-7
12	72.178881149158452287	4.003879052148043119e-9
12	76.734048338632150389	9.188070687320111036e-11
12	81.507021152538137927	1.6800492842228313108e-12
12	86.51340076902330827	2.4139779844850465706e-14
12	91.771426062948525208	2.681095766276054739e-16
12	97.302657826770665854	2.257010949799331863e-18
12	103.13291651216994178	1.4064213018548793669e-20
12	109.2936006219279515	6.3021551069615088623e-23
12	115.82359680404594372	1.9589873715698725547e-25
12	122.77214849284724021	4.0356560488134128741e-28
12	130.20335706563224236	5.1915700569663988572e-31
12	138.20364125816754554	3.8490992136687977423e-34
12	146.89499848973119648	1.4689389386715565574e-37
12	156.46090370209239593	2.4356810229878849461e-41
12	167.20409651145149505	1.3284499317571869648e-45
12	179.70519300644283699	1.4037096393922100609e-50
12	195.46308234335688913	7.4866896002964773418e-57
13	1.4469481188423045144	21.267576824653926651
13	2.203740497743369304	2500.6276776576922188
13	3.0243194406579992432	74006.005153530144467
13	3.926931079431391747	984383.80057246426374
13	4.9177819626671232756	7.4586201657370716339e6
13	6.0000580886487534498	3.6544766894248327183e7
13	7.1758925861038538952	1.2515145049791321087e8
13	8.4470053949697519752	3.154895672573244887e8
13	9.8149628775473387776	6.0716208856653740577e8
13	11.281300882360773168	9.1616834382873428943e8
13	12.847591107153487601	1.1058663577660116697e9
13	14.51548155361727712	1.0843214679042798536e9
13	16.286724457715016314	8.7401317825339159497e8
13	18.163198102092261645	5.845539538623530309e8
13	20.146925855101485036	3.2676417667430150239e8
13	22.240094344949166353	1.5353027387823658772e8
13	24.445071975490398698	6.089285348493302923e7
13	26.764428645424496444	2.0451387462876550264e7
13	29.200957375678718348	5.8292219813788686167e6
13	31.757698501277314903	1.411892890537684668e6
13	34.437967106682627771	290755.48062359969676
13	37.245384461435741724	50898.407717622422806
13	40.183914341955209156	7567.3490379744214561
13	43.257905309782593021	954.03514574251890491
13	46.47214026760990428	101.76247327897253036
13	49.831894950878580419	9.1565389401547280688
13	53.343007463022507874	0.69245942364977506031
13	57.011961568369172456	0.043816115825346952652
13	60.845987279783571842	0.0023074597248483617741
13	64.853183409491470313	0.00010049957823259656241
13	69.042668328273215912	3.5935515536710686294e-6
13	73.424767410320053374	1.0458585452913258955e-7
13	78.011248856502972454	2.4526800409465050787e-9
13	82.815624311882809486	4.5804612149015406229e-11
13	87.853537783502750599	6.7182741921024903963e-13
13	93.14327727173628262	7.6130914404395318813e-15
13	98.706460778326864426	6.5360364256589820953e-17
13	104.56897650967160901	4.1520016352078945939e-19
13	110.76230475048893546	1.8960264957739865093e-21
13	117.32543303692906344	6.0045029121504879704e-24
13	124.30773248291918865	1.2599546330842102709e-26
13	131.77347109371808636	1.6507214644813379447e-29
13	139.80929350325119537	1.2463782884543825245e-32
13	148.53751876181458878	4.8444944416786963483e-36
13	158.14211108821301281	8.1835223900660741907e-40
13	168.92662917863208314	4.5498449472593003079e-44
13	181.47328821489529026	4.9065638826934751904e-49
13	197.28519763243833718	2.6782134999099203029e-55
14	1.6172664617418189458	131.98055984725209602
14	2.4221667141591264828	17590.71598292961555
14	3.2862323559018136021	577986.3970663336328
14	4.2300688217325946449	8.4304778949156698451e6
14	5.2606963835035023186	6.941677186245429658e7
14	6.3816861066679637556	3.6697735285570676146e8
14	7.5953870516212300271	1.3479538994462119658e9
14	8.9036547482985848745	3.626133377900998262e9
14	10.308148191124146662	7.4142124276832374411e9
14	11.810470892884696731	1.1839877683318592489e10
14	13.412246766870825179	1.5072392134786169558e10
14	15.115165994108023414	1.5538048032064351595e10
14	16.921016212757433833	1.313100907905705933e10
14	18.83170638900208815	9.1842207324013056878e9
14	20.849287211495445254	5.3565321028549909286e9
14	22.975970192541884406	2.6203224483935538997e9
14	25.214146841397714765	1.0799263662403849418e9
14	27.566408867132836029	3.7621895671775327421e8
14	30.035570175624543976	1.1104567977572579724e8
14	32.624691355666815992	2.7810134077207731447e7
14	35.337107359139074722	5.9132371422546799306e6
14	38.176459150204711365	1.0674009616209680091e6
14	41.146730222724276377	163441.86709137904679
14	44.252289066592526277	21197.613717462850882
14	47.497938913137296839	2323.5602253953735697
14	50.888976425496809631	214.64117409086813507
14	54.431261450269003001	16.649145628081965479
14	58.131300553486341071	1.0796295044980885859
14	61.996347888644352952	0.058219785864677585973
14	66.034528078430341148	0.0025946108323632898781
14	70.254987372403381375	0.000094864029973096379088
14	74.668081580644066332	2.8212382866014089934e-6
14	79.285612507195853555	6.7567319223145102253e-8
14	84.121129342624538613	1.2879341025288349953e-9
14	89.190318584062452814	1.9271253330109660784e-11
14	94.511516987505706397	2.2267922134243288377e-13
14	100.10639935340702934	1.9485784048220785078e-15
14	106.00092117819564895	1.2612017732645370107e-17
14	112.22664399056740314	5.8661855799818607083e-20
14	118.82265557542779245	1.8917228566010832418e-22
14	125.83845394262456831	4.0412576726167171018e-25
14	133.33847272926378905	5.3896612422275389167e-28
14	141.40958114442815162	4.142377400902128566e-31
14	150.17441801314050585	1.6390865945198124529e-34
14	159.81743403247483902	2.8194855666589769091e-38
14	170.64300230958620174	1.5971918120375008328e-42
14	183.23492798894139828	1.7570282728855748852e-47
14	199.10051652514885072	9.8100643465535989882e-54
15	1.7948832786944071892	909.4674428616247997
15	2.6477944439759895328	136347.46181926528607
15	3.5551165964640027407	4.9417769802417459101e6
15	4.5398811993891661333	7.8597464807782418577e7
15	5.6099509873510092384	6.9980944041589032767e8
15	6.7692977366195806775	3.9741039153200414607e9
15	8.020495930819956179	1.5594615172277949201e10
15	9.3655428150328807362	4.4607391715993693784e10
15	10.806194122292997661	9.6587198923733529293e10
15	12.344123849497926552	1.6275349450712981828e11
15	13.981010088790353925	2.1792209865939939068e11
15	15.718586574774330103	2.3561391067914249776e11
15	17.558677306658209722	2.0828486394566544036e11
15	19.503222594225929006	1.520303332934845756e11
15	21.554300888150404691	9.2334286515591794907e10
15	23.714148864929607396	4.6942601524649426603e10
15	25.985181298419785861	2.0070169595741456983e10
15	28.370011776040308815	7.2412788500463968062e9
15	30.871475087264121452	2.2101539548877106398e9
15	33.492652020259145456	5.7154251777540880817e8
15	36.236897299091226412	1.2531950794296181676e8
15	39.107871455656363623	2.329877365430809106e7
15	42.109577549600321257	3.6701370353363515019e6
15	45.246403827889135957	489164.50955044170763
15	48.523173663354820101	55047.52146482006596
15	51.945204446534384501	5215.6515756448100161
15	55.518377555510257706	414.59292265741460999
15	59.249222135975359032	27.528769976473843482
15	63.145016249973447863	1.5189237928334589452
15	67.21391008820394039	0.069212448332537866128
15	71.46507752519018792	0.0025856777362897652997
15	75.90890453999503623	0.000078524952946489144319
15	80.557226257256532852	1.91934580994294505e-6
15	85.423629111168170047	3.7319096312971752664e-8
15	90.523841762783423142	5.6932360489053845549e-10
15	95.876249366427661208	6.7042471524426814905e-12
15	101.50258312342250245	5.9763703711046460824e-14
15	107.42886536866047652	3.9391392838833435879e-16
15	113.68673835067529057	1.8652564722319167433e-18
15	120.31538947871935974	6.1220697192751779478e-21
15	127.36444289171604575	1.3308644940082054836e-23
15	134.89849688227856185	1.8059494914922349315e-26
15	143.00464393615108515	1.4122482554757626637e-29
15	151.80584082927671318	5.6862379751879604888e-33
15	161.48702198513523219	9.9558507654497091178e-37
15	172.35337032880351363	5.7438603835732411998e-41
15	184.99027198297754086	6.4426806490437379189e-46
15	200.9092045479232968	3.6775966443356709382e-52
16	1.9795894604013257686	6908.2493440396022266
16	2.8804052374554160747	1.1569808297932969651e6
16	3.8307570608206216391	4.5989313448822120289e7
16	4.8561620909263501169	7.9357375986844941412e8
16	5.9653514467780634215	7.6064400290765514317e9
16	7.1627118501759763881	4.6216191936317631175e10
16	8.4510519208742926995	1.9305039195022974031e11
16	9.8325162907103199074	5.8526918885217813203e11
16	11.308961266595183346	1.3380656867618439504e12
16	12.882133986082782532	2.3727186233939690884e12
16	14.553768586458760435	3.3333515466745576577e12
16	16.325643674912034198	3.7712139204959865903e12
16	18.199620542090955551	3.4800500125058313579e12
16	20.177671490328702584	2.6457439007131985044e12
16	22.261903174180614757	1.6703029352338570573e12
16	24.454577721851223864	8.8107223840641130414e11
16	26.758133343036773557	3.9018365295069340637e11
16	29.175205586373808497	1.4558800733664327179e11
16	31.708650140114442166	4.588755628165152614e10
16	34.361567954782059637	1.2237672879701718004e10
16	37.137333449069763402	2.7637856996232092646e9
16	40.03962661331870223	5.2862721914213731624e8
16	43.072469938598589525	8.5577482109990004837e7
16	46.24027127450411681	1.1709939636039997586e7
16	49.547873964535208443	1.3516085657019395326e6
16	53.000615942037290035	131236.05994440840837
16	56.604399920005093785	10681.716865001548349
16	60.365777416264984217	725.68329593443094243
16	64.292050183281864291	40.937944555571382875
16	68.391393750751921431	1.9059581208196902512
16	72.673009377314136081	0.072706248077198145386
16	77.147312956668104922	0.0022533114256765554695
16	81.826172663702144975	0.000056175792526159752292
16	86.723211886356446015	1.1135086715235345588e-6
16	91.854201135306307594	1.7309712093327762937e-8
16	97.237573617789929664	2.0761951151899907081e-10
16	102.89511655021591532	1.8844322167472398707e-12
16	108.85291866684007652	1.2642281130732866322e-14
16	115.14270242508716638	6.091443020690790946e-17
16	121.80375424851278641	2.0339310482124896831e-19
16	128.88582365447705148	4.4973077773241599138e-22
16	136.45367263386114086	6.2066968370724242802e-25
16	144.59461567433145311	4.9362433056232999318e-28
16	153.43192571052824803	2.0215677868941884963e-31
16	163.15101818618072429	3.6011726772688268344e-35
16	174.057881325394756	2.1150604912644960508e-39
16	186.73947338747400436	2.4178790127789543883e-44
16	202.71142062264236667	1.4103399779138254535e-50
17	2.1711875871285436449	57471.960022879657402
17	3.1197933975515641727	1.0686466591184196425e7
17	4.1129510688328255949	4.6345894499517965665e8
17	5.178716951138015529	8.6373751555820354704e9
17	6.3267139736571131295	8.8767313969816557835e10
17	7.5617567717165261819	5.749803472293967916e11
17	8.8868961022127376001	2.5483331637168422831e12
17	10.304429232965734266	8.1641286612848589906e12
17	11.816316622093445028	1.9654847552517620657e13
17	13.424381045128419529	3.6586828111679497675e13
17	15.130414453110909411	5.3807064038147908098e13
17	16.936241586550192241	6.3567203576183349332e13
17	18.843761925362660197	6.1114960815650099696e13
17	20.8549803977826775	4.8308570082633722213e13
17	22.972032299780095908	3.1649477387435344515e13
17	25.197205501922955753	1.7295191365700199377e13
17	27.53296182905065674	7.9219563168452260144e12
17	29.981958885125258296	3.0527998014735007616e12
17	32.54707328558416566	9.9239424661279169629e11
17	35.23142612066841216	2.7261811185400291949e11
17	38.038411441110120386	6.3345459207847805848e10
17	40.971728601579924444	1.2452021434401164058e10
17	44.035419405318918165	2.0695944714000319592e9
17	47.233911164978398151	2.9047023067942843538e8
17	50.572067038410959682	3.4358346318589662745e7
17	54.055245331285990392	3.4159166878825225179e6
17	57.689369908597112241	284465.68884778671371
17	61.481014465981608704	19758.532718029755252
17	65.437504240960556082	1138.8250892482881638
17	69.56703988555852896	54.136733001595790494
17	73.878849813653661282	2.1073711100412072543
17	78.38337959088701391	0.066610375096572024851
17	83.092530183447091448	0.0016927753061655754042
17	88.019961654359389765	0.000034187563854732530153
17	93.181486060767561556	5.4125336179173889761e-7
17	98.595584328605565627	6.6091220940902340408e-9
17	104.28409931500457717	6.1047361992124212085e-11
17	110.27318572633882773	4.1666462400728092035e-13
17	116.59464573057320313	2.0419245324274029769e-15
17	123.28786416929441891	6.9329676246480678813e-18
17	130.40271520326002855	1.558579786486527721e-20
17	138.00412358283539916	2.1867064031525794349e-23
17	146.17962454590130761	1.7679831337273389649e-26
17	155.05280542427954929	7.3615812977296584964e-30
17	164.80956002033256112	1.3336849384929537517e-33
17	175.75667741068201514	7.9709063406472625837e-38
17	188.48267928913439785	9.2829035440886824866e-43
17	204.507317429498405	5.5304459151437628712e-49
18	2.3694907968262547642	520685.06753741913056
18	3.3657647514433886829	1.0689523137126790964e8
18	4.401507228417565242	5.0344754088362757525e9
18	5.5073618239077786235	1.0092279234321110327e11
18	6.6938644840981886816	1.1080410826526629776e12
18	7.9662695852701165028	7.626405273638630723e12
18	9.3278773722479286432	3.5756975027262997592e13
18	10.78114260613538978	1.2072841476445643059e14
18	12.328133230003598848	3.0530532254793475504e14
18	13.970750001211510344	5.9523855066696963237e14
18	15.710844356588627638	9.1448951822318433773e14
18	17.550288371051834188	1.1259765528029852403e15
18	19.491020576406261304	1.1258463299780749691e15
18	21.535079141323906129	9.2374294314506552528e14
18	23.684628432985108481	6.2707538637522069584e14
18	25.941982354748897993	3.5448506727382949361e14
18	28.309626530739539258	1.6771525447147789181e14
18	30.790240722575773482	6.6665832388610333698e13
18	33.386722511721196909	2.2325205918384618388e13
18	36.102213117322735636	6.310348956833516378e12
18	38.940126172204935261	1.5070194760336427734e12
18	41.904180314306317914	3.0415720351707936319e11
18	44.998436552972888985	5.18535692645859127e10
18	48.227341537466378463	7.4582710365510458012e9
18	51.595778096614071148	9.0332800897105330378e8
18	55.109124750591840315	9.1887085351820246072e7
18	58.773326345828446808	7.823309082650899141e6
18	62.594978573461024638	555173.59771029665385
18	66.581429962374497259	32671.139836505683058
18	70.740906081603098319	1584.7857461046432695
18	75.082662282444328879	62.913886375125859435
18	79.617173570592529991	2.026968555717961626
18	84.356373455201096646	0.052479921408353603158
18	89.313958406215108913	0.0010793342008538724913
18	94.505781734562748284	0.000017394161783850407301
18	99.9503717612198862	2.1612206841546439318e-7
18	105.66962662048941472	2.0306196884632716544e-9
18	111.68976657489400071	1.4093731664786729408e-11
18	118.04267301661713217	7.0217741055720960105e-14
18	124.76782862221107059	2.4232887936981189661e-16
18	131.91523147581049092	5.5364206688893157099e-19
18	139.54996816631594753	7.8934877825754669749e-22
18	147.75979345244581369	6.4853961300879481781e-25
18	156.66860733154535324	2.7444875583333392562e-28
18	166.46277934639756763	5.0547651461652126492e-32
18	177.44989505027127619	3.072982864247977623e-36
18	190.22003100567828287	3.6443735289625335859e-41
18	206.29704174463885059	2.2166088553671288856e-47
19	2.574321823143726105	5.1111516927965848157e6
19	3.6181355956892264855	1.1527050067831052553e9
19	4.6962444480008662776	5.8707672890889328419e10
19	5.8419224688909935861	1.2611945085304731219e12
19	7.0666378484887978219	1.4743623895469743945e13
19	8.376095502638096404	1.0750626890748878421e14
19	9.7738519210630114073	5.3178140913009926289e14
19	11.26252385263811924	1.887559374124365425e15
19	12.844289830226009569	5.0026944410647810881e15
19	14.521130790129430651	1.0194238203666826163e16
19	16.294959232731506468	1.6329703119417864191e16
19	18.167695708620113947	2.0917557551946388425e16
19	20.141318627368315857	2.1715880025702889769e16
19	22.217899991570482015	1.8466162465963905542e16
19	24.399633659125124705	1.2970268039870357931e16
19	26.688859853738341015	7.574696371107683322e15
19	29.088088185198102214	3.6971209516190628168e15
19	31.600020680845128311	1.5140831238087287287e15
19	34.227575935105817314	5.2175886344990814194e14
19	36.973915294873434842	1.515882219400828349e14
19	39.842471935754164952	3.7171677733860452276e13
19	42.836983709104496235	7.6956779245432945807e12
19	45.961530735807322567	1.34457606752482293e12
19	49.220578886870841559	1.9803012320006831004e11
19	52.619030530245058541	2.4540159984730937633e10
19	56.162284254171401282	2.5521133228971848311e9
19	59.856305727118836079	2.2199597380887126259e8
19	63.707712464342852257	1.6084502595997269734e7
19	67.723876103079693567	965830.33938718530603
19	71.913046934491174455	47776.663329338967185
19	76.284507039689378535	1933.1615212820139601
19	80.848760642562563916	63.449579551940616817
19	85.617773556786216846	1.6727628811878915562
19	90.60527840088161816	0.035016386538148738613
19	95.827169456716089008	0.00057414696252864122413
19	101.30202212662085129	7.2555160917903974841e-6
19	107.05178946876538281	6.9312057118962232323e-8
19	113.10275689657805025	4.8898478350938621325e-10
19	119.48688455163205944	2.4757206944944289172e-12
19	126.24375237504851181	8.6808443481029881986e-15
19	133.4234816687831779	2.0147812604028972127e-17
19	141.09131995656183243	2.9179524936548113659e-20
19	149.33524031021928051	2.4353471741357322919e-23
19	158.27945369000030666	1.0470190253532351307e-26
19	168.11080280319341369	1.959699414792814763e-30
19	179.13766537279680627	1.2114035876556254798e-34
19	191.95166439739742462	1.4624029109111810075e-39
19	208.08073475469655011	9.0768054033201436378e-46
20	2.7855121686521917431	5.4113930179327736588e7
20	3.8767317826978107739	1.3345389626356310491e10
20	4.996991070715911687	7.3217519674166866144e11
20	6.1822335859246751568	1.6799019411023981043e13
20	7.4448772168171235	2.0847113770768640099e14
20	8.7910872875761740795	1.6060224138016899686e15
20	10.224682747308801832	8.3603957330228804948e15
20	11.748446491748657535	3.1125950039107124443e16
20	13.364670534003501334	8.6276914011193504925e16
20	15.075418046980721337	1.8340062361585887607e17
20	16.882664081214514952	3.057628106271514042e17
20	18.788378745090110999	4.0679954385002521549e17
20	20.794581114385301421	4.3781983840377760979e17
20	22.90337759657653222	3.8530042360764852036e17
20	25.116991947626155657	2.7963694789648056322e17
20	27.437790994223518044	1.6850223009347941384e17
20	29.868308518348978352	8.4745940911272732587e16
20	32.411268924818972686	3.5717626553318787372e16
20	35.06961187409666114	1.2652653069404583347e16
20	37.84651884746729696	3.7747843380551274343e15
20	40.745442532918608867	9.4955776796518902348e14
20	43.770139934985754834	2.0148147618488612286e14
20	46.924710201539133733	3.6047534896998246713e13
20	50.213638320687361474	5.4321373454739298728e12
20	53.641846077921149237	6.8823394322921040172e11
20	57.214751993327272626	7.3125491354472183064e10
20	60.938342408125026309	6.4943343901664828444e9
20	64.819256500256582595	4.801167851757500549e8
20	68.864888842073292116	2.9399247747205550384e7
20	73.08351426158453654	1.4822118237488998447e6
20	77.484441371554551432	61094.27037753965045
20	82.078203401517667692	2041.7052703049490654
20	86.876798240452922097	54.782216704995970139
20	91.893994406311499719	1.1666513087481933618
20	97.145726878304641262	0.019453402482266307848
20	102.65061783584223674	0.00024991747088777287169
20	108.43067491736788223	2.4263936689460168805e-6
20	114.51224829218411953	1.73922801416533811e-8
20	120.92737638740985608	8.9448611483975285265e-11
20	127.71573585049641799	3.1854179227332725603e-13
20	134.92757050959960298	7.5077425035228754788e-16
20	142.628287936228311	1.104101222697332513e-18
20	150.9060783286175564	9.3572515588118336968e-22
20	159.88546193552488415	4.0855863127450471155e-25
20	169.75375209405209392	7.768339597709552551e-29
20	180.82011445730840276	4.8810076417123848283e-33
20	193.67771015742408462	5.9956763623967822497e-38
20	209.85853235011093965	3.7959515713214527678e-44
