   61.000999999999998     
  0.50000000000000000              501
   0.6335744695   0.0000000000   0.0000000000
   0.6333224185   0.0000000000   0.0000000000
   0.6330700640   0.0000000000   0.0000000000
   0.6328174050   0.0000000000   0.0000000000
   0.6325644408   0.0000000000   0.0000000000
   0.6323111705   0.0000000000   0.0000000000
   0.6320575933   0.0000000000   0.0000000000
   0.6318037082   0.0000000000   0.0000000000
   0.6315495144   0.0000000000   0.0000000000
   0.6312950112   0.0000000000   0.0000000000
   0.6310401974   0.0000000000   0.0000000000
   0.6307850723   0.0000000000   0.0000000000
   0.6305296348   0.0000000000   0.0000000000
   0.6302738841   0.0000000000   0.0000000000
   0.6300178195   0.0000000000   0.0000000000
   0.6297614400   0.0000000000   0.0000000000
   0.6295047445   0.0000000000   0.0000000000
   0.6292477326   0.0000000000   0.0000000000
   0.6289904026   0.0000000000   0.0000000000
   0.6287327544   0.0000000000   0.0000000000
   0.6284747864   0.0000000000   0.0000000000
   0.6282164983   0.0000000000   0.0000000000
   0.6279578884   0.0000000000   0.0000000000
   0.6276989566   0.0000000000   0.0000000000
   0.6274397014   0.0000000000   0.0000000000
   0.6271801220   0.0000000000   0.0000000000
   0.6269202174   0.0000000000   0.0000000000
   0.6266599868   0.0000000000   0.0000000000
   0.6263994290   0.0000000000   0.0000000000
   0.6261385433   0.0000000000   0.0000000000
   0.6258773286   0.0000000000   0.0000000000
   0.6256157841   0.0000000000   0.0000000000
   0.6253539084   0.0000000000   0.0000000000
   0.6250917010   0.0000000000   0.0000000000
   0.6248291607   0.0000000000   0.0000000000
   0.6245662866   0.0000000000   0.0000000000
   0.6243030776   0.0000000000   0.0000000000
   0.6240395327   0.0000000000   0.0000000000
   0.6237756507   0.0000000000   0.0000000000
   0.6235114310   0.0000000000   0.0000000000
   0.6232468725   0.0000000000   0.0000000000
   0.6229819743   0.0000000000   0.0000000000
   0.6227167348   0.0000000000   0.0000000000
   0.6224511535   0.0000000000   0.0000000000
   0.6221852292   0.0000000000   0.0000000000
   0.6219189609   0.0000000000   0.0000000000
   0.6216523476   0.0000000000   0.0000000000
   0.6213853879   0.0000000000   0.0000000000
   0.6211180813   0.0000000000   0.0000000000
   0.6208504267   0.0000000000   0.0000000000
   0.6205824224   0.0000000000   0.0000000000
   0.6203140680   0.0000000000   0.0000000000
   0.6200453619   0.0000000000   0.0000000000
   0.6197763036   0.0000000000   0.0000000000
   0.6195068918   0.0000000000   0.0000000000
   0.6192371250   0.0000000000   0.0000000000
   0.6189670028   0.0000000000   0.0000000000
   0.6186965234   0.0000000000   0.0000000000
   0.6184256865   0.0000000000   0.0000000000
   0.6181544901   0.0000000000   0.0000000000
   0.6178829337   0.0000000000   0.0000000000
   0.6176110159   0.0000000000   0.0000000000
   0.6173387359   0.0000000000   0.0000000000
   0.6170660923   0.0000000000   0.0000000000
   0.6167930840   0.0000000000   0.0000000000
   0.6165197096   0.0000000000   0.0000000000
   0.6162459685   0.0000000000   0.0000000000
   0.6159718592   0.0000000000   0.0000000000
   0.6156973807   0.0000000000   0.0000000000
   0.6154225315   0.0000000000   0.0000000000
   0.6151473109   0.0000000000   0.0000000000
   0.6148717175   0.0000000000   0.0000000000
   0.6145957501   0.0000000000   0.0000000000
   0.6143194075   0.0000000000   0.0000000000
   0.6140426884   0.0000000000   0.0000000000
   0.6137655921   0.0000000000   0.0000000000
   0.6134881167   0.0000000000   0.0000000000
   0.6132102616   0.0000000000   0.0000000000
   0.6129320250   0.0000000000   0.0000000000
   0.6126534061   0.0000000000   0.0000000000
   0.6123744036   0.0000000000   0.0000000000
   0.6120950164   0.0000000000   0.0000000000
   0.6118152429   0.0000000000   0.0000000000
   0.6115350820   0.0000000000   0.0000000000
   0.6112545325   0.0000000000   0.0000000000
   0.6109735928   0.0000000000   0.0000000000
   0.6106922625   0.0000000000   0.0000000000
   0.6104105393   0.0000000000   0.0000000000
   0.6101284225   0.0000000000   0.0000000000
   0.6098459108   0.0000000000   0.0000000000
   0.6095630027   0.0000000000   0.0000000000
   0.6092796971   0.0000000000   0.0000000000
   0.6089959927   0.0000000000   0.0000000000
   0.6087118880   0.0000000000   0.0000000000
   0.6084273816   0.0000000000   0.0000000000
   0.6081424723   0.0000000000   0.0000000000
   0.6078571592   0.0000000000   0.0000000000
   0.6075714402   0.0000000000   0.0000000000
   0.6072853143   0.0000000000   0.0000000000
   0.6069987802   0.0000000000   0.0000000000
   0.6067118366   0.0000000000   0.0000000000
   0.6064244820   0.0000000000   0.0000000000
   0.6061367149   0.0000000000   0.0000000000
   0.6058485339   0.0000000000   0.0000000000
   0.6055599381   0.0000000000   0.0000000000
   0.6052709256   0.0000000000   0.0000000000
   0.6049814953   0.0000000000   0.0000000000
   0.6046916453   0.0000000000   0.0000000000
   0.6044013749   0.0000000000   0.0000000000
   0.6041106821   0.0000000000   0.0000000000
   0.6038195656   0.0000000000   0.0000000000
   0.6035280241   0.0000000000   0.0000000000
   0.6032360558   0.0000000000   0.0000000000
   0.6029436598   0.0000000000   0.0000000000
   0.6026508341   0.0000000000   0.0000000000
   0.6023575775   0.0000000000   0.0000000000
   0.6020638887   0.0000000000   0.0000000000
   0.6017697657   0.0000000000   0.0000000000
   0.6014752073   0.0000000000   0.0000000000
   0.6011802120   0.0000000000   0.0000000000
   0.6008847783   0.0000000000   0.0000000000
   0.6005889044   0.0000000000   0.0000000000
   0.6002925892   0.0000000000   0.0000000000
   0.5999958308   0.0000000000   0.0000000000
   0.5996986280   0.0000000000   0.0000000000
   0.5994009788   0.0000000000   0.0000000000
   0.5991028820   0.0000000000   0.0000000000
   0.5988043357   0.0000000000   0.0000000000
   0.5985053387   0.0000000000   0.0000000000
   0.5982058891   0.0000000000   0.0000000000
   0.5979059854   0.0000000000   0.0000000000
   0.5976056260   0.0000000000   0.0000000000
   0.5973048094   0.0000000000   0.0000000000
   0.5970035335   0.0000000000   0.0000000000
   0.5967017974   0.0000000000   0.0000000000
   0.5963995988   0.0000000000   0.0000000000
   0.5960969363   0.0000000000   0.0000000000
   0.5957938085   0.0000000000   0.0000000000
   0.5954902132   0.0000000000   0.0000000000
   0.5951861490   0.0000000000   0.0000000000
   0.5948816140   0.0000000000   0.0000000000
   0.5945766069   0.0000000000   0.0000000000
   0.5942711256   0.0000000000   0.0000000000
   0.5939651687   0.0000000000   0.0000000000
   0.5936587341   0.0000000000   0.0000000000
   0.5933518202   0.0000000000   0.0000000000
   0.5930444257   0.0000000000   0.0000000000
   0.5927365480   0.0000000000   0.0000000000
   0.5924281861   0.0000000000   0.0000000000
   0.5921193374   0.0000000000   0.0000000000
   0.5918100010   0.0000000000   0.0000000000
   0.5915001744   0.0000000000   0.0000000000
   0.5911898562   0.0000000000   0.0000000000
   0.5908790442   0.0000000000   0.0000000000
   0.5905677369   0.0000000000   0.0000000000
   0.5902559325   0.0000000000   0.0000000000
   0.5899436289   0.0000000000   0.0000000000
   0.5896308240   0.0000000000   0.0000000000
   0.5893175167   0.0000000000   0.0000000000
   0.5890037042   0.0000000000   0.0000000000
   0.5886893853   0.0000000000   0.0000000000
   0.5883745575   0.0000000000   0.0000000000
   0.5880592194   0.0000000000   0.0000000000
   0.5877433690   0.0000000000   0.0000000000
   0.5874270040   0.0000000000   0.0000000000
   0.5871101227   0.0000000000   0.0000000000
   0.5867927229   0.0000000000   0.0000000000
   0.5864748028   0.0000000000   0.0000000000
   0.5861563605   0.0000000000   0.0000000000
   0.5858373940   0.0000000000   0.0000000000
   0.5855179009   0.0000000000   0.0000000000
   0.5851978793   0.0000000000   0.0000000000
   0.5848773277   0.0000000000   0.0000000000
   0.5845562431   0.0000000000   0.0000000000
   0.5842346242   0.0000000000   0.0000000000
   0.5839124688   0.0000000000   0.0000000000
   0.5835897743   0.0000000000   0.0000000000
   0.5832665392   0.0000000000   0.0000000000
   0.5829427612   0.0000000000   0.0000000000
   0.5826184380   0.0000000000   0.0000000000
   0.5822935673   0.0000000000   0.0000000000
   0.5819681474   0.0000000000   0.0000000000
   0.5816421759   0.0000000000   0.0000000000
   0.5813156506   0.0000000000   0.0000000000
   0.5809885692   0.0000000000   0.0000000000
   0.5806609300   0.0000000000   0.0000000000
   0.5803327298   0.0000000000   0.0000000000
   0.5800039673   0.0000000000   0.0000000000
   0.5796746397   0.0000000000   0.0000000000
   0.5793447450   0.0000000000   0.0000000000
   0.5790142806   0.0000000000   0.0000000000
   0.5786832444   0.0000000000   0.0000000000
   0.5783516343   0.0000000000   0.0000000000
   0.5780194474   0.0000000000   0.0000000000
   0.5776866822   0.0000000000   0.0000000000
   0.5773533354   0.0000000000   0.0000000000
   0.5770194052   0.0000000000   0.0000000000
   0.5766848890   0.0000000000   0.0000000000
   0.5763497849   0.0000000000   0.0000000000
   0.5760140894   0.0000000000   0.0000000000
   0.5756778012   0.0000000000   0.0000000000
   0.5753409169   0.0000000000   0.0000000000
   0.5750034348   0.0000000000   0.0000000000
   0.5746653519   0.0000000000   0.0000000000
   0.5743266661   0.0000000000   0.0000000000
   0.5739873746   0.0000000000   0.0000000000
   0.5736474749   0.0000000000   0.0000000000
   0.5733069643   0.0000000000   0.0000000000
   0.5729658407   0.0000000000   0.0000000000
   0.5726241010   0.0000000000   0.0000000000
   0.5722817430   0.0000000000   0.0000000000
   0.5719387638   0.0000000000   0.0000000000
   0.5715951606   0.0000000000   0.0000000000
   0.5712509313   0.0000000000   0.0000000000
   0.5709060728   0.0000000000   0.0000000000
   0.5705605828   0.0000000000   0.0000000000
   0.5702144581   0.0000000000   0.0000000000
   0.5698676961   0.0000000000   0.0000000000
   0.5695202943   0.0000000000   0.0000000000
   0.5691722497   0.0000000000   0.0000000000
   0.5688235596   0.0000000000   0.0000000000
   0.5684742212   0.0000000000   0.0000000000
   0.5681242317   0.0000000000   0.0000000000
   0.5677735881   0.0000000000   0.0000000000
   0.5674222879   0.0000000000   0.0000000000
   0.5670703278   0.0000000000   0.0000000000
   0.5667177050   0.0000000000   0.0000000000
   0.5663644168   0.0000000000   0.0000000000
   0.5660104599   0.0000000000   0.0000000000
   0.5656558318   0.0000000000   0.0000000000
   0.5653005291   0.0000000000   0.0000000000
   0.5649445490   0.0000000000   0.0000000000
   0.5645878885   0.0000000000   0.0000000000
   0.5642305447   0.0000000000   0.0000000000
   0.5638725139   0.0000000000   0.0000000000
   0.5635137938   0.0000000000   0.0000000000
   0.5631543807   0.0000000000   0.0000000000
   0.5627942715   0.0000000000   0.0000000000
   0.5624334638   0.0000000000   0.0000000000
   0.5620719532   0.0000000000   0.0000000000
   0.5617097376   0.0000000000   0.0000000000
   0.5613468133   0.0000000000   0.0000000000
   0.5609831768   0.0000000000   0.0000000000
   0.5606188252   0.0000000000   0.0000000000
   0.5602537551   0.0000000000   0.0000000000
   0.5598879634   0.0000000000   0.0000000000
   0.5595214463   0.0000000000   0.0000000000
   0.5591542010   0.0000000000   0.0000000000
   0.5587862234   0.0000000000   0.0000000000
   0.5584175105   0.0000000000   0.0000000000
   0.5580480592   0.0000000000   0.0000000000
   0.5576778654   0.0000000000   0.0000000000
   0.5573069258   0.0000000000   0.0000000000
   0.5569352370   0.0000000000   0.0000000000
   0.5565627955   0.0000000000   0.0000000000
   0.5561895975   0.0000000000   0.0000000000
   0.5558156396   0.0000000000   0.0000000000
   0.5554409180   0.0000000000   0.0000000000
   0.5550654293   0.0000000000   0.0000000000
   0.5546891696   0.0000000000   0.0000000000
   0.5543121354   0.0000000000   0.0000000000
   0.5539343227   0.0000000000   0.0000000000
   0.5535557277   0.0000000000   0.0000000000
   0.5531763471   0.0000000000   0.0000000000
   0.5527961765   0.0000000000   0.0000000000
   0.5524152124   0.0000000000   0.0000000000
   0.5520334509   0.0000000000   0.0000000000
   0.5516508877   0.0000000000   0.0000000000
   0.5512675193   0.0000000000   0.0000000000
   0.5508833417   0.0000000000   0.0000000000
   0.5504983507   0.0000000000   0.0000000000
   0.5501125423   0.0000000000   0.0000000000
   0.5497259126   0.0000000000   0.0000000000
   0.5493384573   0.0000000000   0.0000000000
   0.5489501723   0.0000000000   0.0000000000
   0.5485610535   0.0000000000   0.0000000000
   0.5481710967   0.0000000000   0.0000000000
   0.5477802978   0.0000000000   0.0000000000
   0.5473886524   0.0000000000   0.0000000000
   0.5469961561   0.0000000000   0.0000000000
   0.5466028048   0.0000000000   0.0000000000
   0.5462085937   0.0000000000   0.0000000000
   0.5458135189   0.0000000000   0.0000000000
   0.5454175760   0.0000000000   0.0000000000
   0.5450207600   0.0000000000   0.0000000000
   0.5446230668   0.0000000000   0.0000000000
   0.5442244917   0.0000000000   0.0000000000
   0.5438250301   0.0000000000   0.0000000000
   0.5434246777   0.0000000000   0.0000000000
   0.5430234293   0.0000000000   0.0000000000
   0.5426212807   0.0000000000   0.0000000000
   0.5422182266   0.0000000000   0.0000000000
   0.5418142630   0.0000000000   0.0000000000
   0.5414093844   0.0000000000   0.0000000000
   0.5410035863   0.0000000000   0.0000000000
   0.5405968636   0.0000000000   0.0000000000
   0.5401892116   0.0000000000   0.0000000000
   0.5397806254   0.0000000000   0.0000000000
   0.5393710994   0.0000000000   0.0000000000
   0.5389606291   0.0000000000   0.0000000000
   0.5385492092   0.0000000000   0.0000000000
   0.5381368345   0.0000000000   0.0000000000
   0.5377235001   0.0000000000   0.0000000000
   0.5373092001   0.0000000000   0.0000000000
   0.5368939301   0.0000000000   0.0000000000
   0.5364776841   0.0000000000   0.0000000000
   0.5360604569   0.0000000000   0.0000000000
   0.5356422433   0.0000000000   0.0000000000
   0.5352230374   0.0000000000   0.0000000000
   0.5348028342   0.0000000000   0.0000000000
   0.5343816276   0.0000000000   0.0000000000
   0.5339594124   0.0000000000   0.0000000000
   0.5335361828   0.0000000000   0.0000000000
   0.5331119333   0.0000000000   0.0000000000
   0.5326866576   0.0000000000   0.0000000000
   0.5322603503   0.0000000000   0.0000000000
   0.5318330055   0.0000000000   0.0000000000
   0.5314046171   0.0000000000   0.0000000000
   0.5309751793   0.0000000000   0.0000000000
   0.5305446860   0.0000000000   0.0000000000
   0.5301131314   0.0000000000   0.0000000000
   0.5296805086   0.0000000000   0.0000000000
   0.5292468124   0.0000000000   0.0000000000
   0.5288120357   0.0000000000   0.0000000000
   0.5283761726   0.0000000000   0.0000000000
   0.5279392169   0.0000000000   0.0000000000
   0.5275011618   0.0000000000   0.0000000000
   0.5270620011   0.0000000000   0.0000000000
   0.5266217278   0.0000000000   0.0000000000
   0.5261803360   0.0000000000   0.0000000000
   0.5257378183   0.0000000000   0.0000000000
   0.5252941687   0.0000000000   0.0000000000
   0.5248493798   0.0000000000   0.0000000000
   0.5244034449   0.0000000000   0.0000000000
   0.5239563574   0.0000000000   0.0000000000
   0.5235081099   0.0000000000   0.0000000000
   0.5230586956   0.0000000000   0.0000000000
   0.5226081073   0.0000000000   0.0000000000
   0.5221563378   0.0000000000   0.0000000000
   0.5217033797   0.0000000000   0.0000000000
   0.5212492259   0.0000000000   0.0000000000
   0.5207938687   0.0000000000   0.0000000000
   0.5203373010   0.0000000000   0.0000000000
   0.5198795153   0.0000000000   0.0000000000
   0.5194205035   0.0000000000   0.0000000000
   0.5189602582   0.0000000000   0.0000000000
   0.5184987713   0.0000000000   0.0000000000
   0.5180360356   0.0000000000   0.0000000000
   0.5175720426   0.0000000000   0.0000000000
   0.5171067846   0.0000000000   0.0000000000
   0.5166402533   0.0000000000   0.0000000000
   0.5161724406   0.0000000000   0.0000000000
   0.5157033384   0.0000000000   0.0000000000
   0.5152329382   0.0000000000   0.0000000000
   0.5147612315   0.0000000000   0.0000000000
   0.5142882099   0.0000000000   0.0000000000
   0.5138138649   0.0000000000   0.0000000000
   0.5133381876   0.0000000000   0.0000000000
   0.5128611695   0.0000000000   0.0000000000
   0.5123828014   0.0000000000   0.0000000000
   0.5119030745   0.0000000000   0.0000000000
   0.5114219798   0.0000000000   0.0000000000
   0.5109395082   0.0000000000   0.0000000000
   0.5104556502   0.0000000000   0.0000000000
   0.5099703966   0.0000000000   0.0000000000
   0.5094837381   0.0000000000   0.0000000000
   0.5089956648   0.0000000000   0.0000000000
   0.5085061677   0.0000000000   0.0000000000
   0.5080152362   0.0000000000   0.0000000000
   0.5075228610   0.0000000000   0.0000000000
   0.5070290321   0.0000000000   0.0000000000
   0.5065337392   0.0000000000   0.0000000000
   0.5060369724   0.0000000000   0.0000000000
   0.5055387211   0.0000000000   0.0000000000
   0.5050389752   0.0000000000   0.0000000000
   0.5045377239   0.0000000000   0.0000000000
   0.5040349568   0.0000000000   0.0000000000
   0.5035306631   0.0000000000   0.0000000000
   0.5030248315   0.0000000000   0.0000000000
   0.5025174518   0.0000000000   0.0000000000
   0.5020085121   0.0000000000   0.0000000000
   0.5014980016   0.0000000000   0.0000000000
   0.5009859089   0.0000000000   0.0000000000
   0.5004722224   0.0000000000   0.0000000000
   0.4999569304   0.0000000000   0.0000000000
   0.4994400210   0.0000000000   0.0000000000
   0.4989214827   0.0000000000   0.0000000000
   0.4984013031   0.0000000000   0.0000000000
   0.4978794701   0.0000000000   0.0000000000
   0.4973559715   0.0000000000   0.0000000000
   0.4968307945   0.0000000000   0.0000000000
   0.4963039267   0.0000000000   0.0000000000
   0.4957753554   0.0000000000   0.0000000000
   0.4952450676   0.0000000000   0.0000000000
   0.4947130502   0.0000000000   0.0000000000
   0.4941792898   0.0000000000   0.0000000000
   0.4936437733   0.0000000000   0.0000000000
   0.4931064869   0.0000000000   0.0000000000
   0.4925674168   0.0000000000   0.0000000000
   0.4920265494   0.0000000000   0.0000000000
   0.4914838706   0.0000000000   0.0000000000
   0.4909393657   0.0000000000   0.0000000000
   0.4903930209   0.0000000000   0.0000000000
   0.4898448212   0.0000000000   0.0000000000
   0.4892947520   0.0000000000   0.0000000000
   0.4887427981   0.0000000000   0.0000000000
   0.4881889446   0.0000000000   0.0000000000
   0.4876331760   0.0000000000   0.0000000000
   0.4870754768   0.0000000000   0.0000000000
   0.4865158312   0.0000000000   0.0000000000
   0.4859542232   0.0000000000   0.0000000000
   0.4853906369   0.0000000000   0.0000000000
   0.4848250557   0.0000000000   0.0000000000
   0.4842574630   0.0000000000   0.0000000000
   0.4836878423   0.0000000000   0.0000000000
   0.4831161762   0.0000000000   0.0000000000
   0.4825424476   0.0000000000   0.0000000000
   0.4819666391   0.0000000000   0.0000000000
   0.4813887331   0.0000000000   0.0000000000
   0.4808087112   0.0000000000   0.0000000000
   0.4802265556   0.0000000000   0.0000000000
   0.4796422477   0.0000000000   0.0000000000
   0.4790557690   0.0000000000   0.0000000000
   0.4784671002   0.0000000000   0.0000000000
   0.4778762224   0.0000000000   0.0000000000
   0.4772831160   0.0000000000   0.0000000000
   0.4766877614   0.0000000000   0.0000000000
   0.4760901384   0.0000000000   0.0000000000
   0.4754902267   0.0000000000   0.0000000000
   0.4748880058   0.0000000000   0.0000000000
   0.4742834547   0.0000000000   0.0000000000
   0.4736765524   0.0000000000   0.0000000000
   0.4730672773   0.0000000000   0.0000000000
   0.4724556076   0.0000000000   0.0000000000
   0.4718415212   0.0000000000   0.0000000000
   0.4712249957   0.0000000000   0.0000000000
   0.4706060083   0.0000000000   0.0000000000
   0.4699845357   0.0000000000   0.0000000000
   0.4693605549   0.0000000000   0.0000000000
   0.4687340416   0.0000000000   0.0000000000
   0.4681049721   0.0000000000   0.0000000000
   0.4674733215   0.0000000000   0.0000000000
   0.4668390652   0.0000000000   0.0000000000
   0.4662021778   0.0000000000   0.0000000000
   0.4655626337   0.0000000000   0.0000000000
   0.4649204068   0.0000000000   0.0000000000
   0.4642754706   0.0000000000   0.0000000000
   0.4636277984   0.0000000000   0.0000000000
   0.4629773627   0.0000000000   0.0000000000
   0.4623241360   0.0000000000   0.0000000000
   0.4616680900   0.0000000000   0.0000000000
   0.4610091962   0.0000000000   0.0000000000
   0.4603474252   0.0000000000   0.0000000000
   0.4596827478   0.0000000000   0.0000000000
   0.4590151341   0.0000000000   0.0000000000
   0.4583445532   0.0000000000   0.0000000000
   0.4576709744   0.0000000000   0.0000000000
   0.4569943660   0.0000000000   0.0000000000
   0.4563146960   0.0000000000   0.0000000000
   0.4556319320   0.0000000000   0.0000000000
   0.4549460406   0.0000000000   0.0000000000
   0.4542569883   0.0000000000   0.0000000000
   0.4535647405   0.0000000000   0.0000000000
   0.4528692628   0.0000000000   0.0000000000
   0.4521705197   0.0000000000   0.0000000000
   0.4514684747   0.0000000000   0.0000000000
   0.4507630916   0.0000000000   0.0000000000
   0.4500543327   0.0000000000   0.0000000000
   0.4493421600   0.0000000000   0.0000000000
   0.4486265351   0.0000000000   0.0000000000
   0.4479074184   0.0000000000   0.0000000000
   0.4471847699   0.0000000000   0.0000000000
   0.4464585489   0.0000000000   0.0000000000
   0.4457287135   0.0000000000   0.0000000000
   0.4449952216   0.0000000000   0.0000000000
   0.4442580302   0.0000000000   0.0000000000
   0.4435170950   0.0000000000   0.0000000000
   0.4427723716   0.0000000000   0.0000000000
   0.4420238141   0.0000000000   0.0000000000
   0.4412713764   0.0000000000   0.0000000000
   0.4405150108   0.0000000000   0.0000000000
   0.4397546693   0.0000000000   0.0000000000
   0.4389903027   0.0000000000   0.0000000000
   0.4382218606   0.0000000000   0.0000000000
   0.4374492921   0.0000000000   0.0000000000
   0.4366725446   0.0000000000   0.0000000000
   0.4358915654   0.0000000000   0.0000000000
   0.4351062998   0.0000000000   0.0000000000
   0.4343166926   0.0000000000   0.0000000000
   0.4335226872   0.0000000000   0.0000000000
   0.4327242261   0.0000000000   0.0000000000
   0.4319212500   0.0000000000   0.0000000000
   0.4311136991   0.0000000000   0.0000000000
   0.4303015119   0.0000000000   0.0000000000
   0.4294846254   0.0000000000   0.0000000000
   0.4286629760   0.0000000000   0.0000000000
   0.4278364980   0.0000000000   0.0000000000
   0.4270051247   0.0000000000   0.0000000000
   0.4261687877   0.0000000000   0.0000000000
   0.4253274169   0.0000000000   0.0000000000
   0.4244809414   0.0000000000   0.0000000000
