   61.000999999999998     
  0.50000000000000000              1101
611.5	203.782303802307	1083.2052134463088	0	1
611.	203.61565718858313	1082.535588183794	0	1
610.5	203.44901058138902	1081.8658269882906	0	1
610.	203.2823639836186	1081.1959297241353	0	1
609.5	203.11571739437198	1080.525896250958	0	1
609.	202.94907081307142	1079.8557264308988	0	1
608.5	202.78242423953716	1079.185420122315	0	1
608.	202.6157776745352	1078.5149771880558	0	1
607.5	202.44913111813798	1077.844397487938	0	1
607.	202.2824845693643	1077.1736808807038	0	1
606.5	202.11583802889342	1076.5028272272436	0	1
606.	201.94919149731697	1075.8318363870087	0	1
605.5	201.7825449737402	1075.1607082175763	0	1
605.	201.6158984578736	1074.4894425798075	0	1
604.5	201.44925195155625	1073.8180393320185	0	1
604.	201.28260545325531	1073.1464983321582	0	1
603.5	201.11595896205338	1072.4748194367608	0	1
603.	200.9493124804899	1071.8030025068938	0	1
602.5	200.7826660068873	1071.131047398539	0	1
602.	200.61601954196223	1070.4589539686626	0	1
601.5	200.4493730858405	1069.786722075505	0	1
601.	200.28272663689182	1069.1143515734777	0	1
600.5	200.11608019677666	1068.4418423215054	0	1
600.	199.94943376494604	1067.7691941750572	0	1
599.5	199.78278734149612	1067.096406990134	0	1
599.	199.61614092712344	1066.4234806224863	0	1
598.5	199.44949452140673	1065.750414927559	0	1
598.	199.28284812329863	1065.0772097605063	0	1
597.5	199.11620173425408	1064.403864976291	0	1
597.	198.94955535282853	1063.730380429511	0	1
596.5	198.78290898072095	1063.0567559745916	0	1
596.	198.61626261655147	1062.3829914651992	0	1
595.5	198.44961626156498	1061.7090867563584	0	1
595.	198.28296991523845	1061.035041700825	0	1
594.5	198.11632357696504	1060.3608561514661	0	1
594.	197.94967724660992	1059.6865299612732	0	1
593.5	197.78303092536456	1059.0120629833893	0	1
593.	197.6163846133094	1058.3374550714134	0	1
592.5	197.44973830809718	1057.662706074732	0	1
592.	197.2830920133156	1056.9878158484248	0	1
591.5	197.11644572598655	1056.3127842413003	0	1
591.	196.94979944770947	1055.6376111062707	0	1
590.5	196.78315317775753	1054.9622962935803	0	1
590.	196.61650691717244	1054.2868396551708	0	1
589.5	196.44986066493024	1053.6112410403275	0	1
589.	196.28321442119528	1052.9355002996274	0	1
588.5	196.11656818583066	1052.2596172822014	0	1
588.	195.9499219598747	1051.5835918399991	0	1
587.5	195.783275742306	1050.9074238203996	0	1
587.	195.6166295326682	1050.2311130716662	0	1
586.5	195.44998333268887	1049.5546594449045	0	1
586.	195.28333714080694	1048.8780627869983	0	1
585.5	195.11669095852946	1048.2013229465542	0	1
585.	194.95004478411852	1047.5244397713993	0	1
584.5	194.7833986187508	1046.8474131091652	0	1
584.	194.6167524622192	1046.170242807146	0	1
583.5	194.45010631494912	1045.4929287127434	0	1
583.	194.28346017498254	1044.8154706714647	0	1
582.5	194.11681404507942	1044.1378685309614	0	1
582.	193.95016792355406	1043.4601221369214	0	1
581.5	193.78352181097023	1042.7822313351899	0	1
581.	193.61687570660246	1042.1041959708934	0	1
580.5	193.45022961223557	1041.426015890461	0	1
580.	193.28358352649195	1040.7476909380216	0	1
579.5	193.11693744869342	1040.069220957049	0	1
579.	192.9502913803715	1039.390605793822	0	1
578.5	192.78364532082114	1038.7118452915913	0	1
578.	192.61699927040988	1038.0329392944757	0	1
577.5	192.450353228899	1037.353887645138	0	1
577.	192.2837071961726	1036.674690187075	0	1
576.5	192.11706117238086	1035.9953467631092	0	1
576.	191.95041515732018	1035.315857215369	0	1
575.5	191.78376915171654	1034.6362213872158	0	1
575.	191.6171231550152	1033.9564391193983	0	1
574.5	191.4504771670778	1033.2765102542555	0	1
574.	191.28383118813326	1032.5964346319474	0	1
573.5	191.1171852180356	1031.9162120949452	0	1
573.	190.9505392570605	1031.2358424824145	0	1
572.5	190.78389330508958	1030.5553256358282	0	1
572.	190.6172473626026	1029.8746613952376	0	1
571.5	190.45060142851622	1029.193849599204	0	1
571.	190.28395550369217	1028.5128900882903	0	1
570.5	190.1173095877444	1027.8317827012022	0	1
570.	189.95066368173613	1027.1505272767513	0	1
569.5	189.78401778425933	1026.4691236533517	0	1
569.	189.61737189589397	1025.7875716695387	0	1
568.5	189.45072601636875	1025.105871161632	0	1
568.	189.28408014626268	1024.424021969396	0	1
567.5	189.11743428539518	1023.742023928141	0	1
567.	188.9507884335053	1023.0598768762123	0	1
566.5	188.78414259116047	1022.377580649049	0	1
566.	188.61749675752978	1021.6951350832118	0	1
565.5	188.45085093318792	1021.0125400142393	0	1
565.	188.28420511814917	1020.3297952788147	0	1
564.5	188.11755931205687	1019.6469007106779	0	1
564.	187.9509135158506	1018.9638561458887	0	1
563.5	187.78426772852805	1018.2806614189979	0	1
563.	187.61762194976052	1017.5973163631368	0	1
562.5	187.45097618122728	1016.9138208134004	0	1
562.	187.28433042157764	1016.2301746029681	0	1
561.5	187.11768467188193	1015.5463775655088	0	1
561.	186.95103893065257	1014.8624295331622	0	1
560.5	186.784393199184	1014.1783303389385	0	1
560.	186.61774747662568	1013.4940798147022	0	1
559.5	186.45110176356448	1012.8096777931379	0	1
559.	186.2844560612377	1012.1251241069822	0	1
558.5	186.11781036591412	1011.4404185833038	0	1
558.	185.9511646813644	1010.7555610568318	0	1
557.5	185.78451900593083	1010.0705513569771	0	1
557.	185.6178733396269	1009.3853893139735	0	1
556.5	185.45122768329747	1008.7000747577409	0	1
556.	185.2845820359991	1008.014607517796	0	1
555.5	185.1179363983936	1007.3289874233662	0	1
555.	184.95129077028895	1006.6432143033063	0	1
554.5	184.7846451512259	1005.9572879861153	0	1
554.	184.61799954200373	1005.2712082998057	0	1
553.5	184.4513539417687	1004.5849750723531	0	1
553.	184.2847083520081	1003.8985881321947	0	1
552.5	184.1180627712542	1003.2120473043904	0	1
552.	183.9514171997267	1002.5253524171833	0	1
551.5	183.78477163811723	1001.8385032966515	0	1
551.	183.6181260858334	1001.1514997688421	0	1
550.5	183.4514805432608	1000.4643416594823	0	1
550.	183.28483501035285	999.7770287937468	0	1
549.5	183.1181894866153	999.0895609969868	0	1
549.	182.95154397324723	998.4019380938885	0	1
548.5	182.78489846910648	997.7141599085194	0	1
548.	182.61825297459913	997.0262262644587	0	1
547.5	182.45160749009264	996.3381369860153	0	1
547.	182.28496201449812	995.6498918954519	0	1
546.5	182.1183165489086	994.9614908169222	0	1
546.	181.9516710932935	994.2729335716376	0	1
545.5	181.7850256470768	993.5842199822406	0	1
545.	181.61838021082426	992.8953498708656	0	1
544.5	181.45173478402305	992.206323057976	0	1
544.	181.28508936700823	991.5171393656873	0	1
543.5	181.11844395998725	990.8277986139327	0	1
543.	180.95179856246796	990.1383006231564	0	1
542.5	180.78515317514047	989.4486452134717	0	1
542.	180.61850779746504	988.7588322040356	0	1
541.5	180.45186242948517	988.0688614141943	0	1
541.	180.28521707106273	987.3787326627332	0	1
540.5	180.11857172274426	986.6884457679048	0	1
540.	179.95192638454907	985.9980005482878	0	1
539.5	179.78528105568293	985.3073968209745	0	1
539.	179.61863573683308	984.6166344034507	0	1
538.5	179.45199042760993	983.9257131122454	0	1
538.	179.28534512950375	983.2346327651862	0	1
537.5	179.11869984011258	982.5433931767142	0	1
537.	178.9520545609263	981.8519941633532	0	1
536.5	178.78540929222592	981.1604355411993	0	1
536.	178.61876403308798	980.4687171239522	0	1
535.5	178.45211878406187	979.7768387269446	0	1
535.	178.2854735450794	979.0848001636697	0	1
534.5	178.1188283154661	978.3926012486396	0	1
534.	177.95218309619182	977.7002417953177	0	1
533.5	177.78553788735115	977.0077216169249	0	1
533.	177.61889268795943	976.3150405248253	0	1
532.5	177.45224749929665	975.622198333097	0	1
532.	177.28560232061537	974.9291948519692	0	1
531.5	177.11895715154856	974.236029894313	0	1
531.	176.95231199256023	973.5427032699633	0	1
530.5	176.7856668438241	972.8492147901245	0	1
530.	176.61902170575053	972.1555642654299	0	1
529.5	176.45237657742803	971.4617515053561	0	1
529.	176.28573145939995	970.7677763193832	0	1
528.5	176.11908635102085	970.0736385160155	0	1
528.	175.9524412536239	969.3793379048373	0	1
527.5	175.7857961657742	968.6848742938671	0	1
527.	175.61915108853927	967.9902474904518	0	1
526.5	175.45250602140757	967.2954573025336	0	1
526.	175.28586096400028	966.6005035367672	0	1
525.5	175.11921591790642	965.9053860001707	0	1
525.	174.95257088130438	965.2101044988765	0	1
524.5	174.78592585525774	964.5146588385295	0	1
524.	174.61928083978043	963.8190488243225	0	1
523.5	174.45263583423335	963.1232742608347	0	1
523.	174.28599083915455	962.4273349538497	0	1
522.5	174.11934585429742	961.7312307064205	0	1
522.	173.95270088032888	961.0349613233193	0	1
521.5	173.78605591596047	960.3385266061969	0	1
521.	173.61941096211993	959.6419263589896	0	1
520.5	173.45276601947117	958.9451603844986	0	1
520.	173.2861210868587	958.2482284839847	0	1
519.5	173.1194761645583	957.5511304588593	0	1
519.	172.9528312523262	956.8538661107852	0	1
518.5	172.7861863510847	956.1564352405137	0	1
518.	172.61954146045923	955.4588376479702	0	1
517.5	172.4528965796899	954.7610731331572	0	1
517.	172.2862517098258	954.0631414953604	0	1
516.5	172.11960685101252	953.3650425335733	0	1
516.	171.9529620017118	952.666776047335	0	1
515.5	171.7863171633634	951.9683418330724	0	1
515.	171.61967233585128	951.2697396896731	0	1
514.5	171.45302751893314	950.5709694140157	0	1
514.	171.28638271236758	949.8720308027115	0	1
513.5	171.1197379161711	949.172923652631	0	1
513.	170.95309313202463	948.4736477599125	0	1
512.5	170.78644835661305	947.7742029176484	0	1
512.	170.61980359328126	947.0745889244308	0	1
511.5	170.45315884038038	946.3748055723439	0	1
511.	170.28651409728874	945.674852655653	0	1
510.5	170.119869365937	944.9747299694708	0	1
510.	169.95322464455472	944.2744373055631	0	1
509.5	169.78657993455963	943.5739744577708	0	1
509.	169.61993523520295	942.8733412175048	0	1
508.5	169.45329054637375	942.1725373764323	0	1
508.	169.28664586859654	941.471562727503	0	1
507.5	169.12000120137938	940.7704170600759	0	1
507.	168.95335654524536	940.0691001651472	0	1
506.5	168.7867118994506	939.3676118321746	0	1
506.	168.6200672655297	938.6659518524616	0	1
505.5	168.4534226416013	937.9641200129515	0	1
505.	168.28677802869362	937.2621161033106	0	1
504.5	168.12013342720041	936.5599399118554	0	1
504.	167.95348883562576	935.8575912246541	0	1
503.5	167.7868442556237	935.1550698313476	0	1
503.	167.62019968670623	934.4523755170965	0	1
502.5	167.45355512851262	933.7495080682983	0	1
502.	167.28691058181246	933.0464672712561	0	1
501.5	167.12026604574385	932.3432529107129	0	1
501.	166.95362152019894	931.6398647714697	0	1
500.5	166.7869770063212	930.9363026384033	0	1
500.	166.62033250350063	930.2325662949922	0	1
499.5	166.453688011754	929.5286555242551	0	1
499.	166.2870435309731	928.8245701097374	0	1
498.5	166.12039906129954	928.1203098331499	0	1
498.	165.9537546023768	927.4158744765436	0	1
497.5	165.78711015583843	926.7112638225666	0	1
497.	165.62046571884164	926.0064776498259	0	1
496.5	165.45382129401332	925.3015157406963	0	1
496.	165.28717688025182	924.5963778742135	0	1
495.5	165.12053247757433	923.8910638301405	0	1
495.	164.95388808612208	923.1855733869025	0	1
494.5	164.78724370578837	922.4799063232584	0	1
494.	164.62059933708434	921.7740624176552	0	1
493.5	164.4539549789163	921.0680414462943	0	1
493.	164.287310632905	920.3618431874952	0	1
492.5	164.120666297465	919.6554674162622	0	1
492.	163.95402197409123	918.948913909725	0	1
491.5	163.78737766120196	918.242182442374	0	1
491.	163.62073336065762	917.5352727896575	0	1
490.5	163.45408907087904	916.828184725712	0	1
490.	163.28744479262045	916.120918024747	0	1
489.5	163.12080052565364	915.4134724590801	0	1
489.	162.95415627024155	914.7058478027033	0	1
488.5	162.787512026279	913.9980438272339	0	1
488.	162.6208677937834	913.2900603044418	0	1
487.5	162.4542235727725	912.5818970062384	0	1
487.	162.28757936326386	911.8735537021765	0	1
486.5	162.12093516503205	911.1650301632721	0	1
486.	161.9542909790675	910.4563261595557	0	1
485.5	161.7876468042936	909.7474414594524	0	1
485.	161.62100264085024	909.0383758315659	0	1
484.5	161.45435848875624	908.3291290436288	0	1
484.	161.2877143489983	907.6197008645318	0	1
483.5	161.1210702203832	906.9100910598925	0	1
483.	160.95442610341377	906.200299397007	0	1
482.5	160.78778199822833	905.4903256411257	0	1
482.	160.62113790508604	904.7801695586137	0	1
481.5	160.4544938229202	904.0698309124318	0	1
481.	160.28784975319454	903.359309469053	0	1
480.5	160.12120569436317	902.6486049908198	0	1
480.	159.95456164800737	901.9377172411278	0	1
479.5	159.78791761330396	901.2266459830589	0	1
479.	159.62127359039138	900.5153909785157	0	1
478.5	159.45462957904883	899.8039519881754	0	1
478.	159.2879855795346	899.0923287739823	0	1
477.5	159.12134159210615	898.3805210960054	0	1
477.	158.95469761654272	897.6685287143907	0	1
476.5	158.788053652267	896.9563513870663	0	1
476.	158.62140970049003	896.2439888747404	0	1
475.5	158.45476576075322	895.5314409343761	0	1
475.	158.2881218328371	894.8187073235237	0	1
474.5	158.1214779161676	894.1057877988206	0	1
474.	157.95483401230717	893.3926821180456	0	1
473.5	157.7881901203246	892.6793900356928	0	1
473.	157.62154624023918	891.9659113080008	0	1
472.5	157.45490237195207	891.2522456885041	0	1
472.	157.28825851607382	890.5383929324632	0	1
471.5	157.12161467215032	889.8243527927236	0	1
471.	156.95497084067264	889.1101250225568	0	1
470.5	156.78832702071693	888.3957093739429	0	1
470.	156.62168321301024	887.6811055983368	0	1
469.5	156.45503941757144	886.9663134480329	0	1
469.	156.28839563441935	886.2513326729475	0	1
468.5	156.12175186322173	885.5361630227142	0	1
468.	155.95510810423266	884.8208042473606	0	1
467.5	155.78846435793994	884.1052560953531	0	1
467.	155.62182062307593	883.3895183141672	0	1
466.5	155.4551769012975	882.6735906528838	0	1
466.	155.28853319122217	881.9574728571179	0	1
465.5	155.12188949380365	881.2411646740626	0	1
465.	154.95524580882775	880.5246658489665	0	1
464.5	154.78860213584912	879.8079761271013	0	1
464.	154.62195847546937	879.0910952530021	0	1
463.5	154.45531482735979	878.3740229707131	0	1
463.	154.28867119165648	877.6567590231953	0	1
462.5	154.12202756826375	876.9393031531006	0	1
462.	153.95538395754926	876.2216551029561	0	1
461.5	153.78874035895478	875.503814613507	0	1
461.	153.6220967730786	874.7857814260351	0	1
460.5	153.45545319982506	874.0675552805255	0	1
460.	153.28880963898388	873.3491359168064	0	1
459.5	153.1221660909209	872.6305230729766	0	1
459.	152.95552255531103	871.9117164880668	0	1
458.5	152.7888790316013	871.1927158987062	0	1
458.	152.62223552107562	870.473521043026	0	1
457.5	152.45559202340974	869.754131657017	0	1
457.	152.28894853793636	869.0345474758531	0	1
456.5	152.12230506547832	868.3147682350718	0	1
456.	151.95566160582678	867.5947936692021	0	1
455.5	151.78901815843182	866.8746235109969	0	1
455.	151.6223747241136	866.1542574946689	0	1
454.5	151.45573130255053	865.4336953519859	0	1
454.	151.28908789353622	864.7129368150106	0	1
453.5	151.1224444975466	863.9919816145375	0	1
453.	150.95580111414856	863.2708294809786	0	1
452.5	150.78915774370392	862.549480144425	0	1
452.	150.6225143861203	861.8279333338077	0	1
451.5	150.45587104141921	861.1061887775487	0	1
451.	150.28922770939576	860.3842462032297	0	1
450.5	150.12258439074964	859.6621053385782	0	1
450.	149.95594108504983	858.9397659091837	0	1
449.5	149.78929779175462	858.2172276407363	0	1
449.	149.62265451190018	857.4944902592458	0	1
448.5	149.45601124505706	856.771553487939	0	1
448.	149.28936799102257	856.0484170509311	0	1
447.5	149.12272475026788	855.3250806718287	0	1
447.	148.95608152225378	854.6015440714708	0	1
446.5	148.789438307675	853.8778069725527	0	1
446.	148.622795106105	853.153869095618	0	1
445.5	148.45615191778973	852.4297301610053	0	1
445.	148.28950874241625	851.7053898877039	0	1
444.5	148.1228655803418	850.980847994803	0	1
444.	147.95622243136546	850.2561042005038	0	1
443.5	147.78957929584368	849.5311582220083	0	1
443.	147.6229361735757	848.8060097760922	0	1
442.5	147.45629306458417	848.0806585785136	0	1
442.	147.28964996855916	847.3551043441431	0	1
441.5	147.12300688607766	846.6293467879407	0	1
441.	146.95636381705097	845.9033856234942	0	1
440.5	146.78972076117003	845.1772205638115	0	1
440.	146.62307771901018	844.450851321514	0	1
439.5	146.45643468982144	843.7242776072034	0	1
439.	146.28979167439883	842.9974991326599	0	1
438.5	146.12314867221437	842.2705156076377	0	1
438.	145.95650568362137	841.5433267414953	0	1
437.5	145.78986270853264	840.8159322428295	0	1
437.	145.62321974686196	840.0883318194913	0	1
436.5	145.4565767990706	839.3605251786047	0	1
436.	145.28993386452484	838.6325120264984	0	1
435.5	145.1232909434674	837.9042920686278	0	1
435.	144.95664803679477	837.1758650106376	0	1
434.5	144.7900051428934	836.4472305551665	0	1
434.	144.6233622628783	835.7183884068033	0	1
433.5	144.45671939677214	834.9893382673378	0	1
433.	144.29007654438084	834.2600798390058	0	1
432.5	144.12343370529408	833.530612822651	0	1
432.	143.95679088029578	832.8009369183924	0	1
431.5	143.790148069192	832.0710518259882	0	1
431.	143.62350527222281	831.3409572444339	0	1
430.5	143.4568624884392	830.6106528705249	0	1
430.	143.2902197184066	829.8801384017015	0	1
429.5	143.12357696258073	829.1494135352169	0	1
429.	142.95693422109224	828.4184779661516	0	1
428.5	142.7902914927813	827.6873313885886	0	1
428.	142.62364877885636	826.9559734971228	0	1
427.5	142.45700607901827	826.2244039848784	0	1
427.	142.29036339275578	825.492622543715	0	1
426.5	142.12372072073674	824.7606288656398	0	1
426.	141.95707806287848	824.0284226412143	0	1
425.5	141.79043541899156	823.2960035604847	0	1
425.	141.62379278920795	822.5633713122419	0	1
424.5	141.45715017344594	821.83052558475	0	1
424.	141.29050757205007	821.097466065769	0	1
423.5	141.12386498472583	820.3641924419056	0	1
423.	140.95722241149852	819.6307043986504	0	1
422.5	140.7905798527119	818.8970016209769	0	1
422.	140.62393730764916	818.163083793128	0	1
421.5	140.45729477781836	817.4289505988995	0	1
421.	140.29065226144536	816.6946017197635	0	1
420.5	140.12400975982504	815.9600368378206	0	1
420.	139.9573672724543	815.2252556340982	0	1
419.5	139.79072479956977	814.4902577880566	0	1
419.	139.62408234077628	813.7550429788733	0	1
418.5	139.45743989694077	813.0196108849184	0	1
418.	139.29079746714314	812.2839611830326	0	1
417.5	139.12415505183	811.5480935501403	0	1
417.	138.95751265123656	810.8120076618429	0	1
416.5	138.79087026486533	810.0757031923955	0	1
416.	138.62422789337054	809.3391798162644	0	1
415.5	138.45758553620323	808.6024372055799	0	1
415.	138.29094319391183	807.8654750336353	0	1
414.5	138.1243008662094	807.1282929705837	0	1
414.	137.95765855312285	806.3908906872568	0	1
413.5	137.79101625483446	805.6532678528615	0	1
413.	137.62437397085193	804.9154241356816	0	1
412.5	137.45773170223958	804.1773592042719	0	1
412.	137.2910894479871	803.4390727245038	0	1
411.5	137.12444720874288	802.7005643623698	0	1
411.	136.9578049839657	801.9618337825361	0	1
410.5	136.7911627743021	801.222880649685	0	1
410.	136.62452057962423	800.4837046265227	0	1
409.5	136.45787839965	799.7443053749023	0	1
409.	136.29123623476727	799.0046825568065	0	1
408.5	136.12459408500268	798.2648358318842	0	1
408.	135.95795194992203	797.5247648597842	0	1
407.5	135.79130983001457	796.7844692988214	0	1
407.	135.624667725154	796.0439488066371	0	1
406.5	135.4580256351128	795.3032030394165	0	1
406.	135.29138356042955	794.5622316533046	0	1
405.5	135.12474150097867	793.821034302958	0	1
405.	134.95809945663478	793.079610641571	0	1
404.5	134.79145742722307	792.3379603222506	0	1
404.	134.62481541302614	791.5960829965805	0	1
403.5	134.45817341432607	790.8539783159769	0	1
403.	134.29153143074487	790.111645929192	0	1
402.5	134.12488946241277	789.369085486127	0	1
402.	133.95824750961089	788.6262966344086	0	1
401.5	133.79160557216554	787.8832790208096	0	1
401.	133.6249636499539	787.1400322914074	0	1
400.5	133.45832174340816	786.3965560912428	0	1
400.	133.29167985190256	785.6528500637423	0	1
399.5	133.1250379759697	784.9089138521776	0	1
399.	132.95839611568832	784.1647470987994	0	1
398.5	132.7917542710369	783.4203494445599	0	1
398.	132.62511244174425	782.6757205290348	0	1
397.5	132.45847062818999	781.930859991173	0	1
397.	132.29182883020346	781.1857674691685	0	1
396.5	132.12518704756505	780.4404425995476	0	1
396.	131.95854528100247	779.6948850187104	0	1
395.5	131.79190352999686	778.9490943610438	0	1
395.	131.62526179472766	778.2030702605024	0	1
394.5	131.45862007512545	777.4568123494938	0	1
394.	131.2919783715178	776.7103202608937	0	1
393.5	131.12533668363722	775.9635936240863	0	1
393.	130.95869501146473	775.2166320690526	0	1
392.5	130.79205335542588	774.4694352248783	0	1
392.	130.6254117153531	773.7220027187105	0	1
391.5	130.45877009103037	772.9743341767743	0	1
391.	130.2921284825381	772.2264292245214	0	1
390.5	130.12548689030032	771.4782874867699	0	1
390.	129.95884531400375	770.7299085860973	0	1
389.5	129.7922037539732	769.981292145087	0	1
389.	129.62556220970083	769.2324377845632	0	1
388.5	129.45892068195192	768.4833451249503	0	1
388.	129.29227917007285	767.7340137843179	0	1
387.5	129.12563767448586	766.9844433811601	0	1
387.	128.95899619512443	766.2346335315794	0	1
386.5	128.7923547320689	765.4845838516297	0	1
386.	128.62571328520463	764.7342939553996	0	1
385.5	128.45907185480638	763.9837634565076	0	1
385.	128.29243044051762	763.2329919667211	0	1
384.5	128.1257890428548	762.4819790977665	0	1
384.	127.95914766155943	761.7307244591552	0	1
383.5	127.79250629637369	760.9792276594711	0	1
383.	127.62586494815083	760.227488307042	0	1
382.5	127.45922361624704	759.4755060078662	0	1
382.	127.29258230098401	758.7232803675995	0	1
381.5	127.12594100215358	757.9708109900912	0	1
381.	126.95929971998093	757.2180974785354	0	1
380.5	126.79265845421102	756.4651394349365	0	1
380.	126.62601720545165	755.7119364600971	0	1
379.5	126.45937597339989	754.9584881533941	0	1
379.	126.29273475785024	754.2047941130968	0	1
378.5	126.1260935594086	753.4508539364625	0	1
378.	125.95945237758335	752.696667219576	0	1
377.5	125.7928112124085	751.9422335566594	0	1
377.	125.62617006448795	751.1875525422747	0	1
376.5	125.45952893333231	750.4326237677985	0	1
376.	125.29288781897561	749.6774468248649	0	1
375.5	125.12624672159421	748.9220213035514	0	1
375.	124.95960564145797	748.1663467922372	0	1
374.5	124.79296457826999	747.4104228785276	0	1
374.	124.62632353215876	746.6542491487453	0	1
373.5	124.45968250297057	745.8978251874826	0	1
373.	124.29304149106908	745.1411505794099	0	1
372.5	124.12640049620686	744.3842249060073	0	1
372.	123.95975951865329	743.6270477491621	0	1
371.5	123.79311855853621	742.8696186888124	0	1
371.	123.62647761565606	742.1119373038188	0	1
370.5	123.45983669014134	741.3540031714462	0	1
370.	123.29319578156075	740.5958158672497	0	1
369.5	123.12655489078885	739.8373749673948	0	1
369.	122.95991401720866	739.0786800446539	0	1
368.5	122.79327316122776	738.3197306715026	0	1
368.	122.62663232269576	737.5605264192263	0	1
367.5	122.45999150169459	736.8010668572069	0	1
367.	122.29335069821393	736.0413515537148	0	1
366.5	122.12670991252071	735.2813800765927	0	1
366.	121.96006914446573	734.5211519910595	0	1
365.5	121.79342839371644	733.7606668612689	0	1
365.	121.62678766086282	732.9999242508893	0	1
364.5	121.46014694598618	732.2389237216197	0	1
364.	121.29350624857183	731.4776648333832	0	1
363.5	121.1268655690699	730.7161471458685	0	1
363.	120.96022490742523	729.9543702162434	0	1
362.5	120.79358426394884	729.1923336016001	0	1
362.	120.62694363808349	728.4300368560814	0	1
361.5	120.46030303014086	727.667479533698	0	1
361.	120.29366244047705	726.9046611866122	0	1
360.5	120.12702186871941	726.1415813656962	0	1
360.	119.96038131486053	725.3782396199791	0	1
359.5	119.79374077952791	724.6146354983151	0	1
359.	119.62710026203358	723.8507685466265	0	1
358.5	119.46045976273311	723.0866383102681	0	1
358.	119.29381928179994	722.3222443331657	0	1
357.5	119.12717881913649	721.5575861576724	0	1
357.	118.96053837478102	720.7926633245164	0	1
356.5	118.7938979486371	720.0274753733761	0	1
356.	118.62725754092344	719.2620218422347	0	1
355.5	118.46061715172351	718.4963022676817	0	1
355.	118.29397678098599	717.7303161848405	0	1
354.5	118.1273364286607	716.9640631274349	0	1
354.	117.96069609496557	716.1975426275304	0	1
353.5	117.79405577976105	715.4307542157628	0	1
353.	117.62741548335435	714.6636974218924	0	1
352.5	117.46077520533926	713.8963717727102	0	1
352.	117.29413494624528	713.1287767953861	0	1
351.5	117.12749470571215	712.3609120140354	0	1
351.	116.9608544841348	711.5927769522104	0	1
350.5	116.794214281243	710.8243711313887	0	1
350.	116.62757409720997	710.0556940717372	0	1
349.5	116.46093393212041	709.2867452920134	0	1
349.	116.2942937860145	708.5175243092358	0	1
348.5	116.12765365880082	707.7480306389966	0	1
348.	115.9610135506523	706.9782637950208	0	1
347.5	115.79437346152194	706.2082232900425	0	1
347.	115.62773339158272	705.4379086348462	0	1
346.5	115.46109334083144	704.6673193386945	0	1
346.	115.29445330904747	703.896454908931	0	1
345.5	115.12781329679656	703.1253148521196	0	1
345.	114.96117330355302	702.3538986724608	0	1
344.5	114.79453332983826	701.5822058730485	0	1
344.	114.6278933752155	700.810235954736	0	1
343.5	114.46125344007507	700.0379884175011	0	1
343.	114.29461352450218	699.2654627593539	0	1
342.5	114.12797362827929	698.4926584765875	0	1
342.	113.96133375166559	697.7195750640645	0	1
341.5	113.79469389461707	696.9462120145936	0	1
341.	113.62805405704762	696.1725688195772	0	1
340.5	113.46141423925886	695.398644969085	0	1
340.	113.2947744411217	694.6244399509137	0	1
339.5	113.12813466276559	693.8499532516332	0	1
339.	112.96149490406249	693.0751843555344	0	1
338.5	112.79485516527062	692.3001327459887	0	1
338.	112.62821544634792	691.5247979041341	0	1
337.5	112.46157574738145	690.7491793095872	0	1
337.	112.29493606832968	689.9732764399787	0	1
336.5	112.12829640923745	689.1970887715888	0	1
336.	111.96165677027675	688.4206157787078	0	1
335.5	111.79501715123764	687.6438569337928	0	1
335.	111.62837755254664	686.8668117080772	0	1
334.5	111.46173797390975	686.0894795702338	0	1
334.	111.29509841558382	685.3118599876898	0	1
333.5	111.12845887748739	684.5339524258816	0	1
333.	110.96181935975036	683.7557563487131	0	1
332.5	110.79517986237633	682.9772712179649	0	1
332.	110.62854038528518	682.1984964936023	0	1
331.5	110.46190092877512	681.4194316341021	0	1
331.	110.29526149272421	680.6400760958403	0	1
330.5	110.12862207717932	679.8604293333633	0	1
330.	109.96198268227063	679.0804907996859	0	1
329.5	109.79534330796126	678.3002599452726	0	1
329.	109.62870395450643	677.5197362196717	0	1
328.5	109.46206462166184	676.73891906966	0	1
328.	109.29542530947525	675.9578079405811	0	1
327.5	109.12878601824319	675.1764022759592	0	1
327.	108.96214674788878	674.3947015172115	0	1
326.5	108.79550749858373	673.6127051039794	0	1
326.	108.6288682700869	672.8304124737148	0	1
325.5	108.46222906261185	672.0478230622087	0	1
325.	108.29558987628941	671.2649363035549	0	1
324.5	108.12895071104438	670.4817516292063	0	1
324.	107.9623115668849	669.6982684691553	0	1
323.5	107.79567244402391	668.9144862511876	0	1
323.	107.62903334251028	668.1304044016537	0	1
322.5	107.46239426218904	667.3460223438613	0	1
322.	107.29575520323232	666.5613395002391	0	1
321.5	107.12911616573068	665.7763552904056	0	1
321.	106.96247714977439	664.9910691325101	0	1
320.5	106.79583815516992	664.205480442169	0	1
320.	106.62919918229223	663.4195886334758	0	1
319.5	106.46256023094848	662.6333931180786	0	1
319.	106.29592130127045	661.8468933056424	0	1
318.5	106.12928239318825	661.0600886037512	0	1
318.	105.96264350711574	660.2729784183565	0	1
317.5	105.79600464270112	659.48556215255	0	1
317.	105.62936580027757	658.6978392079017	0	1
316.5	105.46272697961582	657.9098089833542	0	1
316.	105.29608818104853	657.1214708766015	0	1
315.5	105.1294494044276	656.3328242821499	0	1
315.	104.96281064992534	655.5438685931604	0	1
314.5	104.79617191759398	654.7546032001482	0	1
314.	104.6295332074068	653.965027491697	0	1
313.5	104.46289451941678	653.175140854095	0	1
313.	104.29625585371681	652.3849426716212	0	1
312.5	104.1296172103209	651.5944323260483	0	1
312.	103.9629785895593	650.8036091974909	0	1
311.5	103.79633999109016	650.0124726631453	0	1
 311.0010000000  98.9301409692   647.0133512467   0.0000000000   1.0000000000
 310.5010000000  98.7671600602   646.2240210604   0.0000000000   1.0000000000
 310.0010000000  98.6041822058   645.4343768899   0.0000000000   1.0000000000
 309.5010000000  98.4412071955   644.6444170510   0.0000000000   1.0000000000
 309.0010000000  98.2782352063   643.8541417338   0.0000000000   1.0000000000
 308.5010000000  98.1152662252   643.0635502058   0.0000000000   1.0000000000
 308.0010000000  97.9523002416   642.2726417439   0.0000000000   1.0000000000
 307.5010000000  97.7893372478   641.4814156355   0.0000000000   1.0000000000
 307.0010000000  97.6263772384   640.6898711777   0.0000000000   1.0000000000
 306.5010000000  97.4634204016   639.8980086047   0.0000000000   1.0000000000
 306.0010000000  97.3004665459   639.1058263053   0.0000000000   1.0000000000
 305.5010000000  97.1375156740   638.3133236069   0.0000000000   1.0000000000
 305.0010000000  96.9745677909   637.5204998469   0.0000000000   1.0000000000
 304.5010000000  96.8116229044   636.7273543727   0.0000000000   1.0000000000
 304.0010000000  96.6486812143   635.9338874649   0.0000000000   1.0000000000
 303.5010000000  96.4857425435   635.1400975666   0.0000000000   1.0000000000
 303.0010000000  96.3228069074   634.3459840555   0.0000000000   1.0000000000
 302.5010000000  96.1598745130   633.5515472403   0.0000000000   1.0000000000
 302.0010000000  95.9969450030   632.7567846767   0.0000000000   1.0000000000
 301.5010000000  95.8340187782   631.9616976136   0.0000000000   1.0000000000
 301.0010000000  95.6710954875   631.1662836301   0.0000000000   1.0000000000
 300.5010000000  95.5081755358   630.3705439924   0.0000000000   1.0000000000
 300.0010000000  95.3452583905   629.5744753860   0.0000000000   1.0000000000
 299.5010000000  95.1823446489   628.7780800131   0.0000000000   1.0000000000
 299.0010000000  95.0194339722   627.9813554995   0.0000000000   1.0000000000
 298.5010000000  94.8565264000   627.1843013168   0.0000000000   1.0000000000
 298.0010000000  94.6936219744   626.3869169470   0.0000000000   1.0000000000
 297.5010000000  94.5307207401   625.5892018821   0.0000000000   1.0000000000
 297.0010000000  94.3678225582   624.7911547121   0.0000000000   1.0000000000
 296.5010000000  94.2049276655   623.9927758638   0.0000000000   1.0000000000
 296.0010000000  94.0420359286   623.1940639491   0.0000000000   1.0000000000
 295.5010000000  93.8791474033   622.3950185036   0.0000000000   1.0000000000
 295.0010000000  93.7162619629   621.5956381640   0.0000000000   1.0000000000
 294.5010000000  93.5533798541   620.7959233974   0.0000000000   1.0000000000
 294.0010000000  93.3905009556   619.9958728625   0.0000000000   1.0000000000
 293.5010000000  93.2276253345   619.1954861388   0.0000000000   1.0000000000
 293.0010000000  93.0647528759   618.3947619095   0.0000000000   1.0000000000
 292.5010000000  92.9018836525   617.5936997770   0.0000000000   1.0000000000
 292.0010000000  92.7390175561   616.7922984495   0.0000000000   1.0000000000
 291.5010000000  92.5761548489   615.9905584564   0.0000000000   1.0000000000
 291.0010000000  92.4132954281   615.1884785282   0.0000000000   1.0000000000
 290.5010000000  92.2504393776   614.3860583112   0.0000000000   1.0000000000
 290.0010000000  92.0875864182   613.5832956593   0.0000000000   1.0000000000
 289.5010000000  91.9247368229   612.7801911451   0.0000000000   1.0000000000
 289.0010000000  91.7618905019   611.9767435489   0.0000000000   1.0000000000
 288.5010000000  91.5990475508   611.1729525637   0.0000000000   1.0000000000
 288.0010000000  91.4362078859   610.3688169945   0.0000000000   1.0000000000
 287.5010000000  91.2733714273   609.5643356601   0.0000000000   1.0000000000
 287.0010000000  91.1105384611   608.7595091867   0.0000000000   1.0000000000
 286.5010000000  90.9477089130   607.9543364157   0.0000000000   1.0000000000
 286.0010000000  90.7848825313   607.1488153068   0.0000000000   1.0000000000
 285.5010000000  90.6220596106   606.3429465204   0.0000000000   1.0000000000
 285.0010000000  90.4592399060   605.5367280429   0.0000000000   1.0000000000
 284.5010000000  90.2964237178   604.7301605567   0.0000000000   1.0000000000
 284.0010000000  90.1336109878   603.9232429671   0.0000000000   1.0000000000
 283.5010000000  89.9708014818   603.1159733021   0.0000000000   1.0000000000
 283.0010000000  89.8079955084   602.3083522782   0.0000000000   1.0000000000
 282.5010000000  89.6451928403   601.5003779501   0.0000000000   1.0000000000
 282.0010000000  89.4823937914   600.6920510567   0.0000000000   1.0000000000
 281.5010000000  89.3195979625   599.8833687912   0.0000000000   1.0000000000
 281.0010000000  89.1568056739   599.0743319172   0.0000000000   1.0000000000
 280.5010000000  88.9940167124   598.2649385456   0.0000000000   1.0000000000
 280.0010000000  88.8312314039   597.4551894622   0.0000000000   1.0000000000
 279.5010000000  88.6684495420   596.6450828050   0.0000000000   1.0000000000
 279.0010000000  88.5056711029   595.8346176135   0.0000000000   1.0000000000
 278.5010000000  88.3428960659   595.0237929413   0.0000000000   1.0000000000
 278.0010000000  88.1801245912   594.2126087385   0.0000000000   1.0000000000
 277.5010000000  88.0173566647   593.4010640842   0.0000000000   1.0000000000
 277.0010000000  87.8545922757   592.5891580717   0.0000000000   1.0000000000
 276.5010000000  87.6918312410   591.7768889279   0.0000000000   1.0000000000
 276.0010000000  87.5290739098   590.9642575354   0.0000000000   1.0000000000
 275.5010000000  87.3663201058   590.1512621487   0.0000000000   1.0000000000
 275.0010000000  87.2035698326   589.3379019171   0.0000000000   1.0000000000
 274.5010000000  87.0408230972   588.5241760045   0.0000000000   1.0000000000
 274.0010000000  86.8780799104   587.7100835885   0.0000000000   1.0000000000
 273.5010000000  86.7153404615   586.8956247368   0.0000000000   1.0000000000
 273.0010000000  86.5526044181   586.0807969037   0.0000000000   1.0000000000
 272.5010000000  86.3898721511   585.2656010598   0.0000000000   1.0000000000
 272.0010000000  86.2271433365   584.4500346912   0.0000000000   1.0000000000
 271.5010000000  86.0644181773   583.6340979214   0.0000000000   1.0000000000
 271.0010000000  85.9016967056   582.8177900138   0.0000000000   1.0000000000
 270.5010000000  85.7389789568   582.0011102457   0.0000000000   1.0000000000
 270.0010000000  85.5762647970   581.1840570390   0.0000000000   1.0000000000
 269.5010000000  85.4135542695   580.3666297024   0.0000000000   1.0000000000
 269.0010000000  85.2508474213   579.5488275587   0.0000000000   1.0000000000
 268.5010000000  85.0881441303   578.7306490777   0.0000000000   1.0000000000
 268.0010000000  84.9254447959   577.9120953470   0.0000000000   1.0000000000
 267.5010000000  84.7627489588   577.0931631325   0.0000000000   1.0000000000
 267.0010000000  84.6000568534   576.2738526848   0.0000000000   1.0000000000
 266.5010000000  84.4373685452   575.4541634014   0.0000000000   1.0000000000
 266.0010000000  84.2746839319   574.6340938307   0.0000000000   1.0000000000
 265.5010000000  84.1120030867   573.8136434016   0.0000000000   1.0000000000
 265.0010000000  83.9493260863   572.9928115575   0.0000000000   1.0000000000
 264.5010000000  83.7866528407   572.1715968954   0.0000000000   1.0000000000
 264.0010000000  83.6239832641   571.3499980301   0.0000000000   1.0000000000
 263.5010000000  83.4613174454   570.5280144535   0.0000000000   1.0000000000
 263.0010000000  83.2986556469   569.7056465310   0.0000000000   1.0000000000
 262.5010000000  83.1359974553   568.8828912079   0.0000000000   1.0000000000
 262.0010000000  82.9733431407   568.0597488822   0.0000000000   1.0000000000
 261.5010000000  82.8106926381   567.2362182507   0.0000000000   1.0000000000
 261.0010000000  82.6480460554   566.4122988838   0.0000000000   1.0000000000
 260.5010000000  82.4854033358   565.5879895117   0.0000000000   1.0000000000
 260.0010000000  82.3227644269   564.7632888832   0.0000000000   1.0000000000
 259.5010000000  82.1601292808   563.9381957646   0.0000000000   1.0000000000
 259.0010000000  81.9974981898   563.1127106448   0.0000000000   1.0000000000
 258.5010000000  81.8348709461   562.2868314702   0.0000000000   1.0000000000
 258.0010000000  81.6722476820   561.4605579098   0.0000000000   1.0000000000
 257.5010000000  81.5096281992   560.6338879481   0.0000000000   1.0000000000
 257.0010000000  81.3470128053   559.8068221373   0.0000000000   1.0000000000
 256.5010000000  81.1844013110   558.9793584975   0.0000000000   1.0000000000
 256.0010000000  81.0217936985   558.1514959175   0.0000000000   1.0000000000
 255.5010000000  80.8591901208   557.3232341506   0.0000000000   1.0000000000
 255.0010000000  80.6965904027   556.4945712741   0.0000000000   1.0000000000
 254.5010000000  80.5339948714   555.6655079210   0.0000000000   1.0000000000
 254.0010000000  80.3714031952   554.8360413607   0.0000000000   1.0000000000
 253.5010000000  80.2088155442   554.0061714165   0.0000000000   1.0000000000
 253.0010000000  80.0462320919   553.1758979268   0.0000000000   1.0000000000
 252.5010000000  79.8836525218   552.3452182214   0.0000000000   1.0000000000
 252.0010000000  79.7210770167   551.5141321762   0.0000000000   1.0000000000
 251.5010000000  79.5585055991   550.6826388431   0.0000000000   1.0000000000
 251.0010000000  79.3959382958   549.8507372922   0.0000000000   1.0000000000
 250.5010000000  79.2333749746   549.0184257744   0.0000000000   1.0000000000
 250.0010000000  79.0708158355   548.1857042365   0.0000000000   1.0000000000
 249.5010000000  78.9082607560   547.3525709681   0.0000000000   1.0000000000
 249.0010000000  78.7457099446   546.5190259520   0.0000000000   1.0000000000
 248.5010000000  78.5831631256   545.6850666819   0.0000000000   1.0000000000
 248.0010000000  78.4206205170   544.8506931787   0.0000000000   1.0000000000
 247.5010000000  78.2580820158   544.0159038125   0.0000000000   1.0000000000
 247.0010000000  78.0955477676   543.1806982239   0.0000000000   1.0000000000
 246.5010000000  77.9330176795   542.3450748235   0.0000000000   1.0000000000
 246.0010000000  77.7704917449   541.5090324595   0.0000000000   1.0000000000
 245.5010000000  77.6079700426   540.6725704151   0.0000000000   1.0000000000
 245.0010000000  77.4454526561   539.8356879926   0.0000000000   1.0000000000
 244.5010000000  77.2829393521   538.9983828576   0.0000000000   1.0000000000
 244.0010000000  77.1204304651   538.1606555956   0.0000000000   1.0000000000
 243.5010000000  76.9579257722   537.3225039147   0.0000000000   1.0000000000
 243.0010000000  76.7954252969   536.4839267865   0.0000000000   1.0000000000
 242.5010000000  76.6329293072   535.6449244402   0.0000000000   1.0000000000
 242.0010000000  76.4704374369   534.8054938263   0.0000000000   1.0000000000
 241.5010000000  76.3079499640   533.9656352153   0.0000000000   1.0000000000
 241.0010000000  76.1454666933   533.1253464280   0.0000000000   1.0000000000
 240.5010000000  75.9829879122   532.2846277742   0.0000000000   1.0000000000
 240.0010000000  75.8205134362   531.4434771188   0.0000000000   1.0000000000
 239.5010000000  75.6580434038   530.6018939916   0.0000000000   1.0000000000
 239.0010000000  75.4955776422   529.7598763045   0.0000000000   1.0000000000
 238.5010000000  75.3331163003   528.9174236309   0.0000000000   1.0000000000
 238.0010000000  75.1706595317   528.0745355636   0.0000000000   1.0000000000
 237.5010000000  75.0082070229   527.2312092668   0.0000000000   1.0000000000
 237.0010000000  74.8457590956   526.3874451946   0.0000000000   1.0000000000
 236.5010000000  74.6833154485   525.5432405605   0.0000000000   1.0000000000
 236.0010000000  74.5208764133   524.6985958609   0.0000000000   1.0000000000
 235.5010000000  74.3584417788   523.8535087647   0.0000000000   1.0000000000
 235.0010000000  74.1960117304   523.0079789979   0.0000000000   1.0000000000
 234.5010000000  74.0335860692   522.1620042793   0.0000000000   1.0000000000
 234.0010000000  73.8711649915   521.3155843803   0.0000000000   1.0000000000
 233.5010000000  73.7087485432   520.4687182832   0.0000000000   1.0000000000
 233.0010000000  73.5463366206   519.6214041853   0.0000000000   1.0000000000
 232.5010000000  73.3839291269   518.7736403103   0.0000000000   1.0000000000
 232.0010000000  73.2215264345   517.9254273278   0.0000000000   1.0000000000
 231.5010000000  73.0591281492   517.0767618962   0.0000000000   1.0000000000
 231.0010000000  72.8967346542   516.2276447307   0.0000000000   1.0000000000
 230.5010000000  72.7343455685   515.3780725441   0.0000000000   1.0000000000
 230.0010000000  72.5719612862   514.5280460974   0.0000000000   1.0000000000
 229.5010000000  72.4095817458   513.6775637619   0.0000000000   1.0000000000
 229.0010000000  72.2472067393   512.8266231348   0.0000000000   1.0000000000
 228.5010000000  72.0848365241   511.9752242444   0.0000000000   1.0000000000
 228.0010000000  71.9224709051   511.1233647410   0.0000000000   1.0000000000
 227.5010000000  71.7601099989   510.2710439025   0.0000000000   1.0000000000
 227.0010000000  71.5977539277   509.4182610301   0.0000000000   1.0000000000
 226.5010000000  71.4354026674   508.5650146522   0.0000000000   1.0000000000
 226.0010000000  71.2730560494   507.7113025284   0.0000000000   1.0000000000
 225.5010000000  71.1107142146   506.8571240389   0.0000000000   1.0000000000
 225.0010000000  70.9483773096   506.0024785878   0.0000000000   1.0000000000
 224.5010000000  70.7860450345   505.1473632233   0.0000000000   1.0000000000
 224.0010000000  70.6237176996   504.2917781975   0.0000000000   1.0000000000
 223.5010000000  70.4613953192   503.4357221997   0.0000000000   1.0000000000
 223.0010000000  70.2990776149   502.5791923656   0.0000000000   1.0000000000
 222.5010000000  70.1367649149   501.7221890244   0.0000000000   1.0000000000
 222.0010000000  69.9744571038   500.8647101592   0.0000000000   1.0000000000
 221.5010000000  69.8121542232   500.0067545722   0.0000000000   1.0000000000
 221.0010000000  69.6498561721   499.1483203062   0.0000000000   1.0000000000
 220.5010000000  69.4875631544   498.2894070076   0.0000000000   1.0000000000
 220.0010000000  69.3252750827   497.4300127766   0.0000000000   1.0000000000
 219.5010000000  69.1629920253   496.5701365288   0.0000000000   1.0000000000
 219.0010000000  69.0007139092   495.7097764246   0.0000000000   1.0000000000
 218.5010000000  68.8384409642   494.8489322207   0.0000000000   1.0000000000
 218.0010000000  68.6761728363   493.9876005715   0.0000000000   1.0000000000
 217.5010000000  68.5139099163   493.1257820742   0.0000000000   1.0000000000
 217.0010000000  68.3516520123   492.2634742273   0.0000000000   1.0000000000
 216.5010000000  68.1893992342   491.4006761225   0.0000000000   1.0000000000
 216.0010000000  68.0271514789   490.5373857125   0.0000000000   1.0000000000
 215.5010000000  67.8649088705   489.6736021494   0.0000000000   1.0000000000
 215.0010000000  67.7026714666   488.8093242256   0.0000000000   1.0000000000
 214.5010000000  67.5404391138   487.9445496003   0.0000000000   1.0000000000
 214.0010000000  67.3782121026   487.0792782917   0.0000000000   1.0000000000
 213.5010000000  67.2159901497   486.2135072488   0.0000000000   1.0000000000
 213.0010000000  67.0537734152   485.3472357777   0.0000000000   1.0000000000
 212.5010000000  66.8915619211   484.4804624412   0.0000000000   1.0000000000
 212.0010000000  66.7293558415   483.6131866053   0.0000000000   1.0000000000
 211.5010000000  66.5671547813   482.7454045849   0.0000000000   1.0000000000
 211.0010000000  66.4049592177   481.8771173522   0.0000000000   1.0000000000
 210.5010000000  66.2427687723   481.0083212921   0.0000000000   1.0000000000
 210.0010000000  66.0805837929   480.1390166692   0.0000000000   1.0000000000
 209.5010000000  65.9184040613   479.2692007077   0.0000000000   1.0000000000
 209.0010000000  65.7562297967   478.3988729681   0.0000000000   1.0000000000
 208.5010000000  65.5940608692   477.5280311287   0.0000000000   1.0000000000
 208.0010000000  65.4318973708   476.6566740512   0.0000000000   1.0000000000
 207.5010000000  65.2697391885   475.7847994861   0.0000000000   1.0000000000
 207.0010000000  65.1075865724   474.9124071266   0.0000000000   1.0000000000
 206.5010000000  64.9454393549   474.0394944125   0.0000000000   1.0000000000
 206.0010000000  64.7832976605   473.1660603439   0.0000000000   1.0000000000
 205.5010000000  64.6211614802   472.2921031948   0.0000000000   1.0000000000
 205.0010000000  64.4590306732   471.4176205179   0.0000000000   1.0000000000
 204.5010000000  64.2969055290   470.5426121778   0.0000000000   1.0000000000
 204.0010000000  64.1347859237   469.6670758000   0.0000000000   1.0000000000
 203.5010000000  63.9726720224   468.7910105612   0.0000000000   1.0000000000
 203.0010000000  63.8105635796   467.9144134084   0.0000000000   1.0000000000
 202.5010000000  63.6484607779   467.0372835933   0.0000000000   1.0000000000
 202.0010000000  63.4863636684   466.1596196487   0.0000000000   1.0000000000
 201.5010000000  63.3242721722   465.2814193929   0.0000000000   1.0000000000
 201.0010000000  63.1621863587   464.4026814361   0.0000000000   1.0000000000
 200.5010000000  63.0001063054   463.5234044256   0.0000000000   1.0000000000
 200.0010000000  62.8380319610   462.6435862976   0.0000000000   1.0000000000
 199.5010000000  62.6759633523   461.7632254034   0.0000000000   1.0000000000
 199.0010000000  62.5139005840   460.8823205073   0.0000000000   1.0000000000
 198.5010000000  62.3518435638   460.0008692923   0.0000000000   1.0000000000
 198.0010000000  62.1897922779   459.1188698572   0.0000000000   1.0000000000
 197.5010000000  62.0277469270   458.2363214585   0.0000000000   1.0000000000
 197.0010000000  61.8657073791   457.3532215311   0.0000000000   1.0000000000
 196.5010000000  61.7036737850   456.4695690397   0.0000000000   1.0000000000
 196.0010000000  61.5416460326   455.5853615043   0.0000000000   1.0000000000
 195.5010000000  61.3796242236   454.7005976015   0.0000000000   1.0000000000
 195.0010000000  61.2176084011   453.8152756779   0.0000000000   1.0000000000
 194.5010000000  61.0555986182   452.9293941224   0.0000000000   1.0000000000
 194.0010000000  60.8935946679   452.0429498912   0.0000000000   1.0000000000
 193.5010000000  60.7315968928   451.1559429362   0.0000000000   1.0000000000
 193.0010000000  60.5696051064   450.2683703018   0.0000000000   1.0000000000
 192.5010000000  60.4076192676   449.3802298172   0.0000000000   1.0000000000
 192.0010000000  60.2456397473   448.4915215587   0.0000000000   1.0000000000
 191.5010000000  60.0836661233   447.6022412415   0.0000000000   1.0000000000
 191.0010000000  59.9216987861   446.7123890291   0.0000000000   1.0000000000
 190.5010000000  59.7597376024   445.8219621970   0.0000000000   1.0000000000
 190.0010000000  59.5977825168   444.9309584362   0.0000000000   1.0000000000
 189.5010000000  59.4358336836   444.0393765796   0.0000000000   1.0000000000
 189.0010000000  59.2738910686   443.1472144113   0.0000000000   1.0000000000
 188.5010000000  59.1119547809   442.2544704912   0.0000000000   1.0000000000
 188.0010000000  58.9500247421   441.3611423356   0.0000000000   1.0000000000
 187.5010000000  58.7881010827   440.4672285989   0.0000000000   1.0000000000
 187.0010000000  58.6261836156   439.5727261711   0.0000000000   1.0000000000
 186.5010000000  58.4642725591   438.6776341664   0.0000000000   1.0000000000
 186.0010000000  58.3023680102   437.7819510204   0.0000000000   1.0000000000
 185.5010000000  58.1404698166   436.8856737740   0.0000000000   1.0000000000
 185.0010000000  57.9785779685   435.9888002438   0.0000000000   1.0000000000
 184.5010000000  57.8166926624   435.0913293766   0.0000000000   1.0000000000
 184.0010000000  57.6548138462   434.1932587290   0.0000000000   1.0000000000
 183.5010000000  57.4929415445   433.2945862698   0.0000000000   1.0000000000
 183.0010000000  57.3310757940   432.3953100198   0.0000000000   1.0000000000
 182.5010000000  57.1692165785   431.4954276943   0.0000000000   1.0000000000
 182.0010000000  57.0073640225   430.5949377768   0.0000000000   1.0000000000
 181.5010000000  56.8455180697   429.6938377316   0.0000000000   1.0000000000
 181.0010000000  56.6836788044   428.7921257913   0.0000000000   1.0000000000
 180.5010000000  56.5218461951   427.8897995298   0.0000000000   1.0000000000
 180.0010000000  56.3600202231   426.9868565776   0.0000000000   1.0000000000
 179.5010000000  56.1982011366   426.0832960405   0.0000000000   1.0000000000
 179.0010000000  56.0363886875   425.1791142399   0.0000000000   1.0000000000
 178.5010000000  55.8745830852   424.2743100377   0.0000000000   1.0000000000
 178.0010000000  55.7127843612   423.3688812874   0.0000000000   1.0000000000
 177.5010000000  55.5509923709   422.4628248417   0.0000000000   1.0000000000
 177.0010000000  55.3892072981   421.5561393772   0.0000000000   1.0000000000
 176.5010000000  55.2274292131   420.6488229210   0.0000000000   1.0000000000
 176.0010000000  55.0656580114   419.7408725038   0.0000000000   1.0000000000
 175.5010000000  54.9038937902   418.8322862723   0.0000000000   1.0000000000
 175.0010000000  54.7421365971   417.9230620805   0.0000000000   1.0000000000
 174.5010000000  54.5803863688   417.0131971433   0.0000000000   1.0000000000
 174.0010000000  54.4186432426   416.1026897869   0.0000000000   1.0000000000
 173.5010000000  54.2569071830   415.1915373500   0.0000000000   1.0000000000
 173.0010000000  54.0951782305   414.2797375834   0.0000000000   1.0000000000
 172.5010000000  53.9334565012   413.3672886484   0.0000000000   1.0000000000
 172.0010000000  53.7717419402   412.4541877252   0.0000000000   1.0000000000
 171.5010000000  53.6100345689   411.5404324076   0.0000000000   1.0000000000
 171.0010000000  53.4483344844   410.6260207002   0.0000000000   1.0000000000
 170.5010000000  53.2866415532   409.7109492884   0.0000000000   1.0000000000
 170.0010000000  53.1249560238   408.7952169994   0.0000000000   1.0000000000
 169.5010000000  52.9632779140   407.8788213414   0.0000000000   1.0000000000
 169.0010000000  52.8016070749   406.9617588576   0.0000000000   1.0000000000
 168.5010000000  52.6399436766   406.0440278831   0.0000000000   1.0000000000
 168.0010000000  52.4782877222   405.1256257875   0.0000000000   1.0000000000
 167.5010000000  52.3166392301   404.2065500103   0.0000000000   1.0000000000
 167.0010000000  52.1549982945   403.2867984035   0.0000000000   1.0000000000
 166.5010000000  51.9933648445   402.3663678626   0.0000000000   1.0000000000
 166.0010000000  51.8317390056   401.4452563808   0.0000000000   1.0000000000
 165.5010000000  51.6701206792   400.5234606578   0.0000000000   1.0000000000
 165.0010000000  51.5085101413   399.6009795106   0.0000000000   1.0000000000
 164.5010000000  51.3469072067   398.6778091049   0.0000000000   1.0000000000
 164.0010000000  51.1853120045   397.7539473827   0.0000000000   1.0000000000
 163.5010000000  51.0237245022   396.8293913422   0.0000000000   1.0000000000
 163.0010000000  50.8621448613   395.9041390731   0.0000000000   1.0000000000
 162.5010000000  50.7005730823   394.9781877243   0.0000000000   1.0000000000
 162.0010000000  50.5390090654   394.0515338491   0.0000000000   1.0000000000
 161.5010000000  50.3774529635   393.1241754289   0.0000000000   1.0000000000
 161.0010000000  50.2159048286   392.1961098476   0.0000000000   1.0000000000
 160.5010000000  50.0543646133   391.2673338969   0.0000000000   1.0000000000
 160.0010000000  49.8928325212   390.3378457911   0.0000000000   1.0000000000
 159.5010000000  49.7313083075   389.4076411445   0.0000000000   1.0000000000
 159.0010000000  49.5697923271   388.4767190014   0.0000000000   1.0000000000
 158.5010000000  49.4082843722   387.5450751444   0.0000000000   1.0000000000
 158.0010000000  49.2467846012   386.6127074447   0.0000000000   1.0000000000
 157.5010000000  49.0852930746   385.6796131888   0.0000000000   1.0000000000
 157.0010000000  48.9238096994   384.7457887525   0.0000000000   1.0000000000
 156.5010000000  48.7623346884   383.8112322581   0.0000000000   1.0000000000
 156.0010000000  48.6008678721   382.8759395940   0.0000000000   1.0000000000
 155.5010000000  48.4394095006   381.9399090545   0.0000000000   1.0000000000
 155.0010000000  48.2779595004   381.0031370376   0.0000000000   1.0000000000
 154.5010000000  48.1165180452   380.0656213509   0.0000000000   1.0000000000
 154.0010000000  47.9550849313   379.1273575883   0.0000000000   1.0000000000
 153.5010000000  47.7936603718   378.1883437398   0.0000000000   1.0000000000
 153.0010000000  47.6322444294   377.2485768992   0.0000000000   1.0000000000
 152.5010000000  47.4708370185   376.3080532722   0.0000000000   1.0000000000
 152.0010000000  47.3094382989   375.3667704690   0.0000000000   1.0000000000
 151.5010000000  47.1480482264   374.4247248876   0.0000000000   1.0000000000
 151.0010000000  46.9866670014   373.4819143266   0.0000000000   1.0000000000
 150.5010000000  46.8252943993   372.5383340783   0.0000000000   1.0000000000
 150.0010000000  46.6639307732   371.5939827856   0.0000000000   1.0000000000
 149.5010000000  46.5025758868   370.6488556188   0.0000000000   1.0000000000
 149.0010000000  46.3412299140   369.7029501215   0.0000000000   1.0000000000
 148.5010000000  46.1798929942   368.7562636114   0.0000000000   1.0000000000
 148.0010000000  46.0185650137   367.8087918952   0.0000000000   1.0000000000
 147.5010000000  45.8572461016   366.8605321757   0.0000000000   1.0000000000
 147.0010000000  45.6959361901   365.9114804737   0.0000000000   1.0000000000
 146.5010000000  45.5346355621   364.9616348431   0.0000000000   1.0000000000
 146.0010000000  45.3733439781   364.0109902374   0.0000000000   1.0000000000
 145.5010000000  45.2120617660   363.0595449230   0.0000000000   1.0000000000
 145.0010000000  45.0507887346   362.1072940776   0.0000000000   1.0000000000
 144.5010000000  44.8895250415   361.1542349084   0.0000000000   1.0000000000
 144.0010000000  44.7282707600   360.2003640956   0.0000000000   1.0000000000
 143.5010000000  44.5670258800   359.2456777974   0.0000000000   1.0000000000
 143.0010000000  44.4057905232   358.2901729224   0.0000000000   1.0000000000
 142.5010000000  44.2445646755   357.3338455445   0.0000000000   1.0000000000
 142.0010000000  44.0833484015   356.3766921730   0.0000000000   1.0000000000
 141.5010000000  43.9221417377   355.4187091206   0.0000000000   1.0000000000
 141.0010000000  43.7609447464   354.4598928206   0.0000000000   1.0000000000
 140.5010000000  43.5997574625   353.5002395137   0.0000000000   1.0000000000
 140.0010000000  43.4385799999   352.5397458776   0.0000000000   1.0000000000
 139.5010000000  43.2774124454   351.5784083987   0.0000000000   1.0000000000
 139.0010000000  43.1162547032   350.6162224397   0.0000000000   1.0000000000
 138.5010000000  42.9551069141   349.6531847430   0.0000000000   1.0000000000
 138.0010000000  42.7939690374   348.6892909320   0.0000000000   1.0000000000
 137.5010000000  42.6328413198   347.7245383165   0.0000000000   1.0000000000
 137.0010000000  42.4717236719   346.7589221609   0.0000000000   1.0000000000
 136.5010000000  42.3106161885   345.7924387973   0.0000000000   1.0000000000
 136.0010000000  42.1495189407   344.8250843819   0.0000000000   1.0000000000
 135.5010000000  41.9884319257   343.8568545907   0.0000000000   1.0000000000
 135.0010000000  41.8273552725   342.8877458558   0.0000000000   1.0000000000
 134.5010000000  41.6662890365   341.9177541316   0.0000000000   1.0000000000
 134.0010000000  41.5052332012   340.9468749016   0.0000000000   1.0000000000
 133.5010000000  41.3441878821   339.9751044073   0.0000000000   1.0000000000
 133.0010000000  41.1831531230   339.0024384221   0.0000000000   1.0000000000
 132.5010000000  41.0221289990   338.0288728671   0.0000000000   1.0000000000
 132.0010000000  40.8611156153   337.0544038109   0.0000000000   1.0000000000
 131.5010000000  40.7001129079   336.0790262562   0.0000000000   1.0000000000
 131.0010000000  40.5391209956   335.1027362728   0.0000000000   1.0000000000
 130.5010000000  40.3781399785   334.1255297792   0.0000000000   1.0000000000
 130.0010000000  40.2171699393   333.1474025467   0.0000000000   1.0000000000
 129.5010000000  40.0562108443   332.1683495996   0.0000000000   1.0000000000
 129.0010000000  39.8952627930   331.1883667280   0.0000000000   1.0000000000
 128.5010000000  39.7343259178   330.2074498824   0.0000000000   1.0000000000
 128.0010000000  39.5734001879   329.2255939758   0.0000000000   1.0000000000
 127.5010000000  39.4124858035   328.2427952878   0.0000000000   1.0000000000
 127.0010000000  39.2515826567   327.2590481711   0.0000000000   1.0000000000
 126.5010000000  39.0906909196   326.2743486459   0.0000000000   1.0000000000
 126.0010000000  38.9298106530   325.2886920084   0.0000000000   1.0000000000
 125.5010000000  38.7689419057   324.3020734333   0.0000000000   1.0000000000
 125.0010000000  38.6080847627   323.3144882729   0.0000000000   1.0000000000
 124.5010000000  38.4472392496   322.3259314677   0.0000000000   1.0000000000
 124.0010000000  38.2864055256   321.3363987310   0.0000000000   1.0000000000
 123.5010000000  38.1255835952   320.3458847792   0.0000000000   1.0000000000
 123.0010000000  37.9647735497   319.3543848118   0.0000000000   1.0000000000
 122.5010000000  37.8039754711   318.3618939234   0.0000000000   1.0000000000
 122.0010000000  37.6431893385   317.3684065219   0.0000000000   1.0000000000
 121.5010000000  37.4824154071   316.3739186730   0.0000000000   1.0000000000
 121.0010000000  37.3216535943   315.3784242999   0.0000000000   1.0000000000
 120.5010000000  37.1609040470   314.3819186955   0.0000000000   1.0000000000
 120.0010000000  37.0001668588   313.3843967706   0.0000000000   1.0000000000
 119.5010000000  36.8394420715   312.3858530608   0.0000000000   1.0000000000
 119.0010000000  36.6787297694   311.3862823108   0.0000000000   1.0000000000
 118.5010000000  36.5180299866   310.3856788987   0.0000000000   1.0000000000
 118.0010000000  36.3573428931   309.3840379929   0.0000000000   1.0000000000
 117.5010000000  36.1966685176   308.3813538250   0.0000000000   1.0000000000
 117.0010000000  36.0360069334   307.3776208484   0.0000000000   1.0000000000
 116.5010000000  35.8753582587   306.3728337384   0.0000000000   1.0000000000
 116.0010000000  35.7147225201   305.3669865383   0.0000000000   1.0000000000
 115.5010000000  35.5540998360   304.3600738069   0.0000000000   1.0000000000
 115.0010000000  35.3934903258   303.3520900482   0.0000000000   1.0000000000
 114.5010000000  35.2328940651   302.3430294327   0.0000000000   1.0000000000
 114.0010000000  35.0723111327   301.3328860864   0.0000000000   1.0000000000
 113.5010000000  34.9117415212   300.3216535311   0.0000000000   1.0000000000
 113.0010000000  34.7511854967   299.3093269450   0.0000000000   1.0000000000
 112.5010000000  34.5906430167   298.2958994989   0.0000000000   1.0000000000
 112.0010000000  34.4301141794   297.2813651828   0.0000000000   1.0000000000
 111.5010000000  34.2695991338   296.2657182415   0.0000000000   1.0000000000
 111.0010000000  34.1090979915   295.2489526180   0.0000000000   1.0000000000
 110.5010000000  33.9486107409   294.2310614039   0.0000000000   1.0000000000
 110.0010000000  33.7881375996   293.2120390740   0.0000000000   1.0000000000
 109.5010000000  33.6276785759   292.1918787047   0.0000000000   1.0000000000
 109.0010000000  33.4672338204   291.1705742048   0.0000000000   1.0000000000
 108.5010000000  33.3068033652   290.1481186556   0.0000000000   1.0000000000
 108.0010000000  33.1463873856   289.1245059755   0.0000000000   1.0000000000
 107.5010000000  32.9859859406   288.0997292675   0.0000000000   1.0000000000
 107.0010000000  32.8255991473   287.0737819284   0.0000000000   1.0000000000
 106.5010000000  32.6652270954   286.0466571038   0.0000000000   1.0000000000
 106.0010000000  32.5048698918   285.0183479675   0.0000000000   1.0000000000
 105.5010000000  32.3445276607   283.9888477263   0.0000000000   1.0000000000
 105.0010000000  32.1842005023   282.9581493529   0.0000000000   1.0000000000
 104.5010000000  32.0238884949   281.9262455934   0.0000000000   1.0000000000
 104.0010000000  31.8635918212   280.8931297849   0.0000000000   1.0000000000
 103.5010000000  31.7033105179   279.8587942378   0.0000000000   1.0000000000
 103.0010000000  31.5430446871   278.8232315960   0.0000000000   1.0000000000
 102.5010000000  31.3827945374   277.7864351065   0.0000000000   1.0000000000
 102.0010000000  31.2225601363   276.7483970134   0.0000000000   1.0000000000
 101.5010000000  31.0623415368   275.7091093752   0.0000000000   1.0000000000
 101.0010000000  30.9021389428   274.6685651373   0.0000000000   1.0000000000
 100.5010000000  30.7419524224   273.6267562686   0.0000000000   1.0000000000
 100.0010000000  30.5817821548   272.5836753683   0.0000000000   1.0000000000
  99.5010000000  30.4216281876   271.5393140789   0.0000000000   1.0000000000
  99.0010000000  30.2614906819   270.4936646850   0.0000000000   1.0000000000
  98.5010000000  30.1013697512   269.4467190607   0.0000000000   1.0000000000
  98.0010000000  29.9412655836   268.3984694665   0.0000000000   1.0000000000
  97.5010000000  29.7811782425   267.3489072449   0.0000000000   1.0000000000
  97.0010000000  29.6211078694   266.2980241413   0.0000000000   1.0000000000
  96.5010000000  29.4610546041   265.2458117859   0.0000000000   1.0000000000
  96.0010000000  29.3010185476   264.1922614431   0.0000000000   1.0000000000
  95.5010000000  29.1409999207   263.1373650571   0.0000000000   1.0000000000
  95.0010000000  28.9809987903   262.0811134449   0.0000000000   1.0000000000
  94.5010000000  28.8210153072   261.0234978621   0.0000000000   1.0000000000
  94.0010000000  28.6610496287   259.9645094913   0.0000000000   1.0000000000
  93.5010000000  28.5011018818   258.9041391947   0.0000000000   1.0000000000
  93.0010000000  28.3411722418   257.8423780371   0.0000000000   1.0000000000
  92.5010000000  28.1812607809   256.7792162722   0.0000000000   1.0000000000
  92.0010000000  28.0213677761   255.7146453938   0.0000000000   1.0000000000
  91.5010000000  27.8614932143   254.6486548349   0.0000000000   1.0000000000
  91.0010000000  27.7016374042   253.5812360449   0.0000000000   1.0000000000
  90.5010000000  27.5418004073   252.5123786937   0.0000000000   1.0000000000
  90.0010000000  27.3819824202   251.4420732159   0.0000000000   1.0000000000
  89.5010000000  27.2221835865   250.3703095576   0.0000000000   1.0000000000
  89.0010000000  27.0624040747   249.2970776922   0.0000000000   1.0000000000
  88.5010000000  26.9026440427   248.2223673803   0.0000000000   1.0000000000
  88.0010000000  26.7429036772   247.1461684310   0.0000000000   1.0000000000
  87.5010000000  26.5831831217   246.0684702163   0.0000000000   1.0000000000
  87.0010000000  26.4234825528   244.9892621812   0.0000000000   1.0000000000
  86.5010000000  26.2638021818   243.9085338533   0.0000000000   1.0000000000
  86.0010000000  26.1041421479   242.8262741162   0.0000000000   1.0000000000
  85.5010000000  25.9445026301   241.7424719642   0.0000000000   1.0000000000
  85.0010000000  25.7848837769   240.6571160236   0.0000000000   1.0000000000
  84.5010000000  25.6252858528   239.5701955438   0.0000000000   1.0000000000
  84.0010000000  25.4657090248   238.4816989439   0.0000000000   1.0000000000
  83.5010000000  25.3061534379   237.3916143214   0.0000000000   1.0000000000
  83.0010000000  25.1466193241   236.2999301927   0.0000000000   1.0000000000
  82.5010000000  24.9871068631   235.2066345382   0.0000000000   1.0000000000
  82.0010000000  24.8276162557   234.1117153031   0.0000000000   1.0000000000
  81.5010000000  24.6681477270   233.0151604115   0.0000000000   1.0000000000
  81.0010000000  24.5087014589   231.9169573041   0.0000000000   1.0000000000
  80.5010000000  24.3492776635   230.8170934350   0.0000000000   1.0000000000
  80.0010000000  24.1898765167   229.7155558125   0.0000000000   1.0000000000
  79.5010000000  24.0304982990   228.6123319654   0.0000000000   1.0000000000
  79.0010000000  23.8711432265   227.5074087739   0.0000000000   1.0000000000
  78.5010000000  23.7118114557   226.4007724954   0.0000000000   1.0000000000
  78.0010000000  23.5525032902   225.2924101939   0.0000000000   1.0000000000
  77.5010000000  23.3932189132   224.1823078791   0.0000000000   1.0000000000
  77.0010000000  23.2339585270   223.0704514699   0.0000000000   1.0000000000
  76.5010000000  23.0747224229   221.9568272766   0.0000000000   1.0000000000
  76.0010000000  22.9155108504   220.8414210899   0.0000000000   1.0000000000
  75.5010000000  22.7563240229   219.7242182073   0.0000000000   1.0000000000
  75.0010000000  22.5971622202   218.6052041490   0.0000000000   1.0000000000
  74.5010000000  22.4380256611   217.4843637594   0.0000000000   1.0000000000
  74.0010000000  22.2789146060   216.3616819224   0.0000000000   1.0000000000
  73.5010000000  22.1198293607   215.2371435808   0.0000000000   1.0000000000
  73.0010000000  21.9607701194   214.1107326270   0.0000000000   1.0000000000
  72.5010000000  21.8017372270   212.9824337452   0.0000000000   1.0000000000
  72.0010000000  21.6427308948   211.8522303994   0.0000000000   1.0000000000
  71.5010000000  21.4837514612   210.7201066688   0.0000000000   1.0000000000
  71.0010000000  21.3247991426   209.5860454763   0.0000000000   1.0000000000
  70.5010000000  21.1658743219   208.4500306343   0.0000000000   1.0000000000
  70.0010000000  21.0069772400   207.3120446398   0.0000000000   1.0000000000
  69.5010000000  20.8481082205   206.1720702686   0.0000000000   1.0000000000
  69.0010000000  20.6892675508   205.0300897182   0.0000000000   1.0000000000
  68.5010000000  20.5304555191   203.8860848653   0.0000000000   1.0000000000
  68.0010000000  20.3716725109   202.7400379548   0.0000000000   1.0000000000
  67.5010000000  20.2129188025   201.5919301011   0.0000000000   1.0000000000
  67.0010000000  20.0541947491   200.4417426393   0.0000000000   1.0000000000
  66.5010000000  19.8955006706   199.2894562892   0.0000000000   1.0000000000
  66.0010000000  19.7368369478   198.1350518445   0.0000000000   1.0000000000
  65.5010000000  19.5782038803   196.9785091343   0.0000000000   1.0000000000
  65.0010000000  19.4196018428   195.8198081427   0.0000000000   1.0000000000
  64.5010000000  19.2610312313   194.6589286171   0.0000000000   1.0000000000
  64.0010000000  19.1024923549   193.4958492621   0.0000000000   1.0000000000
  63.5010000000  18.9439856472   192.3305492752   0.0000000000   1.0000000000
  63.0010000000  18.7855114705   191.1630069056   0.0000000000   1.0000000000
  62.5010000000  18.6270702400   189.9932003509   0.0000000000   1.0000000000
  62.0010000000  18.4686623741   188.8211073836   0.0000000000   1.0000000000
  61.5010000000  18.3102881915   187.6467045730   0.0000000000   1.0000000000
  61.0010000000  18.1519482286   186.4699696284   0.0000000000   1.0000000000
