 eps (GeV/fm^3)   P (GeV/fm^3)      s (fm^-3)    n_b (fm^-3)     T (MeV)  mu_b (MeV)  mu_s (MeV)    
   0.0003891865   0.0000809740    0.0094032096   0.0000000000   50.00000     0.00000     0.00000
   0.0004326192   0.0000908028    0.0102631781   0.0000000000   51.00000     0.00000     0.00000
   0.0004796510   0.0001015181    0.0111763293   0.0000000000   52.00000     0.00000     0.00000
   0.0005304935   0.0001131739    0.0121446686   0.0000000000   53.00000     0.00000     0.00000
   0.0005853683   0.0001258265    0.0131702745   0.0000000000   54.00000     0.00000     0.00000
   0.0006445075   0.0001395343    0.0142553049   0.0000000000   55.00000     0.00000     0.00000
   0.0007081545   0.0001543577    0.0154020023   0.0000000000   56.00000     0.00000     0.00000
   0.0007765643   0.0001703596    0.0166127000   0.0000000000   57.00000     0.00000     0.00000
   0.0008500049   0.0001876052    0.0178898288   0.0000000000   58.00000     0.00000     0.00000
   0.0009287572   0.0002061622    0.0192359226   0.0000000000   59.00000     0.00000     0.00000
   0.0010131166   0.0002261009    0.0206536257   0.0000000000   60.00000     0.00000     0.00000
   0.0011033934   0.0002474943    0.0221456996   0.0000000000   61.00000     0.00000     0.00000
   0.0011999138   0.0002704181    0.0237150297   0.0000000000   62.00000     0.00000     0.00000
   0.0013030208   0.0002949511    0.0253646332   0.0000000000   63.00000     0.00000     0.00000
   0.0014130755   0.0003211752    0.0270976666   0.0000000000   64.00000     0.00000     0.00000
   0.0015304579   0.0003491753    0.0289174337   0.0000000000   65.00000     0.00000     0.00000
   0.0016555679   0.0003790401    0.0308273943   0.0000000000   66.00000     0.00000     0.00000
   0.0017888272   0.0004108614    0.0328311724   0.0000000000   67.00000     0.00000     0.00000
   0.0019306795   0.0004447350    0.0349325660   0.0000000000   68.00000     0.00000     0.00000
   0.0020815930   0.0004807604    0.0371355558   0.0000000000   69.00000     0.00000     0.00000
   0.0022420608   0.0005190413    0.0394443162   0.0000000000   70.00000     0.00000     0.00000
   0.0024126032   0.0005596857    0.0418632240   0.0000000000   71.00000     0.00000     0.00000
   0.0025937687   0.0006028060    0.0443968711   0.0000000000   72.00000     0.00000     0.00000
   0.0027861361   0.0006485193    0.0470500746   0.0000000000   73.00000     0.00000     0.00000
   0.0029903161   0.0006969477    0.0498278888   0.0000000000   74.00000     0.00000     0.00000
   0.0032069529   0.0007482184    0.0527356176   0.0000000000   75.00000     0.00000     0.00000
   0.0034367268   0.0008024641    0.0557788275   0.0000000000   76.00000     0.00000     0.00000
   0.0036803556   0.0008598232    0.0589633608   0.0000000000   77.00000     0.00000     0.00000
   0.0039385973   0.0009204400    0.0622953496   0.0000000000   78.00000     0.00000     0.00000
   0.0042122521   0.0009844652    0.0657812306   0.0000000000   79.00000     0.00000     0.00000
   0.0045021648   0.0010520560    0.0694277603   0.0000000000   80.00000     0.00000     0.00000
   0.0048092279   0.0011233766    0.0732420304   0.0000000000   81.00000     0.00000     0.00000
   0.0051343833   0.0011985984    0.0772314851   0.0000000000   82.00000     0.00000     0.00000
   0.0054786263   0.0012779006    0.0814039377   0.0000000000   83.00000     0.00000     0.00000
   0.0058430074   0.0013614700    0.0857675889   0.0000000000   84.00000     0.00000     0.00000
   0.0062286365   0.0014495023    0.0903310452   0.0000000000   85.00000     0.00000     0.00000
   0.0066366854   0.0015422017    0.0951033385   0.0000000000   86.00000     0.00000     0.00000
   0.0070683916   0.0016397818    0.1000939463   0.0000000000   87.00000     0.00000     0.00000
   0.0075250618   0.0017424657    0.1053128122   0.0000000000   88.00000     0.00000     0.00000
   0.0080080758   0.0018504870    0.1107703683   0.0000000000   89.00000     0.00000     0.00000
   0.0085188905   0.0019640896    0.1164775573   0.0000000000   90.00000     0.00000     0.00000
   0.0090590438   0.0020835291    0.1224458559   0.0000000000   91.00000     0.00000     0.00000
   0.0096301591   0.0022090724    0.1286872990   0.0000000000   92.00000     0.00000     0.00000
   0.0102339500   0.0023409989    0.1352145050   0.0000000000   93.00000     0.00000     0.00000
   0.0108722249   0.0024796010    0.1420407013   0.0000000000   94.00000     0.00000     0.00000
   0.0115468918   0.0026251846    0.1491797512   0.0000000000   95.00000     0.00000     0.00000
   0.0122599638   0.0027780697    0.1566461815   0.0000000000   96.00000     0.00000     0.00000
   0.0130135643   0.0029385912    0.1644552110   0.0000000000   97.00000     0.00000     0.00000
   0.0138099328   0.0031070996    0.1726227799   0.0000000000   98.00000     0.00000     0.00000
   0.0146514306   0.0032839618    0.1811655796   0.0000000000   99.00000     0.00000     0.00000
   0.0155405468   0.0034695616    0.1901010841   0.0000000000  100.00000     0.00000     0.00000
   0.0164799049   0.0036643009    0.1994475820   0.0000000000  101.00000     0.00000     0.00000
   0.0174722692   0.0038686001    0.2092242089   0.0000000000  102.00000     0.00000     0.00000
   0.0185205517   0.0040828994    0.2194509812   0.0000000000  103.00000     0.00000     0.00000
   0.0196278193   0.0043076591    0.2301488305   0.0000000000  104.00000     0.00000     0.00000
   0.0207973008   0.0045433613    0.2413396390   0.0000000000  105.00000     0.00000     0.00000
   0.0220323949   0.0047905103    0.2530462752   0.0000000000  106.00000     0.00000     0.00000
   0.0233366777   0.0050496338    0.2652926309   0.0000000000  107.00000     0.00000     0.00000
   0.0247139114   0.0053212838    0.2781036591   0.0000000000  108.00000     0.00000     0.00000
   0.0261680519   0.0056060380    0.2915054118   0.0000000000  109.00000     0.00000     0.00000
   0.0277032582   0.0059045005    0.3055250794   0.0000000000  110.00000     0.00000     0.00000
   0.0293239009   0.0062173035    0.3201910305   0.0000000000  111.00000     0.00000     0.00000
   0.0310345716   0.0065451079    0.3355328523   0.0000000000  112.00000     0.00000     0.00000
   0.0328400925   0.0068886048    0.3515813914   0.0000000000  113.00000     0.00000     0.00000
   0.0347455258   0.0072485169    0.3683687959   0.0000000000  114.00000     0.00000     0.00000
   0.0367561844   0.0076255998    0.3859285578   0.0000000000  115.00000     0.00000     0.00000
   0.0388776413   0.0080206431    0.4042955551   0.0000000000  116.00000     0.00000     0.00000
   0.0411157412   0.0084344720    0.4235060959   0.0000000000  117.00000     0.00000     0.00000
   0.0434766105   0.0088679490    0.4435979623   0.0000000000  118.00000     0.00000     0.00000
   0.0459666692   0.0093219748    0.4646104538   0.0000000000  119.00000     0.00000     0.00000
   0.0485926416   0.0097974904    0.4865844331   0.0000000000  120.00000     0.00000     0.00000
   0.0513615686   0.0102954783    0.5095623706   0.0000000000  121.00000     0.00000     0.00000
   0.0542808191   0.0108169644    0.5335883897   0.0000000000  122.00000     0.00000     0.00000
   0.0573581028   0.0113630197    0.5587083130   0.0000000000  123.00000     0.00000     0.00000
   0.0606014823   0.0119347615    0.5849697078   0.0000000000  124.00000     0.00000     0.00000
   0.0640193856   0.0125333560    0.6124219326   0.0000000000  125.00000     0.00000     0.00000
   0.0676206197   0.0131600193    0.6411161831   0.0000000000  126.00000     0.00000     0.00000
   0.0714143835   0.0138160200    0.6711055393   0.0000000000  127.00000     0.00000     0.00000
   0.0754102810   0.0145026804    0.7024450111   0.0000000000  128.00000     0.00000     0.00000
   0.0796183356   0.0152213790    0.7351915860   0.0000000000  129.00000     0.00000     0.00000
   0.0840490035   0.0159735522    0.7694042746   0.0000000000  130.00000     0.00000     0.00000
   0.0887131882   0.0167606966    0.8051441583   0.0000000000  131.00000     0.00000     0.00000
   0.0936222548   0.0175843706    0.8424744347   0.0000000000  132.00000     0.00000     0.00000
   0.0987880445   0.0184461973    0.8814604647   0.0000000000  133.00000     0.00000     0.00000
   0.1042228897   0.0193478659    0.9221698184   0.0000000000  134.00000     0.00000     0.00000
   0.1099396288   0.0202911346    0.9646723211   0.0000000000  135.00000     0.00000     0.00000
   0.1159516212   0.0212778323    1.0090400990   0.0000000000  136.00000     0.00000     0.00000
   0.1222727632   0.0223098613    1.0553476244   0.0000000000  137.00000     0.00000     0.00000
   0.1289175034   0.0233891997    1.1036717613   0.0000000000  138.00000     0.00000     0.00000
   0.1359008582   0.0245179034    1.1540918100   0.0000000000  139.00000     0.00000     0.00000
   0.1432384280   0.0256981091    1.2066895510   0.0000000000  140.00000     0.00000     0.00000
   0.1509464133   0.0269320364    1.2615492889   0.0000000000  141.00000     0.00000     0.00000
   0.1590416307   0.0282219906    1.3187578963   0.0000000000  142.00000     0.00000     0.00000
   0.1675415295   0.0295703649    1.3784048564   0.0000000000  143.00000     0.00000     0.00000
   0.1764642082   0.0309796437    1.4405823048   0.0000000000  144.00000     0.00000     0.00000
   0.1858284309   0.0324524046    1.5053850720   0.0000000000  145.00000     0.00000     0.00000
   0.1956536443   0.0339913214    1.5729107237   0.0000000000  146.00000     0.00000     0.00000
   0.2059599945   0.0355991670    1.6432596018   0.0000000000  147.00000     0.00000     0.00000
   0.2167683439   0.0372788160    1.7165348640   0.0000000000  148.00000     0.00000     0.00000
   0.2281002884   0.0390332474    1.7928425221   0.0000000000  149.00000     0.00000     0.00000
   0.2399781742   0.0408655480    1.8722914814   0.0000000000  150.00000     0.00000     0.00000
   0.2524251155   0.0427789147    1.9549935774   0.0000000000  151.00000     0.00000     0.00000
   0.2654650114   0.0447766577    2.0410636125   0.0000000000  152.00000     0.00000     0.00000
   0.2791225633   0.0468622037    2.1306193922   0.0000000000  153.00000     0.00000     0.00000
   0.2934232924   0.0490390986    2.2237817598   0.0000000000  154.00000     0.00000     0.00000
   0.3083935571   0.0513110106    2.3206746304   0.0000000000  155.00000     0.00000     0.00000
   0.3240605703   0.0536817335    2.4214250245   0.0000000000  156.00000     0.00000     0.00000
   0.3404524169   0.0561551898    2.5261631000   0.0000000000  157.00000     0.00000     0.00000
   0.3575980717   0.0587354333    2.6350221836   0.0000000000  158.00000     0.00000     0.00000
   0.3755274163   0.0614266532    2.7481388013   0.0000000000  159.00000     0.00000     0.00000
   0.3942712567   0.0642331765    2.8656527079   0.0000000000  160.00000     0.00000     0.00000
   0.4138613415   0.0671594719    2.9877069151   0.0000000000  161.00000     0.00000     0.00000
   0.4343303781   0.0702101524    3.1144477191   0.0000000000  162.00000     0.00000     0.00000
   0.4557120514   0.0733899792    3.2460247276   0.0000000000  163.00000     0.00000     0.00000
   0.4780410403   0.0767038647    3.3825908842   0.0000000000  164.00000     0.00000     0.00000
   0.5013530355   0.0801568760    3.5243024938   0.0000000000  165.00000     0.00000     0.00000
   0.5256847568   0.0837542379    3.6713192452   0.0000000000  166.00000     0.00000     0.00000
   0.5510739700   0.0875013370    3.8238042338   0.0000000000  167.00000     0.00000     0.00000
   0.5775595046   0.0914037244    3.9819239827   0.0000000000  168.00000     0.00000     0.00000
   0.6051812705   0.0954671197    4.1458484629   0.0000000000  169.00000     0.00000     0.00000
   0.6339802752   0.0996974139    4.3157511123   0.0000000000  170.00000     0.00000     0.00000
   0.6639986407   0.1041006734    4.4918088542   0.0000000000  171.00000     0.00000     0.00000
   0.6952796203   0.1086831432    4.6742021136   0.0000000000  172.00000     0.00000     0.00000
   0.7278676157   0.1134512506    4.8631148338   0.0000000000  173.00000     0.00000     0.00000
   0.7618081931   0.1184116083    5.0587344909   0.0000000000  174.00000     0.00000     0.00000
   0.7971481001   0.1235710186    5.2612521070   0.0000000000  175.00000     0.00000     0.00000
   0.8339352821   0.1289364764    5.4708622641   0.0000000000  176.00000     0.00000     0.00000
   0.8722188983   0.1345151731    5.6877631150   0.0000000000  177.00000     0.00000     0.00000
   0.9120493382   0.1403144999    5.9121563936   0.0000000000  178.00000     0.00000     0.00000
   0.9534782376   0.1463420515    6.1442474254   0.0000000000  179.00000     0.00000     0.00000
   0.9965584943   0.1526056300    6.3842451347   0.0000000000  180.00000     0.00000     0.00000
   1.0413442838   0.1591132479    6.6323620534   0.0000000000  181.00000     0.00000     0.00000
   1.0878910751   0.1658731322    6.8888143259   0.0000000000  182.00000     0.00000     0.00000
   1.1362556461   0.1728937279    7.1538217157   0.0000000000  183.00000     0.00000     0.00000
   1.1864956684   0.1801837014    7.4276052707   0.0000000000  184.00000     0.00000     0.00000
   1.2385829666   0.1877517985    7.7099176492   0.0000000000  185.00000     0.00000     0.00000
   1.2923170612   0.1956059863    7.9995862769   0.0000000000  186.00000     0.00000     0.00000
   1.3475079376   0.2037530551    8.2955133302   0.0000000000  187.00000     0.00000     0.00000
   1.4039975479   0.2121987941    8.5967890532   0.0000000000  188.00000     0.00000     0.00000
   1.4616549157   0.2209481641    8.9026617976   0.0000000000  189.00000     0.00000     0.00000
   1.5203719975   0.2300054426    9.2125128425   0.0000000000  190.00000     0.00000     0.00000
   1.5800601807   0.2393743458    9.5258352174   0.0000000000  191.00000     0.00000     0.00000
   1.6406473177   0.2490581316    9.8422158817   0.0000000000  192.00000     0.00000     0.00000
   1.7020752142   0.2590596849   10.1613207211   0.0000000000  193.00000     0.00000     0.00000
   1.7642974990   0.2693815912   10.4828819083   0.0000000000  194.00000     0.00000     0.00000
   1.8272778179   0.2800261963   10.8066872522   0.0000000000  195.00000     0.00000     0.00000
   1.8909883005   0.2909956581   11.1325712175   0.0000000000  196.00000     0.00000     0.00000
   1.9554082592   0.3022919891   11.4604073516   0.0000000000  197.00000     0.00000     0.00000
   2.0205230835   0.3139170920   11.7901018962   0.0000000000  198.00000     0.00000     0.00000
   2.0863233010   0.3258727899   12.1215883969   0.0000000000  199.00000     0.00000     0.00000
   2.1528037795   0.3381608513   12.4548231543   0.0000000000  200.00000     0.00000     0.00000
   2.2199630481   0.3507830106   12.7897813865   0.0000000000  201.00000     0.00000     0.00000
   2.2878027206   0.3637409854   13.1264539899   0.0000000000  202.00000     0.00000     0.00000
   2.3563270048   0.3770364912   13.4648448075   0.0000000000  203.00000     0.00000     0.00000
   2.4255422857   0.3906712525   13.8049683242   0.0000000000  204.00000     0.00000     0.00000
   2.4954567706   0.4046470130   14.1468477251   0.0000000000  205.00000     0.00000     0.00000
   2.5660801880   0.4189655433   14.4905132584   0.0000000000  206.00000     0.00000     0.00000
   2.6374235309   0.4336286469   14.8360008587   0.0000000000  207.00000     0.00000     0.00000
   2.7094988398   0.4486381658   15.1833509882   0.0000000000  208.00000     0.00000     0.00000
   2.7823190174   0.4639959843   15.5326076639   0.0000000000  209.00000     0.00000     0.00000
   2.8558976725   0.4797040322   15.8838176415   0.0000000000  210.00000     0.00000     0.00000
   2.9302489867   0.4957642870   16.2370297329   0.0000000000  211.00000     0.00000     0.00000
   3.0053876021   0.5121787758   16.5922942351   0.0000000000  212.00000     0.00000     0.00000
   3.0813285263   0.5289495767   16.9496624554   0.0000000000  213.00000     0.00000     0.00000
   3.1580870526   0.5460788192   17.3091863169   0.0000000000  214.00000     0.00000     0.00000
   3.2356786916   0.5635686852   17.6709180318   0.0000000000  215.00000     0.00000     0.00000
   3.3141191153   0.5814214087   18.0349098331   0.0000000000  216.00000     0.00000     0.00000
   3.3934241091   0.5996392756   18.4012137546   0.0000000000  217.00000     0.00000     0.00000
   3.4736095324   0.6182246241   18.7698814520   0.0000000000  218.00000     0.00000     0.00000
   3.5546912856   0.6371798435   19.1409640596   0.0000000000  219.00000     0.00000     0.00000
   3.6366852825   0.6565073740   19.5145120749   0.0000000000  220.00000     0.00000     0.00000
   3.7196074285   0.6762097060   19.8905752694   0.0000000000  221.00000     0.00000     0.00000
   3.8034736021   0.6962893793   20.2692026188   0.0000000000  222.00000     0.00000     0.00000
   3.8882996400   0.7167489821   20.6504422516   0.0000000000  223.00000     0.00000     0.00000
   3.9741013258   0.7375911503   21.0343414113   0.0000000000  224.00000     0.00000     0.00000
   4.0608943803   0.7588185668   21.4209464318   0.0000000000  225.00000     0.00000     0.00000
   4.1486944549   0.7804339603   21.8103027221   0.0000000000  226.00000     0.00000     0.00000
   4.2375171261   0.8024401042   22.2024547593   0.0000000000  227.00000     0.00000     0.00000
   4.3273778921   0.8248398162   22.5974460892   0.0000000000  228.00000     0.00000     0.00000
   4.4182921699   0.8476359570   22.9953193318   0.0000000000  229.00000     0.00000     0.00000
   4.5102752946   0.8708314295   23.3961161916   0.0000000000  230.00000     0.00000     0.00000
   4.6033425185   0.8944291776   23.7998774722   0.0000000000  231.00000     0.00000     0.00000
   4.6975090116   0.9184321859   24.2066430925   0.0000000000  232.00000     0.00000     0.00000
   4.7927898626   0.9428434782   24.6164521067   0.0000000000  233.00000     0.00000     0.00000
   4.8892000803   0.9676661173   25.0293427248   0.0000000000  234.00000     0.00000     0.00000
   4.9867545955   0.9929032034   25.4453523355   0.0000000000  235.00000     0.00000     0.00000
   5.0854682630   1.0185578738   25.8645175289   0.0000000000  236.00000     0.00000     0.00000
   5.1853558645   1.0446333022   26.2868741211   0.0000000000  237.00000     0.00000     0.00000
   5.2864321108   1.0711326976   26.7124571780   0.0000000000  238.00000     0.00000     0.00000
   5.3887116451   1.0980593035   27.1413010401   0.0000000000  239.00000     0.00000     0.00000
   5.4922090454   1.1254163978   27.5734393465   0.0000000000  240.00000     0.00000     0.00000
   5.5969388280   1.1532072914   28.0089050597   0.0000000000  241.00000     0.00000     0.00000
   5.7029154505   1.1814353278   28.4477304891   0.0000000000  242.00000     0.00000     0.00000
   5.8101533147   1.2101038828   28.8899473146   0.0000000000  243.00000     0.00000     0.00000
   5.9186667696   1.2392163633   29.3355866101   0.0000000000  244.00000     0.00000     0.00000
   6.0284701150   1.2687762070   29.7846788656   0.0000000000  245.00000     0.00000     0.00000
   6.1395776043   1.2987868820   30.2372540092   0.0000000000  246.00000     0.00000     0.00000
   6.2520034471   1.3292518858   30.6933414289   0.0000000000  247.00000     0.00000     0.00000
   6.3657618130   1.3601747452   31.1529699930   0.0000000000  248.00000     0.00000     0.00000
   6.4808668339   1.3915590156   31.6161680704   0.0000000000  249.00000     0.00000     0.00000
   6.5973326070   1.4234082805   32.0829635500   0.0000000000  250.00000     0.00000     0.00000
   6.7151731977   1.4557261510   32.5533838593   0.0000000000  251.00000     0.00000     0.00000
   6.8344026422   1.4885162655   33.0274559830   0.0000000000  252.00000     0.00000     0.00000
   6.9550349504   1.5217822891   33.5052064802   0.0000000000  253.00000     0.00000     0.00000
   7.0770841080   1.5555279133   33.9866615011   0.0000000000  254.00000     0.00000     0.00000
   7.2005640794   1.5897568555   34.4718468038   0.0000000000  255.00000     0.00000     0.00000
   7.3254888101   1.6244728588   34.9607877692   0.0000000000  256.00000     0.00000     0.00000
   7.4518722288   1.6596796913   35.4535094168   0.0000000000  257.00000     0.00000     0.00000
   7.5797282499   1.6953811461   35.9500364185   0.0000000000  258.00000     0.00000     0.00000
   7.7090707754   1.7315810407   36.4503931125   0.0000000000  259.00000     0.00000     0.00000
   7.8399136976   1.7682832169   36.9546035173   0.0000000000  260.00000     0.00000     0.00000
   7.9722709004   1.8054915402   37.4626913435   0.0000000000  261.00000     0.00000     0.00000
   8.1061562619   1.8432098999   37.9746800068   0.0000000000  262.00000     0.00000     0.00000
   8.2415836560   1.8814422082   38.4905926395   0.0000000000  263.00000     0.00000     0.00000
   8.3785669541   1.9201924008   39.0104521018   0.0000000000  264.00000     0.00000     0.00000
   8.5171200274   1.9594644356   39.5342809925   0.0000000000  265.00000     0.00000     0.00000
   8.6572567481   1.9992622933   40.0621016596   0.0000000000  266.00000     0.00000     0.00000
   8.7989909913   2.0395899769   40.5939362103   0.0000000000  267.00000     0.00000     0.00000
   8.9423366364   2.0804515110   41.1298065202   0.0000000000  268.00000     0.00000     0.00000
   9.0873075689   2.1218509424   41.6697342427   0.0000000000  269.00000     0.00000     0.00000
   9.2339176816   2.1637923391   42.2137408176   0.0000000000  270.00000     0.00000     0.00000
   9.3821808764   2.2062797907   42.7618474800   0.0000000000  271.00000     0.00000     0.00000
   9.5321110650   2.2493174078   43.3140752674   0.0000000000  272.00000     0.00000     0.00000
   9.6837221709   2.2929093219   43.8704450286   0.0000000000  273.00000     0.00000     0.00000
   9.8370281304   2.3370596854   44.4309774300   0.0000000000  274.00000     0.00000     0.00000
   9.9920428938   2.3817726711   44.9956929634   0.0000000000  275.00000     0.00000     0.00000
  10.1487804264   2.4270524725   45.5646119525   0.0000000000  276.00000     0.00000     0.00000
  10.3072547101   2.4729033029   46.1377545598   0.0000000000  277.00000     0.00000     0.00000
  10.4674797441   2.5193293961   46.7151407921   0.0000000000  278.00000     0.00000     0.00000
  10.6294695458   2.5663350057   47.2967905072   0.0000000000  279.00000     0.00000     0.00000
  10.7932381525   2.6139244049   47.8827234194   0.0000000000  280.00000     0.00000     0.00000
  10.9587996217   2.6621018868   48.4729591049   0.0000000000  281.00000     0.00000     0.00000
  11.1261680322   2.7108717638   49.0675170072   0.0000000000  282.00000     0.00000     0.00000
  11.2953574852   2.7602383680   49.6664164422   0.0000000000  283.00000     0.00000     0.00000
  11.4663821049   2.8102060503   50.2696766028   0.0000000000  284.00000     0.00000     0.00000
  11.6392560397   2.8607791811   50.8773165641   0.0000000000  285.00000     0.00000     0.00000
  11.8139934624   2.9119621497   51.4893552871   0.0000000000  286.00000     0.00000     0.00000
  11.9906085718   2.9637593642   52.1058116236   0.0000000000  287.00000     0.00000     0.00000
  12.1691155925   3.0161752517   52.7267043203   0.0000000000  288.00000     0.00000     0.00000
  12.3495287766   3.0692142579   53.3520520222   0.0000000000  289.00000     0.00000     0.00000
  12.5318624034   3.1228808469   53.9818732770   0.0000000000  290.00000     0.00000     0.00000
  12.7161307809   3.1771795018   54.6161865384   0.0000000000  291.00000     0.00000     0.00000
  12.9023482460   3.2321147235   55.2550101696   0.0000000000  292.00000     0.00000     0.00000
  13.0905291653   3.2876910316   55.8983624468   0.0000000000  293.00000     0.00000     0.00000
  13.2806879353   3.3439129640   56.5462615623   0.0000000000  294.00000     0.00000     0.00000
  13.4728389837   3.4007850764   57.1987256276   0.0000000000  295.00000     0.00000     0.00000
  13.6669967693   3.4583119429   57.8557726764   0.0000000000  296.00000     0.00000     0.00000
  13.8631757828   3.5164981554   58.5174206674   0.0000000000  297.00000     0.00000     0.00000
  14.0613905473   3.5753483238   59.1836874870   0.0000000000  298.00000     0.00000     0.00000
  14.2616556187   3.6348670759   59.8545909521   0.0000000000  299.00000     0.00000     0.00000
  14.4639855865   3.6950590572   60.5301488123   0.0000000000  300.00000     0.00000     0.00000
  14.6683950737   3.7559289309   61.2103787527   0.0000000000  301.00000     0.00000     0.00000
  14.8748987377   3.8174813780   61.8952983961   0.0000000000  302.00000     0.00000     0.00000
  15.0835112706   3.8797210968   62.5849253048   0.0000000000  303.00000     0.00000     0.00000
  15.2942473995   3.9426528035   63.2792769836   0.0000000000  304.00000     0.00000     0.00000
  15.5071218872   4.0062812315   63.9783708811   0.0000000000  305.00000     0.00000     0.00000
  15.7221495322   4.0706111318   64.6822243921   0.0000000000  306.00000     0.00000     0.00000
  15.9393451692   4.1356472726   65.3908548594   0.0000000000  307.00000     0.00000     0.00000
  16.1587236697   4.2013944396   66.1042795755   0.0000000000  308.00000     0.00000     0.00000
  16.3802999419   4.2678574356   66.8225157847   0.0000000000  309.00000     0.00000     0.00000
  16.6040889314   4.3350410807   67.5455806844   0.0000000000  310.00000     0.00000     0.00000
  16.8301056216   4.4029502123   68.2734914272   0.0000000000  311.00000     0.00000     0.00000
  17.0583650334   4.4715896846   69.0062651218   0.0000000000  312.00000     0.00000     0.00000
  17.2888822263   4.5409643692   69.7439188354   0.0000000000  313.00000     0.00000     0.00000
  17.5216722980   4.6110791546   70.4864695942   0.0000000000  314.00000     0.00000     0.00000
  17.7567503851   4.6819389464   71.2339343855   0.0000000000  315.00000     0.00000     0.00000
  17.9941316632   4.7535486670   71.9863301590   0.0000000000  316.00000     0.00000     0.00000
  18.2338313473   4.8259132560   72.7436738275   0.0000000000  317.00000     0.00000     0.00000
  18.4758646919   4.8990376696   73.5059822689   0.0000000000  318.00000     0.00000     0.00000
  18.7202469912   4.9729268811   74.2732723269   0.0000000000  319.00000     0.00000     0.00000
  18.9669935796   5.0475858804   75.0455608125   0.0000000000  320.00000     0.00000     0.00000
  19.2161198316   5.1230196744   75.8228645047   0.0000000000  321.00000     0.00000     0.00000
  19.4676411622   5.1992332867   76.6052001519   0.0000000000  322.00000     0.00000     0.00000
  19.7215730272   5.2762317576   77.3925844731   0.0000000000  323.00000     0.00000     0.00000
  19.9779309231   5.3540201441   78.1850341582   0.0000000000  324.00000     0.00000     0.00000
  20.2367303878   5.4326035199   78.9825658699   0.0000000000  325.00000     0.00000     0.00000
  20.4979870000   5.5119869754   79.7851962436   0.0000000000  326.00000     0.00000     0.00000
  20.7617163803   5.5921756175   80.5929418893   0.0000000000  327.00000     0.00000     0.00000
  21.0279341907   5.6731745698   81.4058193917   0.0000000000  328.00000     0.00000     0.00000
  21.2966561350   5.7549889724   82.2238453115   0.0000000000  329.00000     0.00000     0.00000
  21.5678979592   5.8376239821   83.0470361858   0.0000000000  330.00000     0.00000     0.00000
  21.8416754512   5.9210847720   83.8754085293   0.0000000000  331.00000     0.00000     0.00000
  22.1180044413   6.0053765318   84.7089788346   0.0000000000  332.00000     0.00000     0.00000
  22.3969008022   6.0905044678   85.5477635734   0.0000000000  333.00000     0.00000     0.00000
  22.6783804491   6.1764738026   86.3917791967   0.0000000000  334.00000     0.00000     0.00000
  22.9624593402   6.2632897753   87.2410421358   0.0000000000  335.00000     0.00000     0.00000
  23.2491534763   6.3509576414   88.0955688029   0.0000000000  336.00000     0.00000     0.00000
  23.5384789014   6.4394826729   88.9553755915   0.0000000000  337.00000     0.00000     0.00000
  23.8304517024   6.5288701581   89.8204788772   0.0000000000  338.00000     0.00000     0.00000
  24.1250880096   6.6191254016   90.6908950184   0.0000000000  339.00000     0.00000     0.00000
  24.4224039967   6.7102537245   91.5666403565   0.0000000000  340.00000     0.00000     0.00000
  24.7224158807   6.8022604642   92.4477312167   0.0000000000  341.00000     0.00000     0.00000
  25.0251399224   6.8951509743   93.3341839084   0.0000000000  342.00000     0.00000     0.00000
  25.3305924262   6.9889306247   94.2260147259   0.0000000000  343.00000     0.00000     0.00000
  25.6387897404   7.0836048018   95.1232399485   0.0000000000  344.00000     0.00000     0.00000
  25.9497482571   7.1791789082   96.0258758413   0.0000000000  345.00000     0.00000     0.00000
  26.2634844124   7.2756583625   96.9339386557   0.0000000000  346.00000     0.00000     0.00000
  26.5800146866   7.3730485999   97.8474446295   0.0000000000  347.00000     0.00000     0.00000
  26.8993556041   7.4713550716   98.7664099874   0.0000000000  348.00000     0.00000     0.00000
  27.2215237337   7.5705832450   99.6908509419   0.0000000000  349.00000     0.00000     0.00000
  27.5465356885   7.6707386040  100.6207836929   0.0000000000  350.00000     0.00000     0.00000
  27.8744081260   7.7718266484  101.5562244287   0.0000000000  351.00000     0.00000     0.00000
  28.2051577485   7.8738528943  102.4971893260   0.0000000000  352.00000     0.00000     0.00000
  28.5388013025   7.9768228739  103.4436945506   0.0000000000  353.00000     0.00000     0.00000
  28.8753555796   8.0807421355  104.3957562575   0.0000000000  354.00000     0.00000     0.00000
  29.2148374159   8.1856162439  105.3533905910   0.0000000000  355.00000     0.00000     0.00000
  29.5572636924   8.2914507796  106.3166136856   0.0000000000  356.00000     0.00000     0.00000
  29.9026513352   8.3982513396  107.2854416659   0.0000000000  357.00000     0.00000     0.00000
  30.2510173150   8.5060235366  108.2598906471   0.0000000000  358.00000     0.00000     0.00000
  30.6023786479   8.6147729999  109.2399767349   0.0000000000  359.00000     0.00000     0.00000
  30.9567523950   8.7245053745  110.2257160264   0.0000000000  360.00000     0.00000     0.00000
  31.3141556625   8.8352263217  111.2171246099   0.0000000000  361.00000     0.00000     0.00000
  31.6746056017   8.9469415189  112.2142185652   0.0000000000  362.00000     0.00000     0.00000
  32.0381194096   9.0596566593  113.2170139641   0.0000000000  363.00000     0.00000     0.00000
  32.4047143282   9.1733774526  114.2255268705   0.0000000000  364.00000     0.00000     0.00000
  32.7744076450   9.2881096243  115.2397733404   0.0000000000  365.00000     0.00000     0.00000
  33.1472166929   9.4038589158  116.2597694227   0.0000000000  366.00000     0.00000     0.00000
  33.5231588503   9.5206310850  117.2855311589   0.0000000000  367.00000     0.00000     0.00000
  33.9022515413   9.6384319054  118.3170745835   0.0000000000  368.00000     0.00000     0.00000
  34.2845122355   9.7572671667  119.3544157241   0.0000000000  369.00000     0.00000     0.00000
  34.6699584480   9.8771426748  120.3975706020   0.0000000000  370.00000     0.00000     0.00000
  35.0586077398   9.9980642512  121.4465552317   0.0000000000  371.00000     0.00000     0.00000
  35.4504777175  10.1200377338  122.5013856219   0.0000000000  372.00000     0.00000     0.00000
  35.8455860337  10.2430689764  123.5620777750   0.0000000000  373.00000     0.00000     0.00000
  36.2439503865  10.3671638486  124.6286476875   0.0000000000  374.00000     0.00000     0.00000
  36.6455885201  10.4923282363  125.7011113505   0.0000000000  375.00000     0.00000     0.00000
  37.0505182245  10.6185680412  126.7794847493   0.0000000000  376.00000     0.00000     0.00000
  37.4587573357  10.7458891810  127.8637838639   0.0000000000  377.00000     0.00000     0.00000
  37.8703237355  10.8742975895  128.9540246693   0.0000000000  378.00000     0.00000     0.00000
  38.2852353519  11.0037992163  130.0502231351   0.0000000000  379.00000     0.00000     0.00000
  38.7035101590  11.1344000270  131.1523952262   0.0000000000  380.00000     0.00000     0.00000
  39.1251661767  11.2661060033  132.2605569027   0.0000000000  381.00000     0.00000     0.00000
  39.5502214712  11.3989231426  133.3747241200   0.0000000000  382.00000     0.00000     0.00000
  39.9786941549  11.5328574587  134.4949128292   0.0000000000  383.00000     0.00000     0.00000
  40.4106023863  11.6679149808  135.6211389768   0.0000000000  384.00000     0.00000     0.00000
  40.8459643700  11.8041017544  136.7534185051   0.0000000000  385.00000     0.00000     0.00000
  41.2847983571  11.9414238409  137.8917673523   0.0000000000  386.00000     0.00000     0.00000
  41.7271226446  12.0798873175  139.0362014526   0.0000000000  387.00000     0.00000     0.00000
  42.1729555761  12.2194982775  140.1867367362   0.0000000000  388.00000     0.00000     0.00000
  42.6223155414  12.3602628300  141.3433891298   0.0000000000  389.00000     0.00000     0.00000
  43.0752209767  12.5021871001  142.5061745560   0.0000000000  390.00000     0.00000     0.00000
  43.5316903644  12.6452772288  143.6751089341   0.0000000000  391.00000     0.00000     0.00000
  43.9917422335  12.7895393730  144.8502081798   0.0000000000  392.00000     0.00000     0.00000
  44.4553951593  12.9349797054  146.0314882055   0.0000000000  393.00000     0.00000     0.00000
  44.9226677636  13.0816044149  147.2189649202   0.0000000000  394.00000     0.00000     0.00000
  45.3935787146  13.2294197061  148.4126542298   0.0000000000  395.00000     0.00000     0.00000
  45.8681467271  13.3784317996  149.6125720370   0.0000000000  396.00000     0.00000     0.00000
  46.3463905622  13.5286469317  150.8187342416   0.0000000000  397.00000     0.00000     0.00000
  46.8283290278  13.6800713548  152.0311567403   0.0000000000  398.00000     0.00000     0.00000
  47.3139809782  13.8327113372  153.2498554270   0.0000000000  399.00000     0.00000     0.00000
  47.8033653141  13.9865731630  154.4748461928   0.0000000000  400.00000     0.00000     0.00000
  48.2965009832  14.1416631322  155.7061449263   0.0000000000  401.00000     0.00000     0.00000
  48.7934069794  14.2979875608  156.9437675130   0.0000000000  402.00000     0.00000     0.00000
  49.2941023435  14.4555527805  158.1877298363   0.0000000000  403.00000     0.00000     0.00000
  49.7986061628  14.6143651390  159.4380477769   0.0000000000  404.00000     0.00000     0.00000
  50.3069375714  14.7744309999  160.6947372130   0.0000000000  405.00000     0.00000     0.00000
  50.8191157498  14.9357567426  161.9578140205   0.0000000000  406.00000     0.00000     0.00000
  51.3351599254  15.0983487624  163.2272940732   0.0000000000  407.00000     0.00000     0.00000
  51.8550893724  15.2622134704  164.5031932423   0.0000000000  408.00000     0.00000     0.00000
  52.3789234116  15.4273572938  165.7855273972   0.0000000000  409.00000     0.00000     0.00000
  52.9066814104  15.5937866755  167.0743124047   0.0000000000  410.00000     0.00000     0.00000
  53.4383827833  15.7615080742  168.3695641301   0.0000000000  411.00000     0.00000     0.00000
  53.9740469911  15.9305279646  169.6712984363   0.0000000000  412.00000     0.00000     0.00000
  54.5136935419  16.1008528372  170.9795311844   0.0000000000  413.00000     0.00000     0.00000
  55.0573419902  16.2724891984  172.2942782334   0.0000000000  414.00000     0.00000     0.00000
  55.6050119375  16.4454435704  173.6155554408   0.0000000000  415.00000     0.00000     0.00000
  56.1567230321  16.6197224913  174.9433786620   0.0000000000  416.00000     0.00000     0.00000
  56.7124949690  16.7953325150  176.2777637508   0.0000000000  417.00000     0.00000     0.00000
  57.2723474903  16.9722802114  177.6187265591   0.0000000000  418.00000     0.00000     0.00000
  57.8363003847  17.1505721660  178.9662829373   0.0000000000  419.00000     0.00000     0.00000
  58.4043734879  17.3302149804  180.3204487341   0.0000000000  420.00000     0.00000     0.00000
  58.9765866825  17.5112152719  181.6812397968   0.0000000000  421.00000     0.00000     0.00000
  59.5529598980  17.6935796737  183.0486719709   0.0000000000  422.00000     0.00000     0.00000
  60.1335131106  17.8773148348  184.4227611004   0.0000000000  423.00000     0.00000     0.00000
  60.7182663438  18.0624274202  185.8035230281   0.0000000000  424.00000     0.00000     0.00000
  61.3072396675  18.2489241104  187.1909735952   0.0000000000  425.00000     0.00000     0.00000
  61.9004531991  18.4368116022  188.5851286415   0.0000000000  426.00000     0.00000     0.00000
  62.4979271025  18.6260966078  189.9860040054   0.0000000000  427.00000     0.00000     0.00000
  63.0996815887  18.8167858556  191.3936155241   0.0000000000  428.00000     0.00000     0.00000
  63.7057369158  19.0088860895  192.8079790335   0.0000000000  429.00000     0.00000     0.00000
  64.3161133888  19.2024040696  194.2291103683   0.0000000000  430.00000     0.00000     0.00000
  64.9308313594  19.3973465715  195.6570253617   0.0000000000  431.00000     0.00000     0.00000
  65.5499112267  19.5937203868  197.0917398460   0.0000000000  432.00000     0.00000     0.00000
  66.1733734365  19.7915323230  198.5332696523   0.0000000000  433.00000     0.00000     0.00000
  66.8012384818  19.9907892032  199.9816306105   0.0000000000  434.00000     0.00000     0.00000
  67.4335269024  20.1914978665  201.4368385493   0.0000000000  435.00000     0.00000     0.00000
  68.0702592854  20.3936651679  202.8989092966   0.0000000000  436.00000     0.00000     0.00000
  68.7114562647  20.5972979780  204.3678586789   0.0000000000  437.00000     0.00000     0.00000
  69.3571385213  20.8024031834  205.8437025221   0.0000000000  438.00000     0.00000     0.00000
  70.0073267832  21.0089876865  207.3264566507   0.0000000000  439.00000     0.00000     0.00000
  70.6620418255  21.2170584054  208.8161368885   0.0000000000  440.00000     0.00000     0.00000
  71.3213044705  21.4266222742  210.3127590582   0.0000000000  441.00000     0.00000     0.00000
  71.9851355871  21.6376862428  211.8163389816   0.0000000000  442.00000     0.00000     0.00000
  72.6535560918  21.8502572767  213.3268924797   0.0000000000  443.00000     0.00000     0.00000
  73.3265869479  22.0643423575  214.8444353726   0.0000000000  444.00000     0.00000     0.00000
  74.0042491658  22.2799484825  216.3689834793   0.0000000000  445.00000     0.00000     0.00000
  74.6865638030  22.4970826648  217.9005526183   0.0000000000  446.00000     0.00000     0.00000
  75.3735519640  22.7157519334  219.4391586072   0.0000000000  447.00000     0.00000     0.00000
  76.0652348007  22.9359633329  220.9848172626   0.0000000000  448.00000     0.00000     0.00000
  76.7616335118  23.1577239241  222.5375444005   0.0000000000  449.00000     0.00000     0.00000
  77.4627693431  23.3810407832  224.0973558361   0.0000000000  450.00000     0.00000     0.00000
  78.1686635878  23.6059210024  225.6642673840   0.0000000000  451.00000     0.00000     0.00000
  78.8793375858  23.8323716899  227.2382948578   0.0000000000  452.00000     0.00000     0.00000
  79.5948127246  24.0603999694  228.8194540706   0.0000000000  453.00000     0.00000     0.00000
  80.3151104384  24.2900129806  230.4077608348   0.0000000000  454.00000     0.00000     0.00000
  81.0402522089  24.5212178788  232.0032309620   0.0000000000  455.00000     0.00000     0.00000
  81.7702595645  24.7540218355  233.6058802633   0.0000000000  456.00000     0.00000     0.00000
  82.5051540812  24.9884320377  235.2157245491   0.0000000000  457.00000     0.00000     0.00000
  83.2449573819  25.2244556882  236.8327796291   0.0000000000  458.00000     0.00000     0.00000
  83.9896911366  25.4621000058  238.4570613124   0.0000000000  459.00000     0.00000     0.00000
  84.7393770626  25.7013722250  240.0885854078   0.0000000000  460.00000     0.00000     0.00000
  85.4940369243  25.9422795961  241.7273677231   0.0000000000  461.00000     0.00000     0.00000
  86.2536925332  26.1848293851  243.3734240657   0.0000000000  462.00000     0.00000     0.00000
  87.0183657482  26.4290288741  245.0267702426   0.0000000000  463.00000     0.00000     0.00000
  87.7880784750  26.6748853608  246.6874220600   0.0000000000  464.00000     0.00000     0.00000
  88.5628526668  26.9224061587  248.3553953238   0.0000000000  465.00000     0.00000     0.00000
  89.3427103239  27.1715985972  250.0307058392   0.0000000000  466.00000     0.00000     0.00000
  90.1276734935  27.4224700214  251.7133694110   0.0000000000  467.00000     0.00000     0.00000
  90.9177642705  27.6750277923  253.4034018436   0.0000000000  468.00000     0.00000     0.00000
  91.7130047965  27.9292792867  255.1008189406   0.0000000000  469.00000     0.00000     0.00000
  92.5134172605  28.1852318970  256.8056365055   0.0000000000  470.00000     0.00000     0.00000
  93.3190238989  28.4428930318  258.5178703411   0.0000000000  471.00000     0.00000     0.00000
  94.1298469949  28.7022701151  260.2375362498   0.0000000000  472.00000     0.00000     0.00000
  94.9459088791  28.9633705869  261.9646500338   0.0000000000  473.00000     0.00000     0.00000
  95.7672319293  29.2262019030  263.6992274944   0.0000000000  474.00000     0.00000     0.00000
  96.5938385706  29.4907715350  265.4412844329   0.0000000000  475.00000     0.00000     0.00000
  97.4257512751  29.7570869703  267.1908366501   0.0000000000  476.00000     0.00000     0.00000
  98.2629925623  30.0251557120  268.9478999462   0.0000000000  477.00000     0.00000     0.00000
  99.1055849988  30.2949852792  270.7124901213   0.0000000000  478.00000     0.00000     0.00000
  99.9535511984  30.5665832065  272.4846229748   0.0000000000  479.00000     0.00000     0.00000
 100.8069138223  30.8399570446  274.2643143061   0.0000000000  480.00000     0.00000     0.00000
 101.6656955787  31.1151143599  276.0515799140   0.0000000000  481.00000     0.00000     0.00000
 102.5299192232  31.3920627345  277.8464355969   0.0000000000  482.00000     0.00000     0.00000
 103.3996075585  31.6708097664  279.6488971529   0.0000000000  483.00000     0.00000     0.00000
 104.2747834346  31.9513630693  281.4589803800   0.0000000000  484.00000     0.00000     0.00000
 105.1554697487  32.2337302729  283.2767010756   0.0000000000  485.00000     0.00000     0.00000
 106.0416894453  32.5179190226  285.1020750367   0.0000000000  486.00000     0.00000     0.00000
 106.9334655160  32.8039369794  286.9351180603   0.0000000000  487.00000     0.00000     0.00000
 107.8308209998  33.0917918203  288.7758459429   0.0000000000  488.00000     0.00000     0.00000
 108.7337789829  33.3814912381  290.6242744806   0.0000000000  489.00000     0.00000     0.00000
 109.6423625986  33.6730429414  292.4804194695   0.0000000000  490.00000     0.00000     0.00000
 110.5565950277  33.9664546545  294.3442967051   0.0000000000  491.00000     0.00000     0.00000
 111.4764994980  34.2617341175  296.2159219828   0.0000000000  492.00000     0.00000     0.00000
 112.4020992848  34.5588890864  298.0953110977   0.0000000000  493.00000     0.00000     0.00000
 113.3334177103  34.8579273329  299.9824798445   0.0000000000  494.00000     0.00000     0.00000
 114.2704781443  35.1588566446  301.8774440179   0.0000000000  495.00000     0.00000     0.00000
 115.2133040037  35.4616848247  303.7802194121   0.0000000000  496.00000     0.00000     0.00000
 116.1619187527  35.7664196924  305.6908218211   0.0000000000  497.00000     0.00000     0.00000
 117.1163459026  36.0730690826  307.6092670386   0.0000000000  498.00000     0.00000     0.00000
 118.0766090123  36.3816408460  309.5355708584   0.0000000000  499.00000     0.00000     0.00000
 119.0427316877  36.6921428491  311.4697490736   0.0000000000  500.00000     0.00000     0.00000
 120.0147375819  37.0045829742  313.4118174773   0.0000000000  501.00000     0.00000     0.00000
 120.9926503955  37.3189691194  315.3617918623   0.0000000000  502.00000     0.00000     0.00000
 121.9764938762  37.6353091985  317.3196880214   0.0000000000  503.00000     0.00000     0.00000
 122.9662918191  37.9536111413  319.2855217468   0.0000000000  504.00000     0.00000     0.00000
 123.9620680664  38.2738828932  321.2593088309   0.0000000000  505.00000     0.00000     0.00000
 124.9638465078  38.5961324153  323.2410650655   0.0000000000  506.00000     0.00000     0.00000
 125.9716510800  38.9203676849  325.2308062425   0.0000000000  507.00000     0.00000     0.00000
 126.9855057672  39.2465966947  327.2285481534   0.0000000000  508.00000     0.00000     0.00000
 128.0054346007  39.5748274534  329.2343065896   0.0000000000  509.00000     0.00000     0.00000
 129.0314616593  39.9050679854  331.2480973424   0.0000000000  510.00000     0.00000     0.00000
 130.0636110688  40.2373263308  333.2699362027   0.0000000000  511.00000     0.00000     0.00000
 131.1019070025  40.5716105457  335.2998389614   0.0000000000  512.00000     0.00000     0.00000
 132.1463736810  40.9079287020  337.3378214092   0.0000000000  513.00000     0.00000     0.00000
 133.1970353719  41.2462888870  339.3838993365   0.0000000000  514.00000     0.00000     0.00000
 134.2539163904  41.5866992044  341.4380885336   0.0000000000  515.00000     0.00000     0.00000
 135.3170410988  41.9291677731  343.5004047906   0.0000000000  516.00000     0.00000     0.00000
 136.3864339068  42.2737027282  345.5708638976   0.0000000000  517.00000     0.00000     0.00000
 137.4621192713  42.6203122205  347.6494816444   0.0000000000  518.00000     0.00000     0.00000
 138.5441216965  42.9690044163  349.7362738206   0.0000000000  519.00000     0.00000     0.00000
 139.6324657340  43.3197874982  351.8312562157   0.0000000000  520.00000     0.00000     0.00000
 140.7271759825  43.6726696641  353.9344446191   0.0000000000  521.00000     0.00000     0.00000
 141.8282770881  44.0276591280  356.0458548201   0.0000000000  522.00000     0.00000     0.00000
 142.9357937441  44.3847641196  358.1655026076   0.0000000000  523.00000     0.00000     0.00000
 144.0497506914  44.7439928844  360.2934037706   0.0000000000  524.00000     0.00000     0.00000
 145.1701727178  45.1053536835  362.4295740978   0.0000000000  525.00000     0.00000     0.00000
 146.2970846586  45.4688547942  364.5740293780   0.0000000000  526.00000     0.00000     0.00000
 147.4305113964  45.8345045092  366.7267853997   0.0000000000  527.00000     0.00000     0.00000
 148.5704778611  46.2023111372  368.8878579512   0.0000000000  528.00000     0.00000     0.00000
 149.7170090297  46.5722830026  371.0572628208   0.0000000000  529.00000     0.00000     0.00000
 150.8701299267  46.9444284455  373.2350157967   0.0000000000  530.00000     0.00000     0.00000
 152.0298656240  47.3187558221  375.4211326668   0.0000000000  531.00000     0.00000     0.00000
 153.1962412405  47.6952735041  377.6156292191   0.0000000000  532.00000     0.00000     0.00000
 154.3692819426  48.0739898790  379.8185212414   0.0000000000  533.00000     0.00000     0.00000
 155.5490129440  48.4549133503  382.0298245212   0.0000000000  534.00000     0.00000     0.00000
 156.7354595056  48.8380523371  384.2495548462   0.0000000000  535.00000     0.00000     0.00000
 157.9286469358  49.2234152743  386.4777280038   0.0000000000  536.00000     0.00000     0.00000
 159.1286005900  49.6110106126  388.7143597814   0.0000000000  537.00000     0.00000     0.00000
 160.3353458711  50.0008468187  390.9594659662   0.0000000000  538.00000     0.00000     0.00000
 161.5489082294  50.3929323746  393.2130623452   0.0000000000  539.00000     0.00000     0.00000
 162.7693131623  50.7872757787  395.4751647056   0.0000000000  540.00000     0.00000     0.00000
 163.9965862147  51.1838855446  397.7457888342   0.0000000000  541.00000     0.00000     0.00000
 165.2307529785  51.5827702022  400.0249505180   0.0000000000  542.00000     0.00000     0.00000
 166.4718390934  51.9839382968  402.3126655436   0.0000000000  543.00000     0.00000     0.00000
 167.7198702458  52.3873983897  404.6089496976   0.0000000000  544.00000     0.00000     0.00000
 168.9748721700  52.7931590578  406.9138187667   0.0000000000  545.00000     0.00000     0.00000
 170.2368706472  53.2012288941  409.2272885372   0.0000000000  546.00000     0.00000     0.00000
 171.5058915061  53.6116165071  411.5493747956   0.0000000000  547.00000     0.00000     0.00000
 172.7819606227  54.0243305211  413.8800933282   0.0000000000  548.00000     0.00000     0.00000
 174.0651039203  54.4393795764  416.2194599211   0.0000000000  549.00000     0.00000     0.00000
 175.3553473694  54.8567723289  418.5674903605   0.0000000000  550.00000     0.00000     0.00000
 176.6527169879  55.2765174503  420.9242004324   0.0000000000  551.00000     0.00000     0.00000
 177.9572388411  55.6986236282  423.2896059227   0.0000000000  552.00000     0.00000     0.00000
 179.2689390415  56.1230995659  425.6637226174   0.0000000000  553.00000     0.00000     0.00000
 180.5878437490  56.5499539825  428.0465663023   0.0000000000  554.00000     0.00000     0.00000
 181.9139791707  56.9791956128  430.4381527631   0.0000000000  555.00000     0.00000     0.00000
 183.2473715612  57.4108332075  432.8384977854   0.0000000000  556.00000     0.00000     0.00000
 184.5880472221  57.8448755331  435.2476171549   0.0000000000  557.00000     0.00000     0.00000
 185.9360325027  58.2813313719  437.6655266570   0.0000000000  558.00000     0.00000     0.00000
 187.2913537994  58.7202095218  440.0922420772   0.0000000000  559.00000     0.00000     0.00000
 188.6540375559  59.1615187966  442.5277792009   0.0000000000  560.00000     0.00000     0.00000
 190.0241102633  59.6052680260  444.9721538134   0.0000000000  561.00000     0.00000     0.00000
 191.4015984601  60.0514660553  447.4253816999   0.0000000000  562.00000     0.00000     0.00000
 192.7865287318  60.5001217457  449.8874786457   0.0000000000  563.00000     0.00000     0.00000
 194.1789277116  60.9512439742  452.3584604358   0.0000000000  564.00000     0.00000     0.00000
 195.5788220798  61.4048416335  454.8383428553   0.0000000000  565.00000     0.00000     0.00000
 196.9862385641  61.8609236321  457.3271416893   0.0000000000  566.00000     0.00000     0.00000
 198.4012039394  62.3194988943  459.8248727226   0.0000000000  567.00000     0.00000     0.00000
 199.8237450282  62.7805763602  462.3315517401   0.0000000000  568.00000     0.00000     0.00000
 201.2538887000  63.2441649857  464.8471945267   0.0000000000  569.00000     0.00000     0.00000
 202.6916618718  63.7102737424  467.3718168671   0.0000000000  570.00000     0.00000     0.00000
 204.1370915079  64.1789116179  469.9054345460   0.0000000000  571.00000     0.00000     0.00000
 205.5902046199  64.6500876152  472.4480633482   0.0000000000  572.00000     0.00000     0.00000
 207.0510282668  65.1238107535  474.9997190582   0.0000000000  573.00000     0.00000     0.00000
 208.5195895548  65.6000900676  477.5604174605   0.0000000000  574.00000     0.00000     0.00000
 209.9959156374  66.0789346079  480.1301743398   0.0000000000  575.00000     0.00000     0.00000
 211.4800337157  66.5603534410  482.7090054803   0.0000000000  576.00000     0.00000     0.00000
 212.9719710378  67.0443556489  485.2969266667   0.0000000000  577.00000     0.00000     0.00000
 214.4717548992  67.5309503296  487.8939536831   0.0000000000  578.00000     0.00000     0.00000
 215.9794126430  68.0201465968  490.5001023140   0.0000000000  579.00000     0.00000     0.00000
 217.4949716592  68.5119535800  493.1153883436   0.0000000000  580.00000     0.00000     0.00000
 219.0184593855  69.0063804246  495.7398275561   0.0000000000  581.00000     0.00000     0.00000
 220.5499033067  69.5034362915  498.3734357357   0.0000000000  582.00000     0.00000     0.00000
 222.0893309550  70.0031303576  501.0162286665   0.0000000000  583.00000     0.00000     0.00000
 223.6367699098  70.5054718156  503.6682221327   0.0000000000  584.00000     0.00000     0.00000
 225.1922477982  71.0104698740  506.3294319182   0.0000000000  585.00000     0.00000     0.00000
 226.7557922941  71.5181337568  508.9998738072   0.0000000000  586.00000     0.00000     0.00000
 228.3274311193  72.0284727042  511.6795635835   0.0000000000  587.00000     0.00000     0.00000
 229.9071920424  72.5414959719  514.3685170311   0.0000000000  588.00000     0.00000     0.00000
 231.4951028796  73.0572128314  517.0667499338   0.0000000000  589.00000     0.00000     0.00000
 233.0911914944  73.5756325702  519.7742780757   0.0000000000  590.00000     0.00000     0.00000
 234.6954857978  74.0967644913  522.4911172403   0.0000000000  591.00000     0.00000     0.00000
 236.3080137477  74.6206179136  525.2172832116   0.0000000000  592.00000     0.00000     0.00000
 237.9288033497  75.1472021719  527.9527917733   0.0000000000  593.00000     0.00000     0.00000
 239.5578826566  75.6765266166  530.6976587091   0.0000000000  594.00000     0.00000     0.00000
 241.1952797686  76.2086006140  533.4518998027   0.0000000000  595.00000     0.00000     0.00000
 242.8410228330  76.7434335462  536.2155308376   0.0000000000  596.00000     0.00000     0.00000
 244.4951400448  77.2810348109  538.9885675976   0.0000000000  597.00000     0.00000     0.00000
 246.1576596461  77.8214138219  541.7710258661   0.0000000000  598.00000     0.00000     0.00000
 247.8286099262  78.3645800084  544.5629214268   0.0000000000  599.00000     0.00000     0.00000
 249.5080192221  78.9105428158  547.3642700631   0.0000000000  600.00000     0.00000     0.00000
 251.1959159178  79.4593117049  550.1750875585   0.0000000000  601.00000     0.00000     0.00000
 252.8923284449  80.0108961524  552.9953896965   0.0000000000  602.00000     0.00000     0.00000
 254.5972852820  80.5653056511  555.8251922605   0.0000000000  603.00000     0.00000     0.00000
 256.3108149554  81.1225497090  558.6645110338   0.0000000000  604.00000     0.00000     0.00000
 258.0329460385  81.6826378505  561.5133617999   0.0000000000  605.00000     0.00000     0.00000
 259.7637071520  82.2455796152  564.3717603420   0.0000000000  606.00000     0.00000     0.00000
 261.5031269642  82.8113845590  567.2397224435   0.0000000000  607.00000     0.00000     0.00000
 263.2512341905  83.3800622532  570.1172638877   0.0000000000  608.00000     0.00000     0.00000
 265.0080575936  83.9516222851  573.0044004577   0.0000000000  609.00000     0.00000     0.00000
 266.7736259837  84.5260742578  575.9011479368   0.0000000000  610.00000     0.00000     0.00000
 268.5479682183  85.1034277899  578.8075221083   0.0000000000  611.00000     0.00000     0.00000
 270.3311132021  85.6836925161  581.7235387552   0.0000000000  612.00000     0.00000     0.00000
 272.1230898872  86.2668780868  584.6492136608   0.0000000000  613.00000     0.00000     0.00000
 273.9239272733  86.8529941681  587.5845626082   0.0000000000  614.00000     0.00000     0.00000
 275.7336544069  87.4420504420  590.5296013804   0.0000000000  615.00000     0.00000     0.00000
 277.5523003824  88.0340566061  593.4843457605   0.0000000000  616.00000     0.00000     0.00000
 279.3798943410  88.6290223740  596.4488115316   0.0000000000  617.00000     0.00000     0.00000
 281.2164654717  89.2269574749  599.4230144767   0.0000000000  618.00000     0.00000     0.00000
 283.0620430106  89.8278716539  602.4069703789   0.0000000000  619.00000     0.00000     0.00000
 284.9166562411  90.4317746719  605.4006950210   0.0000000000  620.00000     0.00000     0.00000
 286.7803344941  91.0386763055  608.4042041862   0.0000000000  621.00000     0.00000     0.00000
 288.6531071477  91.6485863470  611.4175136572   0.0000000000  622.00000     0.00000     0.00000
 290.5350036274  92.2615146048  614.4406392170   0.0000000000  623.00000     0.00000     0.00000
 292.4260534060  92.8774709028  617.4735966486   0.0000000000  624.00000     0.00000     0.00000
 294.3262860036  93.4964650807  620.5164017348   0.0000000000  625.00000     0.00000     0.00000
 296.2357309878  94.1185069941  623.5690702585   0.0000000000  626.00000     0.00000     0.00000
 298.1544179733  94.7436065143  626.6316180025   0.0000000000  627.00000     0.00000     0.00000
 300.0823766223  95.3717735284  629.7040607496   0.0000000000  628.00000     0.00000     0.00000
 302.0196366444  96.0030179393  632.7864142826   0.0000000000  629.00000     0.00000     0.00000
 303.9662277964  96.6373496658  635.8786943844   0.0000000000  630.00000     0.00000     0.00000
 305.9221798823  97.2747786422  638.9809168376   0.0000000000  631.00000     0.00000     0.00000
 307.8875227538  97.9153148189  642.0930974251   0.0000000000  632.00000     0.00000     0.00000
 309.8622863097  98.5589681617  645.2152519296   0.0000000000  633.00000     0.00000     0.00000
 311.8465004962  99.2057486526  648.3473961337   0.0000000000  634.00000     0.00000     0.00000
 313.8401953067  99.8556662892  651.4895458203   0.0000000000  635.00000     0.00000     0.00000
 315.8434007822 100.5087310847  654.6417167719   0.0000000000  636.00000     0.00000     0.00000
 317.8561470109 101.1649530684  657.8039247712   0.0000000000  637.00000     0.00000     0.00000
 319.8784641282 101.8243422852  660.9761856008   0.0000000000  638.00000     0.00000     0.00000
 321.9103823170 102.4869087958  664.1585150435   0.0000000000  639.00000     0.00000     0.00000
 323.9519318077 103.1526626767  667.3509288818   0.0000000000  640.00000     0.00000     0.00000
 326.0031428776 103.8216140203  670.5534428984   0.0000000000  641.00000     0.00000     0.00000
 328.0640458517 104.4937729345  673.7660728757   0.0000000000  642.00000     0.00000     0.00000
 330.1346711022 105.1691495433  676.9888345964   0.0000000000  643.00000     0.00000     0.00000
 332.2150490487 105.8477539862  680.2217438431   0.0000000000  644.00000     0.00000     0.00000
 334.3052101581 106.5295964187  683.4648163982   0.0000000000  645.00000     0.00000     0.00000
 336.4051849446 107.2146870120  686.7180680444   0.0000000000  646.00000     0.00000     0.00000
 338.5150039698 107.9030359531  689.9815145640   0.0000000000  647.00000     0.00000     0.00000
 340.6346978426 108.5946534447  693.2551717397   0.0000000000  648.00000     0.00000     0.00000
 342.7642972193 109.2895497054  696.5390553540   0.0000000000  649.00000     0.00000     0.00000
 344.9038328035 109.9877349695  699.8331811892   0.0000000000  650.00000     0.00000     0.00000
 347.0533353460 110.6892194871  703.1375650278   0.0000000000  651.00000     0.00000     0.00000
 349.2128356452 111.3940135241  706.4522226524   0.0000000000  652.00000     0.00000     0.00000
 351.3823645467 112.1021273623  709.7771698453   0.0000000000  653.00000     0.00000     0.00000
 353.5619529435 112.8135712990  713.1124223890   0.0000000000  654.00000     0.00000     0.00000
 355.7516317757 113.5283556474  716.4579960659   0.0000000000  655.00000     0.00000     0.00000
 357.9514320311 114.2464907367  719.8139066583   0.0000000000  656.00000     0.00000     0.00000
 360.1613847447 114.9679869116  723.1801699487   0.0000000000  657.00000     0.00000     0.00000
 362.3815209986 115.6928545328  726.5568017195   0.0000000000  658.00000     0.00000     0.00000
 364.6118719227 116.4211039765  729.9438177530   0.0000000000  659.00000     0.00000     0.00000
 366.8524686938 117.1527456350  733.3412338315   0.0000000000  660.00000     0.00000     0.00000
 369.1033425364 117.8877899161  736.7490657375   0.0000000000  661.00000     0.00000     0.00000
 371.3645247220 118.6262472437  740.1673292533   0.0000000000  662.00000     0.00000     0.00000
 373.6360465697 119.3681280571  743.5960401611   0.0000000000  663.00000     0.00000     0.00000
 375.9179394458 120.1134428117  747.0352142433   0.0000000000  664.00000     0.00000     0.00000
 378.2102347641 120.8622019786  750.4848672822   0.0000000000  665.00000     0.00000     0.00000
 380.5129639855 121.6144160445  753.9450150601   0.0000000000  666.00000     0.00000     0.00000
 382.8261586184 122.3700955122  757.4156733592   0.0000000000  667.00000     0.00000     0.00000
 385.1498502186 123.1292509000  760.8968579620   0.0000000000  668.00000     0.00000     0.00000
 387.4840703890 123.8918927421  764.3885846505   0.0000000000  669.00000     0.00000     0.00000
 389.8288507802 124.6580315886  767.8908692071   0.0000000000  670.00000     0.00000     0.00000
 392.1842230897 125.4276780051  771.4037274140   0.0000000000  671.00000     0.00000     0.00000
 394.5502190627 126.2008425732  774.9271750535   0.0000000000  672.00000     0.00000     0.00000
 396.9268704916 126.9775358903  778.4612279077   0.0000000000  673.00000     0.00000     0.00000
 399.3142092162 127.7577685694  782.0059017589   0.0000000000  674.00000     0.00000     0.00000
 401.7122671234 128.5415512394  785.5612123894   0.0000000000  675.00000     0.00000     0.00000
 404.1210761479 129.3288945450  789.1271755812   0.0000000000  676.00000     0.00000     0.00000
 406.5406682713 130.1198091467  792.7038071167   0.0000000000  677.00000     0.00000     0.00000
 408.9710755229 130.9143057206  796.2911227780   0.0000000000  678.00000     0.00000     0.00000
 411.4123299789 131.7123949589  799.8891383472   0.0000000000  679.00000     0.00000     0.00000
 413.8644637633 132.5140875692  803.4978696066   0.0000000000  680.00000     0.00000     0.00000
 416.3275090471 133.3193942752  807.1173323382   0.0000000000  681.00000     0.00000     0.00000
 418.8014980489 134.1283258163  810.7475423244   0.0000000000  682.00000     0.00000     0.00000
 421.2864630345 134.9408929476  814.3885153471   0.0000000000  683.00000     0.00000     0.00000
 423.7824363170 135.7571064399  818.0402671886   0.0000000000  684.00000     0.00000     0.00000
 426.2894502570 136.5769770801  821.7028136309   0.0000000000  685.00000     0.00000     0.00000
 428.8075372623 137.4005156707  825.3761704562   0.0000000000  686.00000     0.00000     0.00000
 431.3367297881 138.2277330298  829.0603534467   0.0000000000  687.00000     0.00000     0.00000
 433.8770603369 139.0586399915  832.7553783844   0.0000000000  688.00000     0.00000     0.00000
 436.4285614586 139.8932474058  836.4612610514   0.0000000000  689.00000     0.00000     0.00000
 438.9912657504 140.7315661381  840.1780172298   0.0000000000  690.00000     0.00000     0.00000
 441.5652058569 141.5736070700  843.9056627018   0.0000000000  691.00000     0.00000     0.00000
 444.1504144700 142.4193810986  847.6442132493   0.0000000000  692.00000     0.00000     0.00000
 446.7469243288 143.2688991368  851.3936846545   0.0000000000  693.00000     0.00000     0.00000
 449.3547682200 144.1221721134  855.1540926995   0.0000000000  694.00000     0.00000     0.00000
 451.9739789776 144.9792109730  858.9254531663   0.0000000000  695.00000     0.00000     0.00000
 454.6045894827 145.8400266758  862.7077818370   0.0000000000  696.00000     0.00000     0.00000
 457.2466326640 146.7046301980  866.5010944936   0.0000000000  697.00000     0.00000     0.00000
 459.9001414975 147.5730325314  870.3054069181   0.0000000000  698.00000     0.00000     0.00000
 462.5651490063 148.4452446837  874.1207348927   0.0000000000  699.00000     0.00000     0.00000
 465.2416882612 149.3212776783  877.9470941993   0.0000000000  700.00000     0.00000     0.00000
 467.9297923802 150.2011425545  881.7845006200   0.0000000000  701.00000     0.00000     0.00000
 470.6294945285 151.0848503672  885.6329699368   0.0000000000  702.00000     0.00000     0.00000
 473.3408279188 151.9724121872  889.4925179317   0.0000000000  703.00000     0.00000     0.00000
 476.0638258111 152.8638391012  893.3631603868   0.0000000000  704.00000     0.00000     0.00000
 478.7985215128 153.7591422114  897.2449130840   0.0000000000  705.00000     0.00000     0.00000
 481.5449483785 154.6583326360  901.1377918053   0.0000000000  706.00000     0.00000     0.00000
 484.3031398103 155.5614215090  905.0418123328   0.0000000000  707.00000     0.00000     0.00000
 487.0731292575 156.4684199799  908.9569904483   0.0000000000  708.00000     0.00000     0.00000
 489.8549502169 157.3793392143  912.8833419340   0.0000000000  709.00000     0.00000     0.00000
 492.6486362325 158.2941903935  916.8208825719   0.0000000000  710.00000     0.00000     0.00000
 495.4542208958 159.2129847144  920.7696281437   0.0000000000  711.00000     0.00000     0.00000
 498.2717378453 160.1357333900  924.7295944317   0.0000000000  712.00000     0.00000     0.00000
 501.1012207674 161.0624476488  928.7007972176   0.0000000000  713.00000     0.00000     0.00000
 503.9427033952 161.9931387352  932.6832522835   0.0000000000  714.00000     0.00000     0.00000
 506.7962195098 162.9278179094  936.6769754114   0.0000000000  715.00000     0.00000     0.00000
 509.6618029390 163.8664964473  940.6819823831   0.0000000000  716.00000     0.00000     0.00000
 512.5394875585 164.8091856407  944.6982889807   0.0000000000  717.00000     0.00000     0.00000
 515.4293072909 165.7558967971  948.7259109861   0.0000000000  718.00000     0.00000     0.00000
 518.3312961065 166.7066412397  952.7648641812   0.0000000000  719.00000     0.00000     0.00000
 521.2454880228 167.6614303077  956.8151643479   0.0000000000  720.00000     0.00000     0.00000
 524.1719171044 168.6202753560  960.8768272683   0.0000000000  721.00000     0.00000     0.00000
 527.1106174637 169.5831877551  964.9498687242   0.0000000000  722.00000     0.00000     0.00000
 530.0616232601 170.5501788916  969.0343044975   0.0000000000  723.00000     0.00000     0.00000
 533.0249687005 171.5212601675  973.1301503702   0.0000000000  724.00000     0.00000     0.00000
 536.0006880391 172.4964430009  977.2374221241   0.0000000000  725.00000     0.00000     0.00000
 538.9888155774 173.4757388256  981.3561355413   0.0000000000  726.00000     0.00000     0.00000
 541.9893856643 174.4591590912  985.4863064036   0.0000000000  727.00000     0.00000     0.00000
 545.0024326960 175.4467152628  989.6279504929   0.0000000000  728.00000     0.00000     0.00000
 548.0279911161 176.4384188218  993.7810835911   0.0000000000  729.00000     0.00000     0.00000
 551.0660954155 177.4342812650  997.9457214801   0.0000000000  730.00000     0.00000     0.00000
 554.1167801325 178.4343141050 1002.1218799418   0.0000000000  731.00000     0.00000     0.00000
 557.1800798526 179.4385288703 1006.3095747581   0.0000000000  732.00000     0.00000     0.00000
 560.2560292089 180.4469371052 1010.5088217109   0.0000000000  733.00000     0.00000     0.00000
 563.3446628815 181.4595503697 1014.7196365820   0.0000000000  734.00000     0.00000     0.00000
 566.4460155982 182.4763802396 1018.9420351534   0.0000000000  735.00000     0.00000     0.00000
 569.5601221338 183.4974383065 1023.1760332069   0.0000000000  736.00000     0.00000     0.00000
 572.6870173107 184.5227361778 1027.4216465244   0.0000000000  737.00000     0.00000     0.00000
 575.8267359986 185.5522854766 1031.6788908878   0.0000000000  738.00000     0.00000     0.00000
 578.9793131145 186.5860978418 1035.9477820789   0.0000000000  739.00000     0.00000     0.00000
 582.1447836226 187.6241849282 1040.2283358796   0.0000000000  740.00000     0.00000     0.00000
 585.3231825348 188.6665584064 1044.5205680717   0.0000000000  741.00000     0.00000     0.00000
 588.5145449100 189.7132299624 1048.8244944372   0.0000000000  742.00000     0.00000     0.00000
 591.7189058545 190.7642112986 1053.1401307579   0.0000000000  743.00000     0.00000     0.00000
 594.9363005222 191.8195141325 1057.4674928155   0.0000000000  744.00000     0.00000     0.00000
 598.1667641141 192.8791501980 1061.8065963921   0.0000000000  745.00000     0.00000     0.00000
 601.4103318785 193.9431312444 1066.1574572693   0.0000000000  746.00000     0.00000     0.00000
 604.6670391113 195.0114690369 1070.5200912292   0.0000000000  747.00000     0.00000     0.00000
 607.9369211554 196.0841753565 1074.8945140534   0.0000000000  748.00000     0.00000     0.00000
 611.2200134015 197.1612619999 1079.2807415239   0.0000000000  749.00000     0.00000     0.00000
 614.5163512871 198.2427407797 1083.6787894224   0.0000000000  750.00000     0.00000     0.00000
 617.8259702975 199.3286235242 1088.0886735309   0.0000000000  751.00000     0.00000     0.00000
 621.1489059651 200.4189220774 1092.5104096310   0.0000000000  752.00000     0.00000     0.00000
 624.4851938698 201.5136482994 1096.9440135048   0.0000000000  753.00000     0.00000     0.00000
 627.8348696386 202.6128140656 1101.3895009340   0.0000000000  754.00000     0.00000     0.00000
 631.1979689461 203.7164312677 1105.8468877003   0.0000000000  755.00000     0.00000     0.00000
 634.5745275141 204.8245118127 1110.3161895857   0.0000000000  756.00000     0.00000     0.00000
 637.9645811118 205.9370676238 1114.7974223720   0.0000000000  757.00000     0.00000     0.00000
 641.3681655557 207.0541106397 1119.2906018409   0.0000000000  758.00000     0.00000     0.00000
 644.7853167097 208.1756528150 1123.7957437743   0.0000000000  759.00000     0.00000     0.00000
 648.2160704850 209.3017061200 1128.3128639540   0.0000000000  760.00000     0.00000     0.00000
 651.6604628402 210.4322825409 1132.8419781618   0.0000000000  761.00000     0.00000     0.00000
 655.1185297812 211.5673940796 1137.3831021795   0.0000000000  762.00000     0.00000     0.00000
 658.5903073611 212.7070527538 1141.9362517889   0.0000000000  763.00000     0.00000     0.00000
 662.0758316807 213.8512705970 1146.5014427718   0.0000000000  764.00000     0.00000     0.00000
 665.5751388878 215.0000596584 1151.0786909100   0.0000000000  765.00000     0.00000     0.00000
 669.0882651777 216.1534320031 1155.6680119853   0.0000000000  766.00000     0.00000     0.00000
 672.6152467930 217.3113997119 1160.2694217795   0.0000000000  767.00000     0.00000     0.00000
 676.1561200237 218.4739748815 1164.8829360745   0.0000000000  768.00000     0.00000     0.00000
 679.7109212071 219.6411696242 1169.5085706519   0.0000000000  769.00000     0.00000     0.00000
 683.2796867279 220.8129960681 1174.1463412935   0.0000000000  770.00000     0.00000     0.00000
 686.8624530180 221.9894663574 1178.7962637813   0.0000000000  771.00000     0.00000     0.00000
 690.4592565568 223.1705926516 1183.4583538968   0.0000000000  772.00000     0.00000     0.00000
 694.0701338710 224.3563871263 1188.1326274221   0.0000000000  773.00000     0.00000     0.00000
 697.6951215345 225.5468619728 1192.8191001387   0.0000000000  774.00000     0.00000     0.00000
 701.3342561688 226.7420293982 1197.5177878285   0.0000000000  775.00000     0.00000     0.00000
 704.9875744427 227.9419016254 1202.2287062733   0.0000000000  776.00000     0.00000     0.00000
 708.6551130720 229.1464908930 1206.9518712548   0.0000000000  777.00000     0.00000     0.00000
 712.3369088203 230.3558094553 1211.6872985548   0.0000000000  778.00000     0.00000     0.00000
 716.0329984983 231.5698695828 1216.4350039551   0.0000000000  779.00000     0.00000     0.00000
 719.7434189640 232.7886835612 1221.1950032375   0.0000000000  780.00000     0.00000     0.00000
 723.4682071230 234.0122636925 1225.9673121837   0.0000000000  781.00000     0.00000     0.00000
 727.2073999280 235.2406222941 1230.7519465755   0.0000000000  782.00000     0.00000     0.00000
 730.9610343790 236.4737716994 1235.5489221946   0.0000000000  783.00000     0.00000     0.00000
 734.7291475237 237.7117242575 1240.3582548229   0.0000000000  784.00000     0.00000     0.00000
 738.5117764568 238.9544923333 1245.1799602421   0.0000000000  785.00000     0.00000     0.00000
 742.3089583204 240.2020883075 1250.0140542339   0.0000000000  786.00000     0.00000     0.00000
 746.1207303040 241.4545245765 1254.8605525801   0.0000000000  787.00000     0.00000     0.00000
 749.9471296445 242.7118135527 1259.7194710624   0.0000000000  788.00000     0.00000     0.00000
 753.7881936261 243.9739676639 1264.5908254627   0.0000000000  789.00000     0.00000     0.00000
 757.6439595803 245.2409993542 1269.4746315627   0.0000000000  790.00000     0.00000     0.00000
 761.5144648860 246.5129210829 1274.3709051440   0.0000000000  791.00000     0.00000     0.00000
 765.3997469694 247.7897453255 1279.2796619886   0.0000000000  792.00000     0.00000     0.00000
 769.2998433041 249.0714845732 1284.2009178780   0.0000000000  793.00000     0.00000     0.00000
 773.2147914109 250.3581513329 1289.1346885942   0.0000000000  794.00000     0.00000     0.00000
 777.1446288581 251.6497581273 1294.0809899187   0.0000000000  795.00000     0.00000     0.00000
 781.0893932614 252.9463174949 1299.0398376334   0.0000000000  796.00000     0.00000     0.00000
 785.0491222836 254.2478419899 1304.0112475201   0.0000000000  797.00000     0.00000     0.00000
 789.0238536350 255.5543441826 1308.9952353603   0.0000000000  798.00000     0.00000     0.00000
 793.0136250733 256.8658366586 1313.9918169360   0.0000000000  799.00000     0.00000     0.00000
