  1.00000000000000002E-003
  2.00000000000000004E-003         501
   0.1801009203   0.0000000000   0.0000000000
   0.1800555250   0.0000000000   0.0000000000
   0.1800100496   0.0000000000   0.0000000000
   0.1799644938   0.0000000000   0.0000000000
   0.1799188573   0.0000000000   0.0000000000
   0.1798731397   0.0000000000   0.0000000000
   0.1798273407   0.0000000000   0.0000000000
   0.1797814600   0.0000000000   0.0000000000
   0.1797354974   0.0000000000   0.0000000000
   0.1796894524   0.0000000000   0.0000000000
   0.1796433248   0.0000000000   0.0000000000
   0.1795971142   0.0000000000   0.0000000000
   0.1795508204   0.0000000000   0.0000000000
   0.1795044429   0.0000000000   0.0000000000
   0.1794579815   0.0000000000   0.0000000000
   0.1794114359   0.0000000000   0.0000000000
   0.1793648056   0.0000000000   0.0000000000
   0.1793180904   0.0000000000   0.0000000000
   0.1792712899   0.0000000000   0.0000000000
   0.1792244038   0.0000000000   0.0000000000
   0.1791774317   0.0000000000   0.0000000000
   0.1791303734   0.0000000000   0.0000000000
   0.1790832284   0.0000000000   0.0000000000
   0.1790359964   0.0000000000   0.0000000000
   0.1789886771   0.0000000000   0.0000000000
   0.1789412701   0.0000000000   0.0000000000
   0.1788937750   0.0000000000   0.0000000000
   0.1788461916   0.0000000000   0.0000000000
   0.1787985194   0.0000000000   0.0000000000
   0.1787507581   0.0000000000   0.0000000000
   0.1787029073   0.0000000000   0.0000000000
   0.1786549666   0.0000000000   0.0000000000
   0.1786069358   0.0000000000   0.0000000000
   0.1785588143   0.0000000000   0.0000000000
   0.1785106020   0.0000000000   0.0000000000
   0.1784622983   0.0000000000   0.0000000000
   0.1784139029   0.0000000000   0.0000000000
   0.1783654154   0.0000000000   0.0000000000
   0.1783168354   0.0000000000   0.0000000000
   0.1782681626   0.0000000000   0.0000000000
   0.1782193966   0.0000000000   0.0000000000
   0.1781705370   0.0000000000   0.0000000000
   0.1781215833   0.0000000000   0.0000000000
   0.1780725353   0.0000000000   0.0000000000
   0.1780233925   0.0000000000   0.0000000000
   0.1779741544   0.0000000000   0.0000000000
   0.1779248208   0.0000000000   0.0000000000
   0.1778753912   0.0000000000   0.0000000000
   0.1778258651   0.0000000000   0.0000000000
   0.1777762423   0.0000000000   0.0000000000
   0.1777265222   0.0000000000   0.0000000000
   0.1776767045   0.0000000000   0.0000000000
   0.1776267887   0.0000000000   0.0000000000
   0.1775767744   0.0000000000   0.0000000000
   0.1775266613   0.0000000000   0.0000000000
   0.1774764488   0.0000000000   0.0000000000
   0.1774261366   0.0000000000   0.0000000000
   0.1773757242   0.0000000000   0.0000000000
   0.1773252112   0.0000000000   0.0000000000
   0.1772745971   0.0000000000   0.0000000000
   0.1772238815   0.0000000000   0.0000000000
   0.1771730640   0.0000000000   0.0000000000
   0.1771221441   0.0000000000   0.0000000000
   0.1770711214   0.0000000000   0.0000000000
   0.1770199954   0.0000000000   0.0000000000
   0.1769687657   0.0000000000   0.0000000000
   0.1769174318   0.0000000000   0.0000000000
   0.1768659933   0.0000000000   0.0000000000
   0.1768144496   0.0000000000   0.0000000000
   0.1767628003   0.0000000000   0.0000000000
   0.1767110450   0.0000000000   0.0000000000
   0.1766591832   0.0000000000   0.0000000000
   0.1766072144   0.0000000000   0.0000000000
   0.1765551381   0.0000000000   0.0000000000
   0.1765029538   0.0000000000   0.0000000000
   0.1764506611   0.0000000000   0.0000000000
   0.1763982595   0.0000000000   0.0000000000
   0.1763457484   0.0000000000   0.0000000000
   0.1762931274   0.0000000000   0.0000000000
   0.1762403960   0.0000000000   0.0000000000
   0.1761875536   0.0000000000   0.0000000000
   0.1761345999   0.0000000000   0.0000000000
   0.1760815341   0.0000000000   0.0000000000
   0.1760283559   0.0000000000   0.0000000000
   0.1759750648   0.0000000000   0.0000000000
   0.1759216601   0.0000000000   0.0000000000
   0.1758681414   0.0000000000   0.0000000000
   0.1758145082   0.0000000000   0.0000000000
   0.1757607598   0.0000000000   0.0000000000
   0.1757068959   0.0000000000   0.0000000000
   0.1756529158   0.0000000000   0.0000000000
   0.1755988190   0.0000000000   0.0000000000
   0.1755446049   0.0000000000   0.0000000000
   0.1754902730   0.0000000000   0.0000000000
   0.1754358228   0.0000000000   0.0000000000
   0.1753812537   0.0000000000   0.0000000000
   0.1753265650   0.0000000000   0.0000000000
   0.1752717564   0.0000000000   0.0000000000
   0.1752168271   0.0000000000   0.0000000000
   0.1751617766   0.0000000000   0.0000000000
   0.1751066043   0.0000000000   0.0000000000
   0.1750513097   0.0000000000   0.0000000000
   0.1749958921   0.0000000000   0.0000000000
   0.1749403510   0.0000000000   0.0000000000
   0.1748846857   0.0000000000   0.0000000000
   0.1748288957   0.0000000000   0.0000000000
   0.1747729803   0.0000000000   0.0000000000
   0.1747169390   0.0000000000   0.0000000000
   0.1746607711   0.0000000000   0.0000000000
   0.1746044760   0.0000000000   0.0000000000
   0.1745480530   0.0000000000   0.0000000000
   0.1744915017   0.0000000000   0.0000000000
   0.1744348212   0.0000000000   0.0000000000
   0.1743780110   0.0000000000   0.0000000000
   0.1743210704   0.0000000000   0.0000000000
   0.1742639989   0.0000000000   0.0000000000
   0.1742067956   0.0000000000   0.0000000000
   0.1741494600   0.0000000000   0.0000000000
   0.1740919914   0.0000000000   0.0000000000
   0.1740343892   0.0000000000   0.0000000000
   0.1739766526   0.0000000000   0.0000000000
   0.1739187810   0.0000000000   0.0000000000
   0.1738607737   0.0000000000   0.0000000000
   0.1738026300   0.0000000000   0.0000000000
   0.1737443493   0.0000000000   0.0000000000
   0.1736859307   0.0000000000   0.0000000000
   0.1736273736   0.0000000000   0.0000000000
   0.1735686774   0.0000000000   0.0000000000
   0.1735098412   0.0000000000   0.0000000000
   0.1734508643   0.0000000000   0.0000000000
   0.1733917461   0.0000000000   0.0000000000
   0.1733324858   0.0000000000   0.0000000000
   0.1732730826   0.0000000000   0.0000000000
   0.1732135358   0.0000000000   0.0000000000
   0.1731538447   0.0000000000   0.0000000000
   0.1730940085   0.0000000000   0.0000000000
   0.1730340264   0.0000000000   0.0000000000
   0.1729738976   0.0000000000   0.0000000000
   0.1729136214   0.0000000000   0.0000000000
   0.1728531971   0.0000000000   0.0000000000
   0.1727926237   0.0000000000   0.0000000000
   0.1727319006   0.0000000000   0.0000000000
   0.1726710268   0.0000000000   0.0000000000
   0.1726100017   0.0000000000   0.0000000000
   0.1725488243   0.0000000000   0.0000000000
   0.1724874939   0.0000000000   0.0000000000
   0.1724260096   0.0000000000   0.0000000000
   0.1723643707   0.0000000000   0.0000000000
   0.1723025761   0.0000000000   0.0000000000
   0.1722406252   0.0000000000   0.0000000000
   0.1721785171   0.0000000000   0.0000000000
   0.1721162508   0.0000000000   0.0000000000
   0.1720538255   0.0000000000   0.0000000000
   0.1719912403   0.0000000000   0.0000000000
   0.1719284944   0.0000000000   0.0000000000
   0.1718655868   0.0000000000   0.0000000000
   0.1718025167   0.0000000000   0.0000000000
   0.1717392831   0.0000000000   0.0000000000
   0.1716758851   0.0000000000   0.0000000000
   0.1716123219   0.0000000000   0.0000000000
   0.1715485924   0.0000000000   0.0000000000
   0.1714846957   0.0000000000   0.0000000000
   0.1714206308   0.0000000000   0.0000000000
   0.1713563969   0.0000000000   0.0000000000
   0.1712919930   0.0000000000   0.0000000000
   0.1712274180   0.0000000000   0.0000000000
   0.1711626710   0.0000000000   0.0000000000
   0.1710977509   0.0000000000   0.0000000000
   0.1710326569   0.0000000000   0.0000000000
   0.1709673879   0.0000000000   0.0000000000
   0.1709019428   0.0000000000   0.0000000000
   0.1708363207   0.0000000000   0.0000000000
   0.1707705205   0.0000000000   0.0000000000
   0.1707045411   0.0000000000   0.0000000000
   0.1706383816   0.0000000000   0.0000000000
   0.1705720408   0.0000000000   0.0000000000
   0.1705055176   0.0000000000   0.0000000000
   0.1704388110   0.0000000000   0.0000000000
   0.1703719199   0.0000000000   0.0000000000
   0.1703048432   0.0000000000   0.0000000000
   0.1702375798   0.0000000000   0.0000000000
   0.1701701285   0.0000000000   0.0000000000
   0.1701024882   0.0000000000   0.0000000000
   0.1700346577   0.0000000000   0.0000000000
   0.1699666360   0.0000000000   0.0000000000
   0.1698984218   0.0000000000   0.0000000000
   0.1698300140   0.0000000000   0.0000000000
   0.1697614113   0.0000000000   0.0000000000
   0.1696926126   0.0000000000   0.0000000000
   0.1696236167   0.0000000000   0.0000000000
   0.1695544223   0.0000000000   0.0000000000
   0.1694850282   0.0000000000   0.0000000000
   0.1694154332   0.0000000000   0.0000000000
   0.1693456360   0.0000000000   0.0000000000
   0.1692756353   0.0000000000   0.0000000000
   0.1692054298   0.0000000000   0.0000000000
   0.1691350183   0.0000000000   0.0000000000
   0.1690643994   0.0000000000   0.0000000000
   0.1689935719   0.0000000000   0.0000000000
   0.1689225343   0.0000000000   0.0000000000
   0.1688512854   0.0000000000   0.0000000000
   0.1687798238   0.0000000000   0.0000000000
   0.1687081481   0.0000000000   0.0000000000
   0.1686362570   0.0000000000   0.0000000000
   0.1685641489   0.0000000000   0.0000000000
   0.1684918226   0.0000000000   0.0000000000
   0.1684192766   0.0000000000   0.0000000000
   0.1683465094   0.0000000000   0.0000000000
   0.1682735196   0.0000000000   0.0000000000
   0.1682003057   0.0000000000   0.0000000000
   0.1681268662   0.0000000000   0.0000000000
   0.1680531997   0.0000000000   0.0000000000
   0.1679793045   0.0000000000   0.0000000000
   0.1679051793   0.0000000000   0.0000000000
   0.1678308224   0.0000000000   0.0000000000
   0.1677562323   0.0000000000   0.0000000000
   0.1676814073   0.0000000000   0.0000000000
   0.1676063460   0.0000000000   0.0000000000
   0.1675310466   0.0000000000   0.0000000000
   0.1674555075   0.0000000000   0.0000000000
   0.1673797272   0.0000000000   0.0000000000
   0.1673037039   0.0000000000   0.0000000000
   0.1672274360   0.0000000000   0.0000000000
   0.1671509217   0.0000000000   0.0000000000
   0.1670741594   0.0000000000   0.0000000000
   0.1669971472   0.0000000000   0.0000000000
   0.1669198835   0.0000000000   0.0000000000
   0.1668423665   0.0000000000   0.0000000000
   0.1667645944   0.0000000000   0.0000000000
   0.1666865653   0.0000000000   0.0000000000
   0.1666082775   0.0000000000   0.0000000000
   0.1665297290   0.0000000000   0.0000000000
   0.1664509181   0.0000000000   0.0000000000
   0.1663718428   0.0000000000   0.0000000000
   0.1662925012   0.0000000000   0.0000000000
   0.1662128913   0.0000000000   0.0000000000
   0.1661330113   0.0000000000   0.0000000000
   0.1660528591   0.0000000000   0.0000000000
   0.1659724328   0.0000000000   0.0000000000
   0.1658917302   0.0000000000   0.0000000000
   0.1658107494   0.0000000000   0.0000000000
   0.1657294884   0.0000000000   0.0000000000
   0.1656479449   0.0000000000   0.0000000000
   0.1655661169   0.0000000000   0.0000000000
   0.1654840022   0.0000000000   0.0000000000
   0.1654015988   0.0000000000   0.0000000000
   0.1653189043   0.0000000000   0.0000000000
   0.1652359166   0.0000000000   0.0000000000
   0.1651526334   0.0000000000   0.0000000000
   0.1650690525   0.0000000000   0.0000000000
   0.1649851716   0.0000000000   0.0000000000
   0.1649009883   0.0000000000   0.0000000000
   0.1648165003   0.0000000000   0.0000000000
   0.1647317053   0.0000000000   0.0000000000
   0.1646466007   0.0000000000   0.0000000000
   0.1645611842   0.0000000000   0.0000000000
   0.1644754534   0.0000000000   0.0000000000
   0.1643894056   0.0000000000   0.0000000000
   0.1643030385   0.0000000000   0.0000000000
   0.1642163494   0.0000000000   0.0000000000
   0.1641293358   0.0000000000   0.0000000000
   0.1640419950   0.0000000000   0.0000000000
   0.1639543244   0.0000000000   0.0000000000
   0.1638663212   0.0000000000   0.0000000000
   0.1637779829   0.0000000000   0.0000000000
   0.1636893066   0.0000000000   0.0000000000
   0.1636002896   0.0000000000   0.0000000000
   0.1635109290   0.0000000000   0.0000000000
   0.1634212220   0.0000000000   0.0000000000
   0.1633311657   0.0000000000   0.0000000000
   0.1632407571   0.0000000000   0.0000000000
   0.1631499933   0.0000000000   0.0000000000
   0.1630588713   0.0000000000   0.0000000000
   0.1629673880   0.0000000000   0.0000000000
   0.1628755404   0.0000000000   0.0000000000
   0.1627833253   0.0000000000   0.0000000000
   0.1626907396   0.0000000000   0.0000000000
   0.1625977800   0.0000000000   0.0000000000
   0.1625044433   0.0000000000   0.0000000000
   0.1624107263   0.0000000000   0.0000000000
   0.1623166255   0.0000000000   0.0000000000
   0.1622221377   0.0000000000   0.0000000000
   0.1621272593   0.0000000000   0.0000000000
   0.1620319869   0.0000000000   0.0000000000
   0.1619363170   0.0000000000   0.0000000000
   0.1618402460   0.0000000000   0.0000000000
   0.1617437703   0.0000000000   0.0000000000
   0.1616468862   0.0000000000   0.0000000000
   0.1615495900   0.0000000000   0.0000000000
   0.1614518779   0.0000000000   0.0000000000
   0.1613537462   0.0000000000   0.0000000000
   0.1612551909   0.0000000000   0.0000000000
   0.1611562081   0.0000000000   0.0000000000
   0.1610567938   0.0000000000   0.0000000000
   0.1609569439   0.0000000000   0.0000000000
   0.1608566545   0.0000000000   0.0000000000
   0.1607559212   0.0000000000   0.0000000000
   0.1606547400   0.0000000000   0.0000000000
   0.1605531064   0.0000000000   0.0000000000
   0.1604510161   0.0000000000   0.0000000000
   0.1603484649   0.0000000000   0.0000000000
   0.1602454480   0.0000000000   0.0000000000
   0.1601419611   0.0000000000   0.0000000000
   0.1600379996   0.0000000000   0.0000000000
   0.1599335586   0.0000000000   0.0000000000
   0.1598286335   0.0000000000   0.0000000000
   0.1597232195   0.0000000000   0.0000000000
   0.1596173117   0.0000000000   0.0000000000
   0.1595109050   0.0000000000   0.0000000000
   0.1594039946   0.0000000000   0.0000000000
   0.1592965751   0.0000000000   0.0000000000
   0.1591886414   0.0000000000   0.0000000000
   0.1590801883   0.0000000000   0.0000000000
   0.1589712104   0.0000000000   0.0000000000
   0.1588617021   0.0000000000   0.0000000000
   0.1587516581   0.0000000000   0.0000000000
   0.1586410725   0.0000000000   0.0000000000
   0.1585299398   0.0000000000   0.0000000000
   0.1584182541   0.0000000000   0.0000000000
   0.1583060095   0.0000000000   0.0000000000
   0.1581931999   0.0000000000   0.0000000000
   0.1580798194   0.0000000000   0.0000000000
   0.1579658617   0.0000000000   0.0000000000
   0.1578513204   0.0000000000   0.0000000000
   0.1577361892   0.0000000000   0.0000000000
   0.1576204616   0.0000000000   0.0000000000
   0.1575041309   0.0000000000   0.0000000000
   0.1573871903   0.0000000000   0.0000000000
   0.1572696331   0.0000000000   0.0000000000
   0.1571514522   0.0000000000   0.0000000000
   0.1570326406   0.0000000000   0.0000000000
   0.1569131909   0.0000000000   0.0000000000
   0.1567930960   0.0000000000   0.0000000000
   0.1566723483   0.0000000000   0.0000000000
   0.1565509401   0.0000000000   0.0000000000
   0.1564288638   0.0000000000   0.0000000000
   0.1563061114   0.0000000000   0.0000000000
   0.1561826750   0.0000000000   0.0000000000
   0.1560585464   0.0000000000   0.0000000000
   0.1559337172   0.0000000000   0.0000000000
   0.1558081789   0.0000000000   0.0000000000
   0.1556819230   0.0000000000   0.0000000000
   0.1555549406   0.0000000000   0.0000000000
   0.1554272228   0.0000000000   0.0000000000
   0.1552987605   0.0000000000   0.0000000000
   0.1551695443   0.0000000000   0.0000000000
   0.1550395648   0.0000000000   0.0000000000
   0.1549088124   0.0000000000   0.0000000000
   0.1547772771   0.0000000000   0.0000000000
   0.1546449489   0.0000000000   0.0000000000
   0.1545118177   0.0000000000   0.0000000000
   0.1543778729   0.0000000000   0.0000000000
   0.1542431039   0.0000000000   0.0000000000
   0.1541074998   0.0000000000   0.0000000000
   0.1539710497   0.0000000000   0.0000000000
   0.1538337421   0.0000000000   0.0000000000
   0.1536955656   0.0000000000   0.0000000000
   0.1535565083   0.0000000000   0.0000000000
   0.1534165583   0.0000000000   0.0000000000
   0.1532757033   0.0000000000   0.0000000000
   0.1531339308   0.0000000000   0.0000000000
   0.1529912279   0.0000000000   0.0000000000
   0.1528475817   0.0000000000   0.0000000000
   0.1527029787   0.0000000000   0.0000000000
   0.1525574054   0.0000000000   0.0000000000
   0.1524108478   0.0000000000   0.0000000000
   0.1522632916   0.0000000000   0.0000000000
   0.1521147224   0.0000000000   0.0000000000
   0.1519651253   0.0000000000   0.0000000000
   0.1518144850   0.0000000000   0.0000000000
   0.1516627860   0.0000000000   0.0000000000
   0.1515100124   0.0000000000   0.0000000000
   0.1513561479   0.0000000000   0.0000000000
   0.1512011759   0.0000000000   0.0000000000
   0.1510450793   0.0000000000   0.0000000000
   0.1508878407   0.0000000000   0.0000000000
   0.1507294422   0.0000000000   0.0000000000
   0.1505698656   0.0000000000   0.0000000000
   0.1504090921   0.0000000000   0.0000000000
   0.1502471025   0.0000000000   0.0000000000
   0.1500838773   0.0000000000   0.0000000000
   0.1499193962   0.0000000000   0.0000000000
   0.1497536387   0.0000000000   0.0000000000
   0.1495865836   0.0000000000   0.0000000000
   0.1494182091   0.0000000000   0.0000000000
   0.1492484931   0.0000000000   0.0000000000
   0.1490774127   0.0000000000   0.0000000000
   0.1489049445   0.0000000000   0.0000000000
   0.1487310645   0.0000000000   0.0000000000
   0.1485557479   0.0000000000   0.0000000000
   0.1483789696   0.0000000000   0.0000000000
   0.1482007035   0.0000000000   0.0000000000
   0.1480209228   0.0000000000   0.0000000000
   0.1478396001   0.0000000000   0.0000000000
   0.1476567071   0.0000000000   0.0000000000
   0.1474722150   0.0000000000   0.0000000000
   0.1472860938   0.0000000000   0.0000000000
   0.1470983129   0.0000000000   0.0000000000
   0.1469088408   0.0000000000   0.0000000000
   0.1467176448   0.0000000000   0.0000000000
   0.1465246917   0.0000000000   0.0000000000
   0.1463299469   0.0000000000   0.0000000000
   0.1461333751   0.0000000000   0.0000000000
   0.1459349396   0.0000000000   0.0000000000
   0.1457346028   0.0000000000   0.0000000000
   0.1455323260   0.0000000000   0.0000000000
   0.1453280690   0.0000000000   0.0000000000
   0.1451217906   0.0000000000   0.0000000000
   0.1449134481   0.0000000000   0.0000000000
   0.1447029976   0.0000000000   0.0000000000
   0.1444903937   0.0000000000   0.0000000000
   0.1442755893   0.0000000000   0.0000000000
   0.1440585360   0.0000000000   0.0000000000
   0.1438391837   0.0000000000   0.0000000000
   0.1436174805   0.0000000000   0.0000000000
   0.1433933728   0.0000000000   0.0000000000
   0.1431668051   0.0000000000   0.0000000000
   0.1429377199   0.0000000000   0.0000000000
   0.1427060576   0.0000000000   0.0000000000
   0.1424717567   0.0000000000   0.0000000000
   0.1422347530   0.0000000000   0.0000000000
   0.1419949804   0.0000000000   0.0000000000
   0.1417523699   0.0000000000   0.0000000000
   0.1415068501   0.0000000000   0.0000000000
   0.1412583469   0.0000000000   0.0000000000
   0.1410067831   0.0000000000   0.0000000000
   0.1407520785   0.0000000000   0.0000000000
   0.1404941498   0.0000000000   0.0000000000
   0.1402329103   0.0000000000   0.0000000000
   0.1399682695   0.0000000000   0.0000000000
   0.1397001333   0.0000000000   0.0000000000
   0.1394284036   0.0000000000   0.0000000000
   0.1391529780   0.0000000000   0.0000000000
   0.1388737498   0.0000000000   0.0000000000
   0.1385906073   0.0000000000   0.0000000000
   0.1383034339   0.0000000000   0.0000000000
   0.1380121077   0.0000000000   0.0000000000
   0.1377165012   0.0000000000   0.0000000000
   0.1374164808   0.0000000000   0.0000000000
   0.1371119063   0.0000000000   0.0000000000
   0.1368026311   0.0000000000   0.0000000000
   0.1364885011   0.0000000000   0.0000000000
   0.1361693543   0.0000000000   0.0000000000
   0.1358450207   0.0000000000   0.0000000000
   0.1355153212   0.0000000000   0.0000000000
   0.1351800674   0.0000000000   0.0000000000
   0.1348390605   0.0000000000   0.0000000000
   0.1344920911   0.0000000000   0.0000000000
   0.1341389376   0.0000000000   0.0000000000
   0.1337793662   0.0000000000   0.0000000000
   0.1334131293   0.0000000000   0.0000000000
   0.1330399645   0.0000000000   0.0000000000
   0.1326595936   0.0000000000   0.0000000000
   0.1322717212   0.0000000000   0.0000000000
   0.1318760334   0.0000000000   0.0000000000
   0.1314721957   0.0000000000   0.0000000000
   0.1310598519   0.0000000000   0.0000000000
   0.1306386215   0.0000000000   0.0000000000
   0.1302080980   0.0000000000   0.0000000000
   0.1297678461   0.0000000000   0.0000000000
   0.1293173990   0.0000000000   0.0000000000
   0.1288562552   0.0000000000   0.0000000000
   0.1283838755   0.0000000000   0.0000000000
   0.1278996781   0.0000000000   0.0000000000
   0.1274030352   0.0000000000   0.0000000000
   0.1268932669   0.0000000000   0.0000000000
   0.1263696362   0.0000000000   0.0000000000
   0.1258313416   0.0000000000   0.0000000000
   0.1252775100   0.0000000000   0.0000000000
   0.1247071876   0.0000000000   0.0000000000
   0.1241193297   0.0000000000   0.0000000000
   0.1235127885   0.0000000000   0.0000000000
   0.1228862998   0.0000000000   0.0000000000
   0.1222384657   0.0000000000   0.0000000000
   0.1215677359   0.0000000000   0.0000000000
   0.1208723844   0.0000000000   0.0000000000
   0.1201504816   0.0000000000   0.0000000000
   0.1193998616   0.0000000000   0.0000000000
   0.1186180813   0.0000000000   0.0000000000
   0.1178023715   0.0000000000   0.0000000000
   0.1169495757   0.0000000000   0.0000000000
   0.1160560750   0.0000000000   0.0000000000
   0.1151176922   0.0000000000   0.0000000000
   0.1141295713   0.0000000000   0.0000000000
   0.1130860219   0.0000000000   0.0000000000
   0.1119803161   0.0000000000   0.0000000000
   0.1108044196   0.0000000000   0.0000000000
   0.1095486297   0.0000000000   0.0000000000
   0.1082010787   0.0000000000   0.0000000000
   0.1067470360   0.0000000000   0.0000000000
   0.1051679044   0.0000000000   0.0000000000
   0.1034397324   0.0000000000   0.0000000000
   0.1015309311   0.0000000000   0.0000000000
   0.0993986212   0.0000000000   0.0000000000
   0.0969824802   0.0000000000   0.0000000000
   0.0941936926   0.0000000000   0.0000000000
   0.0908933668   0.0000000000   0.0000000000
   0.0868452817   0.0000000000   0.0000000000
   0.0815936143   0.0000000000   0.0000000000
   0.0740459860   0.0000000000   0.0000000000
   0.0598489207   0.0000000000   0.0000000000
