   61.000999999999998     
  0.50000000000000000              1102
0.7526572930796905	0	0
0.752507045570013	0	0
0.7523567066049853	0	0
0.752206276055003	0	0
0.7520557537897615	0	0
0.7519051396770353	0	0
0.7517544335871275	0	0
0.7516036353876167	0	0
0.7514527449470757	0	0
0.751301762133373	0	0
0.751150686813941	0	0
0.7509995188566567	0	0
0.7508482581288429	0	0
0.7506969044956088	0	0
0.7505454578253375	0	0
0.7503939179830467	0	0
0.7502422848348265	0	0
0.7500905582463312	0	0
0.749938738082351	0	0
0.7497868242087297	0	0
0.7496348164893745	0	0
0.7494827147887384	0	0
0.7493305189706927	0	0
0.7491782288989665	0	0
0.7490258444370209	0	0
0.7488733654485552	0	0
0.7487207917959335	0	0
0.7485681233406318	0	0
0.7484153599461031	0	0
0.7482625014728278	0	0
0.7481095477838525	0	0
0.747956498739354	0	0
0.74780335420051	0	0
0.7476501140279179	0	0
0.747496778081503	0	0
0.7473433462210303	0	0
0.747189818306891	0	0
0.7470361941975879	0	0
0.7468824737517796	0	0
0.7467286568291921	0	0
0.7465747432872476	0	0
0.746420732984273	0	0
0.7462666257777505	0	0
0.7461124215251078	0	0
0.7459581200831622	0	0
0.7458037213084107	0	0
0.7456492250575528	0	0
0.745494631185872	0	0
0.7453399395493939	0	0
0.745185150003515	0	0
0.7450302624031527	0	0
0.7448752766025449	0	0
0.7447201924570855	0	0
0.7445650098190802	0	0
0.7444097285432055	0	0
0.7442543484825076	0	0
0.7440988694900074	0	0
0.7439432914172404	0	0
0.743787614118174	0	0
0.7436318374433623	0	0
0.7434759612448408	0	0
0.7433199853733609	0	0
0.7431639096805902	0	0
0.7430077340162385	0	0
0.742851458230586	0	0
0.7426950821734661	0	0
0.7425386056941551	0	0
0.7423820286417677	0	0
0.7422253508653033	0	0
0.7420685722127066	0	0
0.7419116925320833	0	0
0.7417547116711158	0	0
0.7415976294769195	0	0
0.7414404457966614	0	0
0.741283160476185	0	0
0.7411257733626657	0	0
0.7409682843006679	0	0
0.7408106931369466	0	0
0.7406529997156257	0	0
0.7404952038818353	0	0
0.7403373054796629	0	0
0.7401793043530465	0	0
0.7400212003454472	0	0
0.7398629933010569	0	0
0.7397046830613452	0	0
0.7395462694690215	0	0
0.7393877523669554	0	0
0.7392291315957505	0	0
0.7390704069978707	0	0
0.7389115784128962	0	0
0.7387526456826976	0	0
0.7385936086463504	0	0
0.7384344671444222	0	0
0.7382752210154827	0	0
0.7381158700992414	0	0
0.7379564142343741	0	0
0.7377968532581144	0	0
0.7376371870087532	0	0
0.737477415324499	0	0
0.7373175380413362	0	0
0.7371575549966369	0	0
0.7369974660257261	0	0
0.7368372709653946	0	0
0.7366769696505088	0	0
0.7365165619161095	0	0
0.7363560475971949	0	0
0.7361954265273276	0	0
0.7360346985412571	0	0
0.735873863471583	0	0
0.7357129211513012	0	0
0.7355518714138012	0	0
0.7353907140903334	0	0
0.7352294490132867	0	0
0.7350680760138102	0	0
0.734906594922378	0	0
0.7347450055704002	0	0
0.7345833077869987	0	0
0.7344215014026113	0	0
0.7342595862465283	0	0
0.7340975621467112	0	0
0.7339354289324955	0	0
0.7337731864312752	0	0
0.7336108344709683	0	0
0.733448372878778	0	0
0.733285801480639	0	0
0.733123120103975	0	0
0.7329603285736249	0	0
0.7327974267156384	0	0
0.7326344143547908	0	0
0.7324712913151972	0	0
0.7323080574210665	0	0
0.7321447124969378	0	0
0.731981256365038	0	0
0.7318176888484039	0	0
0.731654009769503	0	0
0.7314902189497217	0	0
0.7313263162112071	0	0
0.7311623013743024	0	0
0.730998174260063	0	0
0.730833934688281	0	0
0.7306695824784685	0	0
0.7305051174496361	0	0
0.7303405394211465	0	0
0.730175848210851	0	0
0.7300110436361349	0	0
0.7298461255148531	0	0
0.7296810936637312	0	0
0.7295159478996954	0	0
0.7293506880374758	0	0
0.729185313893462	0	0
0.729019825282377	0	0
0.7288542220187377	0	0
0.7286885039165886	0	0
0.7285226707899483	0	0
0.7283567224506922	0	0
0.7281906587123863	0	0
0.7280244793871131	0	0
0.7278581842864584	0	0
0.727691773221528	0	0
0.7275252460034407	0	0
0.7273586024409515	0	0
0.7271918423451478	0	0
0.7270249655250107	0	0
0.7268579717894005	0	0
0.7266908609458885	0	0
0.726523632802744	0	0
0.7263562871669437	0	0
0.7261888238458927	0	0
0.7260212426445098	0	0
0.7258535433699914	0	0
0.725685725826647	0	0
0.7255177898190749	0	0
0.7253497351528203	0	0
0.7251815616297448	0	0
0.7250132690542406	0	0
0.7248448572291284	0	0
0.7246763259561855	0	0
0.7245076750366726	0	0
0.7243389042722566	0	0
0.7241700134634236	0	0
0.724001002410137	0	0
0.7238318709121008	0	0
0.7236626187687561	0	0
0.7234932457779604	0	0
0.7233237517380973	0	0
0.7231541364459632	0	0
0.7229843996994038	0	0
0.7228145412946733	0	0
0.7226445610266985	0	0
0.7224744586919751	0	0
0.7223042340854053	0	0
0.7221338869988362	0	0
0.7219634172287203	0	0
0.7217928245671338	0	0
0.72162210880666	0	0
0.7214512697391988	0	0
0.7212803071558345	0	0
0.7211092208490688	0	0
0.7209380106075576	0	0
0.7207666762218968	0	0
0.720595217481463	0	0
0.7204236341741495	0	0
0.7202519260889926	0	0
0.7200800930127528	0	0
0.7199081347330663	0	0
0.7197360510362091	0	0
0.7195638417080148	0	0
0.7193915065330853	0	0
0.7192190452967566	0	0
0.7190464577832596	0	0
0.7188737437757179	0	0
0.7187009030573273	0	0
0.7185279354100402	0	0
0.7183548406158773	0	0
0.718181618456267	0	0
0.7180082687113901	0	0
0.7178347911610939	0	0
0.7176611855854143	0	0
0.7174874517626084	0	0
0.7173135894712483	0	0
0.7171395984883855	0	0
0.7169654785908579	0	0
0.7167912295558105	0	0
0.7166168511585996	0	0
0.7164423431746227	0	0
0.7162677053777461	0	0
0.7160929375425258	0	0
0.7159180394417214	0	0
0.7157430108487763	0	0
0.7155678515344197	0	0
0.7153925612713653	0	0
0.7152171398298689	0	0
0.7150415869798161	0	0
0.7148659024912412	0	0
0.7146900861326282	0	0
0.7145141376723441	0	0
0.7143380568777234	0	0
0.7141618435163691	0	0
0.7139854973539345	0	0
0.7138090181567268	0	0
0.7136324056887092	0	0
0.7134556597157956	0	0
0.7132787800001184	0	0
0.713101766305235	0	0
0.712924618394041	0	0
0.7127473360275973	0	0
0.7125699189673397	0	0
0.712392366973644	0	0
0.7122146798056957	0	0
0.712036857223436	0	0
0.7118588989843095	0	0
0.7116808048467718	0	0
0.7115025745671671	0	0
0.7113242079019352	0	0
0.7111457046069585	0	0
0.7109670644371698	0	0
0.7107882871465506	0	0
0.7106093724885174	0	0
0.7104303202165668	0	0
0.7102511300823283	0	0
0.7100718018375063	0	0
0.7098923352327102	0	0
0.7097127300173234	0	0
0.7095329859422203	0	0
0.7093531027547106	0	0
0.7091730802029429	0	0
0.7089929180344747	0	0
0.7088126159952354	0	0
0.7086321738314644	0	0
0.7084515912876378	0	0
0.7082708681084071	0	0
0.7080900040370426	0	0
0.7079089988167249	0	0
0.7077278521892485	0	0
0.7075465638955368	0	0
0.7073651336768011	0	0
0.7071835612728588	0	0
0.7070018464220008	0	0
0.7068199888633141	0	0
0.7066379883340952	0	0
0.7064558445711386	0	0
0.706273557310734	0	0
0.7060911262873728	0	0
0.705908551236583	0	0
0.7057258318911861	0	0
0.7055429679846461	0	0
0.7053599592490049	0	0
0.7051768054153932	0	0
0.7049935062151882	0	0
0.7048100613773048	0	0
0.7046264706314124	0	0
0.7044427337052276	0	0
0.7042588503265709	0	0
0.7040748202222044	0	0
0.7038906431173156	0	0
0.7037063187375708	0	0
0.7035218468066692	0	0
0.7033372270483961	0	0
0.7031524591852063	0	0
0.7029675429388633	0	0
0.7027824780301789	0	0
0.7025972641795233	0	0
0.70241190110618	0	0
0.7022263885280864	0	0
0.7020407261638822	0	0
0.7018549137293151	0	0
0.7016689509404438	0	0
0.701482837512864	0	0
0.701296573160681	0	0
0.7011101575968889	0	0
0.7009235905345225	0	0
0.7007368716848583	0	0
0.7005500007588213	0	0
0.7003629774663404	0	0
0.7001758015166009	0	0
0.6999884726172736	0	0
0.6998009904764297	0	0
0.6996133547999797	0	0
0.6994255652935869	0	0
0.6992376216618978	0	0
0.6990495236086658	0	0
0.6988612708366192	0	0
0.6986728630479695	0	0
0.6984842999438957	0	0
0.698295581223903	0	0
0.6981067065876062	0	0
0.6979176757337039	0	0
0.6977284883589552	0	0
0.6975391441598335	0	0
0.6973496428323953	0	0
0.6971599840711286	0	0
0.6969701675694588	0	0
0.6967801930202557	0	0
0.6965900601153183	0	0
0.6963997685456266	0	0
0.6962093180007006	0	0
0.696018708169997	0	0
0.6958279387411229	0	0
0.6956370094012316	0	0
0.6954459198362558	0	0
0.6952546697315383	0	0
0.6950632587711929	0	0
0.6948716866379733	0	0
0.6946799530144127	0	0
0.694488057581548	0	0
0.6942960000196794	0	0
0.6941037800076033	0	0
0.6939113972238778	0	0
0.693718851345549	0	0
0.6935261420486548	0	0
0.6933332690088541	0	0
0.693140231899521	0	0
0.6929470303941491	0	0
0.6927536641652057	0	0
0.692560132882988	0	0
0.6923664362177722	0	0
0.6921725738391742	0	0
0.6919785454145011	0	0
0.6917843506102652	0	0
0.6915899890933177	0	0
0.6913954605279345	0	0
0.6912007645778361	0	0
0.6910059009054238	0	0
0.6908108691726598	0	0
0.690615669039799	0	0
0.6904203001667738	0	0
0.6902247622110429	0	0
0.6900290548307427	0	0
0.6898331776816528	0	0
0.6896371304185802	0	0
0.6894409126958584	0	0
0.689244524166334	0	0
0.6890479644813613	0	0
0.688851233291933	0	0
0.6886543302474136	0	0
0.6884572549962916	0	0
0.6882600071854184	0	0
0.6880625864611363	0	0
0.6878649924687703	0	0
0.6876672248511132	0	0
0.6874692832521937	0	0
0.6872711673121158	0	0
0.6870728766723341	0	0
0.686874410971123	0	0
0.6866757698470914	0	0
0.6864769529364124	0	0
0.6862779598755813	0	0
0.6860787902982716	0	0
0.6858794438378406	0	0
0.6856799201265703	0	0
0.6854802187950353	0	0
0.6852803394731006	0	0
0.6850802817891636	0	0
0.6848800453700237	0	0
0.6846796298421298	0	0
0.6844790348297585	0	0
0.6842782599567611	0	0
0.6840773048449315	0	0
0.6838761691157521	0	0
0.6836748523883863	0	0
0.6834733542819246	0	0
0.6832716744130652	0	0
0.683069812397921	0	0
0.6828677678512642	0	0
0.6826655403863326	0	0
0.6824631296150118	0	0
0.68226053514864	0	0
0.6820577565958811	0	0
0.6818547935655882	0	0
0.6816516456643026	0	0
0.6814483124975576	0	0
0.6812447936697473	0	0
0.6810410887835605	0	0
0.6808371974407832	0	0
0.6806331192410479	0	0
0.6804288537836951	0	0
0.680224400666024	0	0
0.6800197594845927	0	0
0.6798149298334079	0	0
0.6796099113064071	0	0
0.679404703495462	0	0
0.6791993059908688	0	0
0.678993718382275	0	0
0.6787879402571187	0	0
0.678581971202176	0	0
0.6783758108022487	0	0
0.6781694586408425	0	0
0.6779629143000351	0	0
0.6777561773609658	0	0
0.6775492474024027	0	0
0.6773421240021621	0	0
0.6771348067370392	0	0
0.6769272951816239	0	0
0.6767195889094096	0	0
0.676511687492538	0	0
0.6763035905008634	0	0
0.6760952975041129	0	0
0.6758868080694028	0	0
0.6756781217627789	0	0
0.6754692381487766	0	0
0.6752601567902277	0	0
0.6750508772485625	0	0
0.674841399083741	0	0
0.674631721854245	0	0
0.6744218451168855	0	0
0.6742117684264256	0	0
0.6740014913371156	0	0
0.6737910134008958	0	0
0.6735803341681912	0	0
0.6733694531883357	0	0
0.6731583700083313	0	0
0.672947084174073	0	0
0.6727355952297868	0	0
0.6725239027178983	0	0
0.6723120061793948	0	0
0.6720999051535713	0	0
0.6718875991778988	0	0
0.6716750877888782	0	0
0.6714623705204328	0	0
0.6712494469053764	0	0
0.6710363164747286	0	0
0.6708229787579528	0	0
0.6706094332822105	0	0
0.6703956795741342	0	0
0.6701817171576697	0	0
0.6699675455551123	0	0
0.6697531642879564	0	0
0.6695385728744947	0	0
0.6693237708325702	0	0
0.6691087576776661	0	0
0.6688935329238169	0	0
0.6686780960826805	0	0
0.6684624466646327	0	0
0.6682465841788188	0	0
0.6680305081314304	0	0
0.6678142180274723	0	0
0.6675977133702027	0	0
0.6673809936605728	0	0
0.6671640583986254	0	0
0.6669469070817726	0	0
0.6667295392060101	0	0
0.6665119542648689	0	0
0.6662941517507498	0	0
0.6660761311538149	0	0
0.665857891962405	0	0
0.6656394336628481	0	0
0.6654207557400585	0	0
0.665201857676187	0	0
0.6649827389523169	0	0
0.6647633990472971	0	0
0.66454383743761	0	0
0.6643240535983981	0	0
0.6641040470023564	0	0
0.6638838171206979	0	0
0.6636633634225336	0	0
0.6634426853745596	0	0
0.6632217824417759	0	0
0.6630006540875366	0	0
0.662779299772507	0	0
0.662557718955565	0	0
0.6623359110936075	0	0
0.6621138756419648	0	0
0.6618916120528128	0	0
0.6616691197771642	0	0
0.6614463982637049	0	0
0.661223446958602	0	0
0.6610002653065838	0	0
0.6607768527500196	0	0
0.6605532087289087	0	0
0.6603293326814751	0	0
0.6601052240432486	0	0
0.6598808822482632	0	0
0.659656306728139	0	0
0.6594314969121303	0	0
0.6592064522272364	0	0
0.6589811720987934	0	0
0.6587556559493751	0	0
0.6585299031993863	0	0
0.6583039132673517	0	0
0.6580776855691199	0	0
0.6578512195184552	0	0
0.6576245145270248	0	0
0.6573975700037842	0	0
0.6571703853558091	0	0
0.65694295998762	0	0
0.6567152933015312	0	0
0.6564873846972171	0	0
0.6562592335726629	0	0
0.656030839322647	0	0
0.6558022013402336	0	0
0.6555733190157956	0	0
0.6553441917373046	0	0
0.6551148188906769	0	0
0.6548851998585596	0	0
0.6546553340221798	0	0
0.6544252207595288	0	0
0.6541948594466106	0	0
0.6539642494568277	0	0
0.6537333901607282	0	0
0.6535022809268313	0	0
0.6532709211210742	0	0
0.6530393101065589	0	0
0.6528074472440774	0	0
0.6525753318917978	0	0
0.6523429634052514	0	0
0.6521103411375567	0	0
0.6518774644390468	0	0
0.6516443326574941	0	0
0.6514109451380368	0	0
0.6511773012232224	0	0
0.6509434002526964	0	0
0.650709241563843	0	0
0.6504748244908756	0	0
0.6502401483657162	0	0
0.6500052125172653	0	0
0.6497700162719826	0	0
0.6495345589532754	0	0
0.6492988398818413	0	0
0.6490628583757122	0	0
0.64882661375	0	0
0.6485901053172385	0	0
0.6483533323867721	0	0
0.6481162942653353	0	0
0.6478789902566203	0	0
0.6476414196618544	0	0
0.6474035817788932	0	0
0.6471654759027983	0	0
0.6469271013257013	0	0
0.646688457337085	0	0
0.6464495432231127	0	0
0.6462103582672052	0	0
0.6459709017494307	0	0
0.6457311729472587	0	0
0.6454911711347715	0	0
0.6452508955833585	0	0
0.6450103455609876	0	0
0.6447695203330757	0	0
0.6445284191611689	0	0
0.644287041304404	0	0
0.6440453860181885	0	0
0.6438034525554254	0	0
0.6435612401653111	0	0
0.6433187480939095	0	0
0.6430759755844278	0	0
0.6428329218763711	0	0
0.6425895862064096	0	0
0.6423459678076513	0	0
0.6421020659102123	0	0
0.6418578797404904	0	0
0.6416134085220296	0	0
0.6413686514746764	0	0
0.6411236078149122	0	0
0.6408782767561293	0	0
0.6406326575080212	0	0
0.6403867492771513	0	0
0.6401405512662859	0	0
0.639894062674961	0	0
0.6396472826991095	0	0
0.6394002105313349	0	0
0.6391528453606538	0	0
0.6389051863721827	0	0
   0.6335744695   0.0000000000   0.0000000000
   0.6333224185   0.0000000000   0.0000000000
   0.6330700640   0.0000000000   0.0000000000
   0.6328174050   0.0000000000   0.0000000000
   0.6325644408   0.0000000000   0.0000000000
   0.6323111705   0.0000000000   0.0000000000
   0.6320575933   0.0000000000   0.0000000000
   0.6318037082   0.0000000000   0.0000000000
   0.6315495144   0.0000000000   0.0000000000
   0.6312950112   0.0000000000   0.0000000000
   0.6310401974   0.0000000000   0.0000000000
   0.6307850723   0.0000000000   0.0000000000
   0.6305296348   0.0000000000   0.0000000000
   0.6302738841   0.0000000000   0.0000000000
   0.6300178195   0.0000000000   0.0000000000
   0.6297614400   0.0000000000   0.0000000000
   0.6295047445   0.0000000000   0.0000000000
   0.6292477326   0.0000000000   0.0000000000
   0.6289904026   0.0000000000   0.0000000000
   0.6287327544   0.0000000000   0.0000000000
   0.6284747864   0.0000000000   0.0000000000
   0.6282164983   0.0000000000   0.0000000000
   0.6279578884   0.0000000000   0.0000000000
   0.6276989566   0.0000000000   0.0000000000
   0.6274397014   0.0000000000   0.0000000000
   0.6271801220   0.0000000000   0.0000000000
   0.6269202174   0.0000000000   0.0000000000
   0.6266599868   0.0000000000   0.0000000000
   0.6263994290   0.0000000000   0.0000000000
   0.6261385433   0.0000000000   0.0000000000
   0.6258773286   0.0000000000   0.0000000000
   0.6256157841   0.0000000000   0.0000000000
   0.6253539084   0.0000000000   0.0000000000
   0.6250917010   0.0000000000   0.0000000000
   0.6248291607   0.0000000000   0.0000000000
   0.6245662866   0.0000000000   0.0000000000
   0.6243030776   0.0000000000   0.0000000000
   0.6240395327   0.0000000000   0.0000000000
   0.6237756507   0.0000000000   0.0000000000
   0.6235114310   0.0000000000   0.0000000000
   0.6232468725   0.0000000000   0.0000000000
   0.6229819743   0.0000000000   0.0000000000
   0.6227167348   0.0000000000   0.0000000000
   0.6224511535   0.0000000000   0.0000000000
   0.6221852292   0.0000000000   0.0000000000
   0.6219189609   0.0000000000   0.0000000000
   0.6216523476   0.0000000000   0.0000000000
   0.6213853879   0.0000000000   0.0000000000
   0.6211180813   0.0000000000   0.0000000000
   0.6208504267   0.0000000000   0.0000000000
   0.6205824224   0.0000000000   0.0000000000
   0.6203140680   0.0000000000   0.0000000000
   0.6200453619   0.0000000000   0.0000000000
   0.6197763036   0.0000000000   0.0000000000
   0.6195068918   0.0000000000   0.0000000000
   0.6192371250   0.0000000000   0.0000000000
   0.6189670028   0.0000000000   0.0000000000
   0.6186965234   0.0000000000   0.0000000000
   0.6184256865   0.0000000000   0.0000000000
   0.6181544901   0.0000000000   0.0000000000
   0.6178829337   0.0000000000   0.0000000000
   0.6176110159   0.0000000000   0.0000000000
   0.6173387359   0.0000000000   0.0000000000
   0.6170660923   0.0000000000   0.0000000000
   0.6167930840   0.0000000000   0.0000000000
   0.6165197096   0.0000000000   0.0000000000
   0.6162459685   0.0000000000   0.0000000000
   0.6159718592   0.0000000000   0.0000000000
   0.6156973807   0.0000000000   0.0000000000
   0.6154225315   0.0000000000   0.0000000000
   0.6151473109   0.0000000000   0.0000000000
   0.6148717175   0.0000000000   0.0000000000
   0.6145957501   0.0000000000   0.0000000000
   0.6143194075   0.0000000000   0.0000000000
   0.6140426884   0.0000000000   0.0000000000
   0.6137655921   0.0000000000   0.0000000000
   0.6134881167   0.0000000000   0.0000000000
   0.6132102616   0.0000000000   0.0000000000
   0.6129320250   0.0000000000   0.0000000000
   0.6126534061   0.0000000000   0.0000000000
   0.6123744036   0.0000000000   0.0000000000
   0.6120950164   0.0000000000   0.0000000000
   0.6118152429   0.0000000000   0.0000000000
   0.6115350820   0.0000000000   0.0000000000
   0.6112545325   0.0000000000   0.0000000000
   0.6109735928   0.0000000000   0.0000000000
   0.6106922625   0.0000000000   0.0000000000
   0.6104105393   0.0000000000   0.0000000000
   0.6101284225   0.0000000000   0.0000000000
   0.6098459108   0.0000000000   0.0000000000
   0.6095630027   0.0000000000   0.0000000000
   0.6092796971   0.0000000000   0.0000000000
   0.6089959927   0.0000000000   0.0000000000
   0.6087118880   0.0000000000   0.0000000000
   0.6084273816   0.0000000000   0.0000000000
   0.6081424723   0.0000000000   0.0000000000
   0.6078571592   0.0000000000   0.0000000000
   0.6075714402   0.0000000000   0.0000000000
   0.6072853143   0.0000000000   0.0000000000
   0.6069987802   0.0000000000   0.0000000000
   0.6067118366   0.0000000000   0.0000000000
   0.6064244820   0.0000000000   0.0000000000
   0.6061367149   0.0000000000   0.0000000000
   0.6058485339   0.0000000000   0.0000000000
   0.6055599381   0.0000000000   0.0000000000
   0.6052709256   0.0000000000   0.0000000000
   0.6049814953   0.0000000000   0.0000000000
   0.6046916453   0.0000000000   0.0000000000
   0.6044013749   0.0000000000   0.0000000000
   0.6041106821   0.0000000000   0.0000000000
   0.6038195656   0.0000000000   0.0000000000
   0.6035280241   0.0000000000   0.0000000000
   0.6032360558   0.0000000000   0.0000000000
   0.6029436598   0.0000000000   0.0000000000
   0.6026508341   0.0000000000   0.0000000000
   0.6023575775   0.0000000000   0.0000000000
   0.6020638887   0.0000000000   0.0000000000
   0.6017697657   0.0000000000   0.0000000000
   0.6014752073   0.0000000000   0.0000000000
   0.6011802120   0.0000000000   0.0000000000
   0.6008847783   0.0000000000   0.0000000000
   0.6005889044   0.0000000000   0.0000000000
   0.6002925892   0.0000000000   0.0000000000
   0.5999958308   0.0000000000   0.0000000000
   0.5996986280   0.0000000000   0.0000000000
   0.5994009788   0.0000000000   0.0000000000
   0.5991028820   0.0000000000   0.0000000000
   0.5988043357   0.0000000000   0.0000000000
   0.5985053387   0.0000000000   0.0000000000
   0.5982058891   0.0000000000   0.0000000000
   0.5979059854   0.0000000000   0.0000000000
   0.5976056260   0.0000000000   0.0000000000
   0.5973048094   0.0000000000   0.0000000000
   0.5970035335   0.0000000000   0.0000000000
   0.5967017974   0.0000000000   0.0000000000
   0.5963995988   0.0000000000   0.0000000000
   0.5960969363   0.0000000000   0.0000000000
   0.5957938085   0.0000000000   0.0000000000
   0.5954902132   0.0000000000   0.0000000000
   0.5951861490   0.0000000000   0.0000000000
   0.5948816140   0.0000000000   0.0000000000
   0.5945766069   0.0000000000   0.0000000000
   0.5942711256   0.0000000000   0.0000000000
   0.5939651687   0.0000000000   0.0000000000
   0.5936587341   0.0000000000   0.0000000000
   0.5933518202   0.0000000000   0.0000000000
   0.5930444257   0.0000000000   0.0000000000
   0.5927365480   0.0000000000   0.0000000000
   0.5924281861   0.0000000000   0.0000000000
   0.5921193374   0.0000000000   0.0000000000
   0.5918100010   0.0000000000   0.0000000000
   0.5915001744   0.0000000000   0.0000000000
   0.5911898562   0.0000000000   0.0000000000
   0.5908790442   0.0000000000   0.0000000000
   0.5905677369   0.0000000000   0.0000000000
   0.5902559325   0.0000000000   0.0000000000
   0.5899436289   0.0000000000   0.0000000000
   0.5896308240   0.0000000000   0.0000000000
   0.5893175167   0.0000000000   0.0000000000
   0.5890037042   0.0000000000   0.0000000000
   0.5886893853   0.0000000000   0.0000000000
   0.5883745575   0.0000000000   0.0000000000
   0.5880592194   0.0000000000   0.0000000000
   0.5877433690   0.0000000000   0.0000000000
   0.5874270040   0.0000000000   0.0000000000
   0.5871101227   0.0000000000   0.0000000000
   0.5867927229   0.0000000000   0.0000000000
   0.5864748028   0.0000000000   0.0000000000
   0.5861563605   0.0000000000   0.0000000000
   0.5858373940   0.0000000000   0.0000000000
   0.5855179009   0.0000000000   0.0000000000
   0.5851978793   0.0000000000   0.0000000000
   0.5848773277   0.0000000000   0.0000000000
   0.5845562431   0.0000000000   0.0000000000
   0.5842346242   0.0000000000   0.0000000000
   0.5839124688   0.0000000000   0.0000000000
   0.5835897743   0.0000000000   0.0000000000
   0.5832665392   0.0000000000   0.0000000000
   0.5829427612   0.0000000000   0.0000000000
   0.5826184380   0.0000000000   0.0000000000
   0.5822935673   0.0000000000   0.0000000000
   0.5819681474   0.0000000000   0.0000000000
   0.5816421759   0.0000000000   0.0000000000
   0.5813156506   0.0000000000   0.0000000000
   0.5809885692   0.0000000000   0.0000000000
   0.5806609300   0.0000000000   0.0000000000
   0.5803327298   0.0000000000   0.0000000000
   0.5800039673   0.0000000000   0.0000000000
   0.5796746397   0.0000000000   0.0000000000
   0.5793447450   0.0000000000   0.0000000000
   0.5790142806   0.0000000000   0.0000000000
   0.5786832444   0.0000000000   0.0000000000
   0.5783516343   0.0000000000   0.0000000000
   0.5780194474   0.0000000000   0.0000000000
   0.5776866822   0.0000000000   0.0000000000
   0.5773533354   0.0000000000   0.0000000000
   0.5770194052   0.0000000000   0.0000000000
   0.5766848890   0.0000000000   0.0000000000
   0.5763497849   0.0000000000   0.0000000000
   0.5760140894   0.0000000000   0.0000000000
   0.5756778012   0.0000000000   0.0000000000
   0.5753409169   0.0000000000   0.0000000000
   0.5750034348   0.0000000000   0.0000000000
   0.5746653519   0.0000000000   0.0000000000
   0.5743266661   0.0000000000   0.0000000000
   0.5739873746   0.0000000000   0.0000000000
   0.5736474749   0.0000000000   0.0000000000
   0.5733069643   0.0000000000   0.0000000000
   0.5729658407   0.0000000000   0.0000000000
   0.5726241010   0.0000000000   0.0000000000
   0.5722817430   0.0000000000   0.0000000000
   0.5719387638   0.0000000000   0.0000000000
   0.5715951606   0.0000000000   0.0000000000
   0.5712509313   0.0000000000   0.0000000000
   0.5709060728   0.0000000000   0.0000000000
   0.5705605828   0.0000000000   0.0000000000
   0.5702144581   0.0000000000   0.0000000000
   0.5698676961   0.0000000000   0.0000000000
   0.5695202943   0.0000000000   0.0000000000
   0.5691722497   0.0000000000   0.0000000000
   0.5688235596   0.0000000000   0.0000000000
   0.5684742212   0.0000000000   0.0000000000
   0.5681242317   0.0000000000   0.0000000000
   0.5677735881   0.0000000000   0.0000000000
   0.5674222879   0.0000000000   0.0000000000
   0.5670703278   0.0000000000   0.0000000000
   0.5667177050   0.0000000000   0.0000000000
   0.5663644168   0.0000000000   0.0000000000
   0.5660104599   0.0000000000   0.0000000000
   0.5656558318   0.0000000000   0.0000000000
   0.5653005291   0.0000000000   0.0000000000
   0.5649445490   0.0000000000   0.0000000000
   0.5645878885   0.0000000000   0.0000000000
   0.5642305447   0.0000000000   0.0000000000
   0.5638725139   0.0000000000   0.0000000000
   0.5635137938   0.0000000000   0.0000000000
   0.5631543807   0.0000000000   0.0000000000
   0.5627942715   0.0000000000   0.0000000000
   0.5624334638   0.0000000000   0.0000000000
   0.5620719532   0.0000000000   0.0000000000
   0.5617097376   0.0000000000   0.0000000000
   0.5613468133   0.0000000000   0.0000000000
   0.5609831768   0.0000000000   0.0000000000
   0.5606188252   0.0000000000   0.0000000000
   0.5602537551   0.0000000000   0.0000000000
   0.5598879634   0.0000000000   0.0000000000
   0.5595214463   0.0000000000   0.0000000000
   0.5591542010   0.0000000000   0.0000000000
   0.5587862234   0.0000000000   0.0000000000
   0.5584175105   0.0000000000   0.0000000000
   0.5580480592   0.0000000000   0.0000000000
   0.5576778654   0.0000000000   0.0000000000
   0.5573069258   0.0000000000   0.0000000000
   0.5569352370   0.0000000000   0.0000000000
   0.5565627955   0.0000000000   0.0000000000
   0.5561895975   0.0000000000   0.0000000000
   0.5558156396   0.0000000000   0.0000000000
   0.5554409180   0.0000000000   0.0000000000
   0.5550654293   0.0000000000   0.0000000000
   0.5546891696   0.0000000000   0.0000000000
   0.5543121354   0.0000000000   0.0000000000
   0.5539343227   0.0000000000   0.0000000000
   0.5535557277   0.0000000000   0.0000000000
   0.5531763471   0.0000000000   0.0000000000
   0.5527961765   0.0000000000   0.0000000000
   0.5524152124   0.0000000000   0.0000000000
   0.5520334509   0.0000000000   0.0000000000
   0.5516508877   0.0000000000   0.0000000000
   0.5512675193   0.0000000000   0.0000000000
   0.5508833417   0.0000000000   0.0000000000
   0.5504983507   0.0000000000   0.0000000000
   0.5501125423   0.0000000000   0.0000000000
   0.5497259126   0.0000000000   0.0000000000
   0.5493384573   0.0000000000   0.0000000000
   0.5489501723   0.0000000000   0.0000000000
   0.5485610535   0.0000000000   0.0000000000
   0.5481710967   0.0000000000   0.0000000000
   0.5477802978   0.0000000000   0.0000000000
   0.5473886524   0.0000000000   0.0000000000
   0.5469961561   0.0000000000   0.0000000000
   0.5466028048   0.0000000000   0.0000000000
   0.5462085937   0.0000000000   0.0000000000
   0.5458135189   0.0000000000   0.0000000000
   0.5454175760   0.0000000000   0.0000000000
   0.5450207600   0.0000000000   0.0000000000
   0.5446230668   0.0000000000   0.0000000000
   0.5442244917   0.0000000000   0.0000000000
   0.5438250301   0.0000000000   0.0000000000
   0.5434246777   0.0000000000   0.0000000000
   0.5430234293   0.0000000000   0.0000000000
   0.5426212807   0.0000000000   0.0000000000
   0.5422182266   0.0000000000   0.0000000000
   0.5418142630   0.0000000000   0.0000000000
   0.5414093844   0.0000000000   0.0000000000
   0.5410035863   0.0000000000   0.0000000000
   0.5405968636   0.0000000000   0.0000000000
   0.5401892116   0.0000000000   0.0000000000
   0.5397806254   0.0000000000   0.0000000000
   0.5393710994   0.0000000000   0.0000000000
   0.5389606291   0.0000000000   0.0000000000
   0.5385492092   0.0000000000   0.0000000000
   0.5381368345   0.0000000000   0.0000000000
   0.5377235001   0.0000000000   0.0000000000
   0.5373092001   0.0000000000   0.0000000000
   0.5368939301   0.0000000000   0.0000000000
   0.5364776841   0.0000000000   0.0000000000
   0.5360604569   0.0000000000   0.0000000000
   0.5356422433   0.0000000000   0.0000000000
   0.5352230374   0.0000000000   0.0000000000
   0.5348028342   0.0000000000   0.0000000000
   0.5343816276   0.0000000000   0.0000000000
   0.5339594124   0.0000000000   0.0000000000
   0.5335361828   0.0000000000   0.0000000000
   0.5331119333   0.0000000000   0.0000000000
   0.5326866576   0.0000000000   0.0000000000
   0.5322603503   0.0000000000   0.0000000000
   0.5318330055   0.0000000000   0.0000000000
   0.5314046171   0.0000000000   0.0000000000
   0.5309751793   0.0000000000   0.0000000000
   0.5305446860   0.0000000000   0.0000000000
   0.5301131314   0.0000000000   0.0000000000
   0.5296805086   0.0000000000   0.0000000000
   0.5292468124   0.0000000000   0.0000000000
   0.5288120357   0.0000000000   0.0000000000
   0.5283761726   0.0000000000   0.0000000000
   0.5279392169   0.0000000000   0.0000000000
   0.5275011618   0.0000000000   0.0000000000
   0.5270620011   0.0000000000   0.0000000000
   0.5266217278   0.0000000000   0.0000000000
   0.5261803360   0.0000000000   0.0000000000
   0.5257378183   0.0000000000   0.0000000000
   0.5252941687   0.0000000000   0.0000000000
   0.5248493798   0.0000000000   0.0000000000
   0.5244034449   0.0000000000   0.0000000000
   0.5239563574   0.0000000000   0.0000000000
   0.5235081099   0.0000000000   0.0000000000
   0.5230586956   0.0000000000   0.0000000000
   0.5226081073   0.0000000000   0.0000000000
   0.5221563378   0.0000000000   0.0000000000
   0.5217033797   0.0000000000   0.0000000000
   0.5212492259   0.0000000000   0.0000000000
   0.5207938687   0.0000000000   0.0000000000
   0.5203373010   0.0000000000   0.0000000000
   0.5198795153   0.0000000000   0.0000000000
   0.5194205035   0.0000000000   0.0000000000
   0.5189602582   0.0000000000   0.0000000000
   0.5184987713   0.0000000000   0.0000000000
   0.5180360356   0.0000000000   0.0000000000
   0.5175720426   0.0000000000   0.0000000000
   0.5171067846   0.0000000000   0.0000000000
   0.5166402533   0.0000000000   0.0000000000
   0.5161724406   0.0000000000   0.0000000000
   0.5157033384   0.0000000000   0.0000000000
   0.5152329382   0.0000000000   0.0000000000
   0.5147612315   0.0000000000   0.0000000000
   0.5142882099   0.0000000000   0.0000000000
   0.5138138649   0.0000000000   0.0000000000
   0.5133381876   0.0000000000   0.0000000000
   0.5128611695   0.0000000000   0.0000000000
   0.5123828014   0.0000000000   0.0000000000
   0.5119030745   0.0000000000   0.0000000000
   0.5114219798   0.0000000000   0.0000000000
   0.5109395082   0.0000000000   0.0000000000
   0.5104556502   0.0000000000   0.0000000000
   0.5099703966   0.0000000000   0.0000000000
   0.5094837381   0.0000000000   0.0000000000
   0.5089956648   0.0000000000   0.0000000000
   0.5085061677   0.0000000000   0.0000000000
   0.5080152362   0.0000000000   0.0000000000
   0.5075228610   0.0000000000   0.0000000000
   0.5070290321   0.0000000000   0.0000000000
   0.5065337392   0.0000000000   0.0000000000
   0.5060369724   0.0000000000   0.0000000000
   0.5055387211   0.0000000000   0.0000000000
   0.5050389752   0.0000000000   0.0000000000
   0.5045377239   0.0000000000   0.0000000000
   0.5040349568   0.0000000000   0.0000000000
   0.5035306631   0.0000000000   0.0000000000
   0.5030248315   0.0000000000   0.0000000000
   0.5025174518   0.0000000000   0.0000000000
   0.5020085121   0.0000000000   0.0000000000
   0.5014980016   0.0000000000   0.0000000000
   0.5009859089   0.0000000000   0.0000000000
   0.5004722224   0.0000000000   0.0000000000
   0.4999569304   0.0000000000   0.0000000000
   0.4994400210   0.0000000000   0.0000000000
   0.4989214827   0.0000000000   0.0000000000
   0.4984013031   0.0000000000   0.0000000000
   0.4978794701   0.0000000000   0.0000000000
   0.4973559715   0.0000000000   0.0000000000
   0.4968307945   0.0000000000   0.0000000000
   0.4963039267   0.0000000000   0.0000000000
   0.4957753554   0.0000000000   0.0000000000
   0.4952450676   0.0000000000   0.0000000000
   0.4947130502   0.0000000000   0.0000000000
   0.4941792898   0.0000000000   0.0000000000
   0.4936437733   0.0000000000   0.0000000000
   0.4931064869   0.0000000000   0.0000000000
   0.4925674168   0.0000000000   0.0000000000
   0.4920265494   0.0000000000   0.0000000000
   0.4914838706   0.0000000000   0.0000000000
   0.4909393657   0.0000000000   0.0000000000
   0.4903930209   0.0000000000   0.0000000000
   0.4898448212   0.0000000000   0.0000000000
   0.4892947520   0.0000000000   0.0000000000
   0.4887427981   0.0000000000   0.0000000000
   0.4881889446   0.0000000000   0.0000000000
   0.4876331760   0.0000000000   0.0000000000
   0.4870754768   0.0000000000   0.0000000000
   0.4865158312   0.0000000000   0.0000000000
   0.4859542232   0.0000000000   0.0000000000
   0.4853906369   0.0000000000   0.0000000000
   0.4848250557   0.0000000000   0.0000000000
   0.4842574630   0.0000000000   0.0000000000
   0.4836878423   0.0000000000   0.0000000000
   0.4831161762   0.0000000000   0.0000000000
   0.4825424476   0.0000000000   0.0000000000
   0.4819666391   0.0000000000   0.0000000000
   0.4813887331   0.0000000000   0.0000000000
   0.4808087112   0.0000000000   0.0000000000
   0.4802265556   0.0000000000   0.0000000000
   0.4796422477   0.0000000000   0.0000000000
   0.4790557690   0.0000000000   0.0000000000
   0.4784671002   0.0000000000   0.0000000000
   0.4778762224   0.0000000000   0.0000000000
   0.4772831160   0.0000000000   0.0000000000
   0.4766877614   0.0000000000   0.0000000000
   0.4760901384   0.0000000000   0.0000000000
   0.4754902267   0.0000000000   0.0000000000
   0.4748880058   0.0000000000   0.0000000000
   0.4742834547   0.0000000000   0.0000000000
   0.4736765524   0.0000000000   0.0000000000
   0.4730672773   0.0000000000   0.0000000000
   0.4724556076   0.0000000000   0.0000000000
   0.4718415212   0.0000000000   0.0000000000
   0.4712249957   0.0000000000   0.0000000000
   0.4706060083   0.0000000000   0.0000000000
   0.4699845357   0.0000000000   0.0000000000
   0.4693605549   0.0000000000   0.0000000000
   0.4687340416   0.0000000000   0.0000000000
   0.4681049721   0.0000000000   0.0000000000
   0.4674733215   0.0000000000   0.0000000000
   0.4668390652   0.0000000000   0.0000000000
   0.4662021778   0.0000000000   0.0000000000
   0.4655626337   0.0000000000   0.0000000000
   0.4649204068   0.0000000000   0.0000000000
   0.4642754706   0.0000000000   0.0000000000
   0.4636277984   0.0000000000   0.0000000000
   0.4629773627   0.0000000000   0.0000000000
   0.4623241360   0.0000000000   0.0000000000
   0.4616680900   0.0000000000   0.0000000000
   0.4610091962   0.0000000000   0.0000000000
   0.4603474252   0.0000000000   0.0000000000
   0.4596827478   0.0000000000   0.0000000000
   0.4590151341   0.0000000000   0.0000000000
   0.4583445532   0.0000000000   0.0000000000
   0.4576709744   0.0000000000   0.0000000000
   0.4569943660   0.0000000000   0.0000000000
   0.4563146960   0.0000000000   0.0000000000
   0.4556319320   0.0000000000   0.0000000000
   0.4549460406   0.0000000000   0.0000000000
   0.4542569883   0.0000000000   0.0000000000
   0.4535647405   0.0000000000   0.0000000000
   0.4528692628   0.0000000000   0.0000000000
   0.4521705197   0.0000000000   0.0000000000
   0.4514684747   0.0000000000   0.0000000000
   0.4507630916   0.0000000000   0.0000000000
   0.4500543327   0.0000000000   0.0000000000
   0.4493421600   0.0000000000   0.0000000000
   0.4486265351   0.0000000000   0.0000000000
   0.4479074184   0.0000000000   0.0000000000
   0.4471847699   0.0000000000   0.0000000000
   0.4464585489   0.0000000000   0.0000000000
   0.4457287135   0.0000000000   0.0000000000
   0.4449952216   0.0000000000   0.0000000000
   0.4442580302   0.0000000000   0.0000000000
   0.4435170950   0.0000000000   0.0000000000
   0.4427723716   0.0000000000   0.0000000000
   0.4420238141   0.0000000000   0.0000000000
   0.4412713764   0.0000000000   0.0000000000
   0.4405150108   0.0000000000   0.0000000000
   0.4397546693   0.0000000000   0.0000000000
   0.4389903027   0.0000000000   0.0000000000
   0.4382218606   0.0000000000   0.0000000000
   0.4374492921   0.0000000000   0.0000000000
   0.4366725446   0.0000000000   0.0000000000
   0.4358915654   0.0000000000   0.0000000000
   0.4351062998   0.0000000000   0.0000000000
   0.4343166926   0.0000000000   0.0000000000
   0.4335226872   0.0000000000   0.0000000000
   0.4327242261   0.0000000000   0.0000000000
   0.4319212500   0.0000000000   0.0000000000
   0.4311136991   0.0000000000   0.0000000000
   0.4303015119   0.0000000000   0.0000000000
   0.4294846254   0.0000000000   0.0000000000
   0.4286629760   0.0000000000   0.0000000000
   0.4278364980   0.0000000000   0.0000000000
   0.4270051247   0.0000000000   0.0000000000
   0.4261687877   0.0000000000   0.0000000000
   0.4253274169   0.0000000000   0.0000000000
   0.4244809414   0.0000000000   0.0000000000
