13314
30213
13324
-31214
-10213
-10211
3112
3114
3116
-32212
3118
-11216
3122
3124
3126
3128
-12226
2112
-12224
2114
2116
2118
23112
-12216
2122
23114
2124
-12212
2126
-12214
10313
10321
23122
10323
23124
23126
-13226
1112
-13224
1114
-13222
1116
1118
22112
-13216
22114
-13214
-13212
30313
22122
22124
111
113
43122
115
30323
21112
21114
-53122
42112
-32124
3212
3214
3216
-32112
3218
20113
-11116
3222
-11114
3224
3226
3228
-20323
-33122
-12126
2212
2214
-20313
2216
2218
23212
-12116
2222
23214
2224
-12112
2226
-12114
2228
23222
23224
-13126
-325
1212
-13124
1214
-13122
1216
-321
-323
22212
-13116
22214
-13114
-13112
-311
-313
-315
22222
22224
211
213
215
21212
221
21214
223
225
42212
3312
3314
20213
3322
-3334
3324
20223
-3324
3334
-3322
-20213
-3314
-3312
-42212
-21214
-21212
-215
-213
-211
-22224
-22222
311
13112
313
13114
-22214
13116
-22212
315
-1216
321
13122
-1214
13124
-1212
13126
323
-23224
325
-23222
331
-2228
333
-2226
335
12112
337
-2224
12114
-2222
12116
-23212
-2218
-23214
-2216
20313
-2214
-2212
12126
33122
20323
-3228
-3226
-3224
11114
-3222
11116
-3218
32112
-3216
-3214
-3212
32124
10111
-42112
10113
53122
-21114
-21112
-30323
-43122
-22124
-22122
-30313
13212
13214
-22114
13216
-22112
-1118
30113
-1116
13222
-1114
13224
-1112
13226
-23126
-23124
-10323
-23122
-10321
-2126
12212
-2124
12214
-2122
12216
-23112
-2118
-23114
-2116
-10313
-2114
12224
-2112
12226
-3128
-3126
-3124
-3122
11216
-3118
32212
-3116
-3114
-3112
10211
10213
10221
31214
10223
100333
-13324
-30213
-13314
