111
211
-211
9000221
321
-321
311
-311
221
113
213
-213
223
323
-323
313
-313
2212
-2212
2112
-2112
331
9000111
9000211
-9000211
9010221
333
3122
-3122
10223
3222
-3222
3212
-3212
3112
-3112
10113
10213
-10213
20113
20213
-20213
1114
-1114
2114
-2114
2214
-2214
2224
-2224
10313
-10313
10323
-10323
225
20223
3322
-3322
115
215
-215
3312
-3312
10221
3224
-3224
3214
-3214
3114
-3114
20313
-20313
20323
-20323
13122
-13122
100313
-100313
100323
-100323
100223
325
-325
12112
-12112
12212
-12212
10311
-10311
10321
-10321
315
-315
100113
100213
-100213
1214
-1214
2124
-2124
3124
-3124
335
3324
-3324
22112
-22112
22212
-22212
3314
-3314
31114
-31114
32114
-32114
32214
-32214
32224
-32224
23122
-23122
1112
-1112
1212
-1212
2122
-2122
2222
-2222
32112
-32112
32212
-32212
13112
-13112
13212
-13212
13222
-13222
33122
-33122
13114
-13114
13214
-13214
13224
-13224
30223
3334
-3334
2116
-2116
2216
-2216
100333
12116
-12116
12216
-12216
13124
-13124
203312
-203312
203322
-203322
21214
-21214
22124
-22124
11114
-11114
12114
-12114
12214
-12214
12224
-12224
42112
-42112
42212
-42212
30313
-30313
30323
-30323
31214
-31214
32124
-32124
30113
30213
-30213
23112
-23112
23212
-23212
23222
-23222
3116
-3116
3216
-3216
3226
-3226
43122
-43122
53122
-53122
3126
-3126
13314
-13314
13324
-13324
13126
-13126
337
1116
-1116
1216
-1216
2126
-2126
2226
-2226
21112
-21112
21212
-21212
22122
-22122
22222
-22222
23124
-23124
13116
-13116
13216
-13216
13226
-13226
21114
-21114
22114
-22114
22214
-22214
22224
-22224
1118
-1118
2118
-2118
2218
-2218
2228
-2228
23114
-23114
23214
-23214
23224
-23224
11116
-11116
11216
-11216
12126
-12126
12226
-12226
103316
-103316
103326
-103326
203316
-203316
203326
-203326
3118
-3118
3218
-3218
3228
-3228
3128
-3128
23126
-23126
1218
-1218
2128
-2128
