111
211
-211
221
113
213
-213
223
331
9010221
9000111
9000211
-9000211
333
10223
10113
10213
-10213
20113
20213
-20213
225
20223
100221
100111
100211
-100211
115
215
-215
10221
9000113
9000213
-9000213
9020221
20333
100223
10111
10211
-10211
100113
100213
-100213
100331
9030221
335
9010113
9010213
-9010213
10225
30223
227
10115
10215
-10215
100333
117
217
-217
30113
30213
-30213
10331
9010111
9010211
-9010211
337
9050225
9060225
119
219
-219
229
9080225
9090225
311
-311
321
-321
313
-313
323
-323
10313
-10313
10323
-10323
20313
-20313
20323
-20323
100313
-100313
100323
-100323
10311
-10311
10321
-10321
315
-315
325
-325
30313
-30313
30323
-30323
10315
-10315
10325
-10325
317
-317
327
-327
20315
-20315
20325
-20325
319
-319
329
-329
2112
-2112
2212
-2212
12112
-12112
12212
-12212
1214
-1214
2124
-2124
22112
-22112
22212
-22212
32112
-32112
32212
-32212
2116
-2116
2216
-2216
12116
-12116
12216
-12216
21214
-21214
22124
-22124
42112
-42112
42212
-42212
31214
-31214
32124
-32124
9902114
-9902114
9902214
-9902214
9912114
-9912114
9912214
-9912214
9902118
-9902118
9902218
-9902218
9922114
-9922114
9922214
-9922214
1218
-1218
2128
-2128
19922119
-19922119
19922219
-19922219
19932119
-19932119
19932219
-19932219
1114
-1114
2114
-2114
2214
-2214
2224
-2224
1112
-1112
1212
-1212
2122
-2122
2222
-2222
11114
-11114
12114
-12114
12214
-12214
12224
-12224
1116
-1116
1216
-1216
2126
-2126
2226
-2226
21112
-21112
21212
-21212
22122
-22122
22222
-22222
21114
-21114
22114
-22114
22214
-22214
22224
-22224
11116
-11116
11216
-11216
12126
-12126
12226
-12226
1118
-1118
2118
-2118
2218
-2218
2228
-2228
3122
-3122
13122
-13122
3124
-3124
23122
-23122
33122
-33122
13124
-13124
43122
-43122
53122
-53122
3126
-3126
13126
-13126
23124
-23124
3128
-3128
23126
-23126
19903129
-19903129
3112
-3112
3212
-3212
3222
-3222
3114
-3114
3214
-3214
3224
-3224
13112
-13112
13212
-13212
13222
-13222
13114
-13114
13214
-13214
13224
-13224
23112
-23112
23212
-23212
23222
-23222
3116
-3116
3216
-3216
3226
-3226
13116
-13116
13216
-13216
13226
-13226
23114
-23114
23214
-23214
23224
-23224
3118
-3118
3218
-3218
3228
-3228
9903118
-9903118
9903218
-9903218
9903228
-9903228
3312
-3312
3322
-3322
3314
-3314
3324
-3324
203312
-203312
203322
-203322
13314
-13314
13324
-13324
103316
-103316
103326
-103326
203316
-203316
203326
-203326
3334
-3334
203338
-203338
