      22  Gamma                  0.00000   0.00000  2  0  0  0  0  1  0  1
      22  1  1.000            22       0       0       0       0
     211  Pion(+)                0.13800   0.00000  1  0  0  0  1  3  1  1
     211  1  1.000           211       0       0       0       0
     111  Pion(0)                0.13800   0.00000  1  0  0  0  1  3  0  1
     111  1  1.000           111       0       0       0       0
    -211  Pion(-)                0.13800   0.00000  1  0  0  0  1  3 -1  1
    -211  1  1.000          -211       0       0       0       0
     321  Kaon(+)                0.49400   0.00000  1  0  1  0  0  2  1  1
     321  1  1.000           321       0       0       0       0
    -321  Kaon(-)                0.49400   0.00000  1  0 -1  0  0  2 -1  1
    -321  1  1.000          -321       0       0       0       0
     311  Kaon(0)                0.49400   0.00000  1  0  1  0  0  2  0  1
     311  1  1.000           311       0       0       0       0
    -311  Anti-Kaon(0)           0.49400   0.00000  1  0 -1  0  0  2  0  1
    -311  1  1.000          -311       0       0       0       0
     221  eta                    0.54700   0.00000  1  0  0  0  0  1  0  4
     221  2  0.401            22      22       0       0       0
     221  3  0.327           111     111      111      0       0
     221  3  0.230           211     111     -211      0       0
     221  3  0.042           211    -211       22      0       0
     213  rho(+)                0.76900   0.15100  3  0  0  0  2  3  1  1
     213  2  1.000           211     111       0       0       0
     113  rho(0)                0.76900   0.15100  3  0  0  0  2  3  0  1
     113  2  1.000           211    -211       0       0       0
    -213  rho(-)                0.76900   0.15100  3  0  0  0  2  3 -1  1
    -213  2  1.000          -211     111       0       0       0
     223  omega                   0.78200   0.00843  3  0  0  0  3  1  0  3
     223  3  0.890           211     111    -211       0       0
     223  2  0.090           111      22       0       0       0
     223  2  0.020           211    -211       0       0       0
     323  K*892(+)              0.89300   0.05000  3  0  1  0  0  2  1  2
     323  2  0.667           311     211       0       0       0
     323  2  0.333           321     111       0       0       0
    -323  K*892(-)              0.89300   0.05000  3  0 -1  0  0  2 -1  2
    -323  2  0.667          -311    -211       0       0       0
    -323  2  0.333          -321     111       0       0       0
     313  K*892(0)              0.89300   0.05000  3  0  1  0  0  2  0  2
     313  2  0.667           321    -211       0       0       0
     313  2  0.333           311     111       0       0       0
    -313  Anti-K*892(0)         0.89300   0.05000  3  0 -1  0  0  2  0  2
    -313  2  0.667          -321     211       0       0       0
    -313  2  0.333          -311     111       0       0       0
    2212  p                      0.93800   0.00000  2  1  0  0  0  2  1  1
    2212  1  1.000          2212       0       0       0       0
    2112  n                      0.93800   0.00000  2  1  0  0  0  2  0  1
    2112  1  1.000          2112       0       0       0       0
     331  eta-prime(958)         0.95800   0.00020  1  0  0  0  0  1  0  5
     331  3  0.433           211    -211     221       0       0
     331  3  0.217           111     111     221       0       0
     331  2  0.300           113      22       0       0       0
     331  2  0.030           223      22       0       0       0
     331  2  0.020            22      22       0       0       0
 9010221  f0(980)                0.99000   0.10000  1  0  0  0  0  1  0  4
 9010221  2  0.467           211    -211       0       0       0
 9010221  2  0.233           111     111       0       0       0
 9010221  2  0.150           321    -321       0       0       0
 9010221  2  0.150           311    -311       0       0       0
 9000211  a0(980)(+)            0.99000   0.10000  1  0  0  0  0  3  1  2
 9000211  2  0.900           221     211       0       0       0
 9000211  2  0.100           321    -311       0       0       0
 9000111  a0(980)(0)            0.99000   0.10000  1  0  0  0  0  3  0  3
 9000111  2  0.900           221     111       0       0       0
 9000111  2  0.050           311    -311       0       0       0
 9000111  2  0.050           321    -321       0       0       0
-9000211  a0(980)(-)            0.99000   0.10000  1  0  0  0  0  3 -1  2
-9000211  2  0.900           221    -211       0       0       0
-9000211  2  0.100          -321     311       0       0       0
     333  phi(1020)              1.01900   0.00443  3  0  0  0  0  1  0  7
     333  2  0.420           321    -321       0       0       0
     333  2  0.420           311    -311       0       0       0
     333  2  0.043           213    -211       0       0       0
     333  2  0.044           113     111       0       0       0
     333  2  0.043          -213     211       0       0       0
     333  2  0.010           221      22       0       0       0
     333  3  0.020           211    -211     111       0       0
    3122  Lambda                  1.11600   0.00000  2  1 -1  0  0  1  0  1
    3122  1  1.000          3122       0       0       0       0
   10223  h1(1170)                1.17000   0.36000  3  0  0  0  0  1  0  4
   10223  2  0.300           213    -211       0       0       0
   10223  2  0.300           113     111       0       0       0
   10223  2  0.300          -213     211       0       0       0
   10223  3  0.100           211    -211     111       0       0
    3222  Sigma(+)               1.19200   0.00000  2  1 -1  0  0  3  1  1
    3222  1  1.000          3222       0       0       0       0
    3212  Sigma(0)               1.19200   0.00000  2  1 -1  0  0  3  0  1
    3212  2  1.000          3122      22       0       0       0    
    3112  Sigma(-)               1.19200   0.00000  2  1 -1  0  0  3 -1  1
    3112  1  1.000          3112       0       0       0       0
   20213  a1(1260)(+)           1.23000   0.40000  3  0  0  0  0  3  1  3
   20213  2  0.450           113     211       0       0       0
   20213  2  0.450           213     111       0       0       0
   20213  2  0.100           211      22       0       0       0
   20113  a1(1260)(0)           1.23000   0.40000  3  0  0  0  0  3  0  3
   20113  2  0.450           213    -211       0       0       0
   20113  2  0.450          -213     211       0       0       0
   20113  2  0.100           111      22       0       0       0
  -20213  a1(1260)(-)           1.23000   0.40000  3  0  0  0  0  3 -1  3
  -20213  2  0.450           113    -211       0       0       0
  -20213  2  0.450          -213     111       0       0       0
  -20213  2  0.100          -211      22       0       0       0
    2224  Delta1232(++)         1.23200   0.11500  4  1  0  0  0  4  2  1
    2224  2  1.000          2212     211       0       0       0
    2214  Delta1232(+)          1.23200   0.11500  4  1  0  0  0  4  1  3
    2214  2  0.663          2212     111       0       0       0
    2214  2  0.331          2112     211       0       0       0
    2214  2  0.006          2212      22       0       0       0
    2114  Delta1232(0)          1.23200   0.11500  4  1  0  0  0  4  0  3
    2114  2  0.663          2112     111       0       0       0
    2114  2  0.331          2212    -211       0       0       0
    2114  2  0.006          2112      22       0       0       0
    1114  Delta1232(-)          1.23200   0.11500  4  1  0  0  0  4 -1  1
    1114  2  1.000          2112    -211       0       0       0
   10213  b1(1235)(+)           1.23500   0.14200  3  0  0  0  0  3  1  2
   10213  2  0.900           223     211       0       0       0
   10213 -2  0.100           221     213       0       0       0
   10113  b1(1235)(0)           1.23500   0.14200  3  0  0  0  0  3  0  2
   10113  2  0.900           223     111       0       0       0
   10113 -2  0.100           221     113       0       0       0
  -10213  b1(1235)(-)           1.23500   0.14200  3  0  0  0  0  3 -1  2
  -10213  2  0.900           223    -211       0       0       0
  -10213 -2  0.100           221    -213       0       0       0
   10323  K1-1270(+)             1.27300   0.09000  3  0  1  0  0  2  1  5
   10323  2  0.313           313     211       0       0       0
   10323  2  0.157           323     111       0       0       0
   10323  2  0.280           311     213       0       0       0
   10323  2  0.140           321     113       0       0       0
   10323 -2  0.110           321     223       0       0       0
  -10323  K1-1270(-)             1.27300   0.09000  3  0 -1  0  0  2 -1  5
  -10323  2  0.313          -313    -211       0       0       0
  -10323  2  0.157          -323     111       0       0       0
  -10323  2  0.280          -311    -213       0       0       0
  -10323  2  0.140          -321     113       0       0       0
  -10323 -2  0.110          -321     223       0       0       0
   10313  K1-1270(0)             1.27300   0.09000  3  0  1  0  0  2  0  5
   10313  2  0.313           323    -211       0       0       0
   10313  2  0.157           313     111       0       0       0
   10313  2  0.280           321    -213       0       0       0
   10313  2  0.140           311     113       0       0       0
   10313 -2  0.110           311     223       0       0       0
  -10313  Anti-K1-1270(0)        1.27300   0.09000  3  0 -1  0  0  2  0  5
  -10313  2  0.313          -323     211       0       0       0
  -10313  2  0.157          -313     111       0       0       0
  -10313  2  0.280          -321     213       0       0       0
  -10313  2  0.140          -311     113       0       0       0
  -10313 -2  0.110          -311     223       0       0       0
     225  f2(1270)               1.27500   0.18500  5  0  0  0  0  1  0  7
     225  2  0.333           211    -211       0       0       0
     225  2  0.167           111     111       0       0       0
     225  4  0.120           211     211    -211    -211       0
     225  4  0.160           211    -211     111     111       0
     225  4  0.020           111     111     111     111       0
     225  2  0.100           321    -321       0       0       0
     225  2  0.100           311    -311       0       0       0
   20223  f1(1285)               1.28200   0.02400  3  0  0  0  0  1  0 10
   20223  2  0.050           113      22       0       0       0
   20223  4  0.132           211     211    -211    -211       0
   20223  4  0.176           211    -211     111     111       0
   20223  4  0.022           111     111     111     111       0
   20223  3  0.353           221     211    -211       0       0
   20223  3  0.177           221     111     111       0       0
   20223  3  0.015           321    -321     111       0       0
   20223  3  0.015           311    -311     111       0       0
   20223  3  0.030           321    -311    -211       0       0
   20223  3  0.030          -321     311     211       0       0
    3322  Xsi(0)                 1.31500   0.00000  2  1 -2  0  0  2  0  1
    3322  1  1.000          3322       0       0       0       0
    3312  Xsi(-)                 1.31500   0.00000  2  1 -2  0  0  2 -1  1
    3312  1  1.000          3312       0       0       0       0
     215  a2-1320(+)             1.31800   0.10700  5  0  0  0  0  3  1  5
     215  2  0.350           213     111       0       0       0
     215  2  0.350           113     211       0       0       0
     215  2  0.140           221     211       0       0       0
     215  3  0.110           223     211     111       0       0
     215  2  0.050           321    -311       0       0       0
     115  a2-1320(0)             1.31800   0.10700  5  0  0  0  0  3  0  6
     115  2  0.350           213    -211       0       0       0
     115  2  0.350          -213     211       0       0       0
     115  2  0.140           221     111       0       0       0
     115  3  0.110           223     211    -211       0       0
     115  2  0.025           321    -321       0       0       0
     115  2  0.025           311    -311       0       0       0
    -215  a2-1320(-)             1.31800   0.10700  5  0  0  0  0  3 -1  5
    -215  2  0.350          -213     111       0       0       0
    -215  2  0.350           113    -211       0       0       0
    -215  2  0.140           221    -211       0       0       0
    -215  3  0.110           223    -211     111       0       0
    -215  2  0.050          -321     311       0       0       0
    3224  Sigma(+)1385          1.38400   0.03600  4  1 -1  0  0  3  1  3
    3224  2  0.880          3122     211       0       0       0
    3224  2  0.060          3222     111       0       0       0
    3224  2  0.060          3212     211       0       0       0
    3214  Sigma(0)1385          1.38400   0.03600  4  1 -1  0  0  3  0  3
    3214  2  0.880          3122     111       0       0       0    
    3214  2  0.060          3222    -211       0       0       0
    3214  2  0.060          3112     211       0       0       0
    3114  Sigma(-)1385          1.38400   0.03600  4  1 -1  0  0  3 -1  3
    3114  2  0.880          3122    -211       0       0       0
    3114  2  0.060          3112     111       0       0       0
    3114  2  0.060          3212    -211       0       0       0
   10333  h1prime1380           1.38600   0.09000  3  0  0  0  0  1  0  4
   10333 -2  0.250           323    -321       0       0       0
   10333 -2  0.250           313    -311       0       0       0
   10333 -2  0.250          -323     321       0       0       0
   10333 -2  0.250          -313     311       0       0       0
   10221  f0-1370                 1.37000   0.20000  1  0  0  0  0  1  0  7
   10221  2  0.067           211    -211       0       0       0
   10221  2  0.033           111     111       0       0       0
   10221  4  0.280           211     211    -211    -211       0
   10221  4  0.373           211    -211     111     111       0
   10221  4  0.047           111     111     111     111       0
   10221  2  0.100           321    -321       0       0       0
   10221  2  0.100           311    -311       0       0       0
   20323  K1-1400(+)             1.40000   0.17400  3  0  1  0  0  2  1  5
   20323  2  0.640           313     211       0       0       0
   20323  2  0.320           323     111       0       0       0
   20323  2  0.020           311     213       0       0       0
   20323  2  0.010           321     113       0       0       0
   20323  2  0.010           223     321       0       0       0
  -20323  K1-1400(-)             1.40000   0.17400  3  0 -1  0  0  2 -1  5
  -20323  2  0.640          -313    -211       0       0       0
  -20323  2  0.320          -323     111       0       0       0
  -20323  2  0.020          -311    -213       0       0       0
  -20323  2  0.010          -321     113       0       0       0
  -20323  2  0.010           223    -321       0       0       0
   20313  K1-1400(0)             1.40000   0.17400  3  0  1  0  0  2  0  5
   20313  2  0.640           323    -211       0       0       0
   20313  2  0.320           313     111       0       0       0
   20313  2  0.020           321    -213       0       0       0
   20313  2  0.010           311     113       0       0       0
   20313  2  0.010           223     311       0       0       0
  -20313  Anti-K1-1400(0)        1.40000   0.17400  3  0 -1  0  0  2  0  5
  -20313  2  0.640          -323     211       0       0       0
  -20313  2  0.320          -313     111       0       0       0
  -20313  2  0.020          -321     213       0       0       0
  -20313  2  0.010          -311     113       0       0       0
  -20313  2  0.010           223    -311       0       0       0
   13122  Lambda-1405             1.40700   0.05000  2  1 -1  0  0  1  0  3
   13122  2  0.333          3222    -211       0       0       0
   13122  2  0.334          3212     111       0       0       0
   13122  2  0.333          3112     211       0       0       0
  100323  K*1410(+)             1.41000   0.22700  3  0  1  0  0  2  1  6
  100323  2  0.200           311     211       0       0       0
  100323  2  0.100           321     111       0       0       0
  100323  2  0.433           313     211       0       0       0
  100323  2  0.217           323     111       0       0       0
  100323  2  0.033           311     213       0       0       0
  100323  2  0.017           321     113       0       0       0
 -100323  K*1410(-)             1.41000   0.22700  3  0 -1  0  0  2 -1  6
 -100323  2  0.200          -311    -211       0       0       0
 -100323  2  0.100          -321     111       0       0       0
 -100323  2  0.433          -313    -211       0       0       0
 -100323  2  0.217          -323     111       0       0       0
 -100323  2  0.033          -311    -213       0       0       0
 -100323  2  0.017          -321     113       0       0       0
  100313  K*1410(0)             1.41000   0.22700  3  0  1  0  0  2  0  6
  100313  2  0.200           321    -211       0       0       0
  100313  2  0.100           311     111       0       0       0
  100313  2  0.433           323    -211       0       0       0
  100313  2  0.217           313     111       0       0       0
  100313  2  0.033           321    -213       0       0       0
  100313  2  0.017           311     113       0       0       0
 -100313  Anti-K*1410(0)        1.41000   0.22700  3  0 -1  0  0  2  0  6
 -100313  2  0.200          -321     211       0       0       0
 -100313  2  0.100          -311     111       0       0       0
 -100313  2  0.433          -323     211       0       0       0
 -100313  2  0.217          -313     111       0       0       0
 -100313  2  0.033          -321     213       0       0       0
 -100313  2  0.017          -311     113       0       0       0
  100223  omega1420              1.41900   0.17400  3  0  0  0  0  1  0  3
  100223  2  0.333           213    -211       0       0       0
  100223  2  0.334           113     111       0       0       0
  100223  2  0.333          -213     211       0       0       0
   20333  f1-1420                 1.42600   0.05500  3  0  0  0  0  1  0  5
   20333  2  0.240           323    -321       0       0       0
   20333  2  0.240           313    -311       0       0       0
   20333  2  0.240          -323     321       0       0       0
   20333  2  0.240          -313     311       0       0       0
   20333  3  0.040           211    -211     111       0       0
   10321  K0*1430(+)            1.42900   0.28700  1  0  1  0  0  2  1  2
   10321  2  0.667           311     211       0       0       0
   10321  2  0.333           321     111       0       0       0
  -10321  K0*1430(-)            1.42900   0.28700  1  0 -1  0  0  2 -1  2
  -10321  2  0.667          -311    -211       0       0       0
  -10321  2  0.333          -321     111       0       0       0
   10311  K0*1430(0)            1.42900   0.28700  1  0  1  0  0  2  0  2
   10311  2  0.667           321    -211       0       0       0
   10311  2  0.333           311     111       0       0       0
  -10311  Anti-K0*1430(0)       1.42900   0.28700  1  0 -1  0  0  2  0  2
  -10311  2  0.667          -321     211       0       0       0
  -10311  2  0.333          -311     111       0       0       0
     325  K2*1430(+)            1.43000   0.10000  5  0  1  0  0  2  1 10
     325  2  0.333           311     211       0       0       0
     325  2  0.167           321     111       0       0       0
     325  2  0.167           313     211       0       0       0
     325  2  0.083           323     111       0       0       0
     325  2  0.060           311     213       0       0       0
     325  2  0.030           321     113       0       0       0
     325  2  0.030           321     223       0       0       0
     325  3  0.065           323     211    -211       0       0
     325  3  0.043           313     211     111       0       0
     325  3  0.022           323     111     111       0       0
    -325  K2*1430(-)            1.43000   0.10000  5  0 -1  0  0  2 -1 10
    -325  2  0.333          -311    -211       0       0       0
    -325  2  0.167          -321     111       0       0       0
    -325  2  0.167          -313    -211       0       0       0
    -325  2  0.083          -323     111       0       0       0
    -325  2  0.060          -311    -213       0       0       0
    -325  2  0.030          -321     113       0       0       0
    -325  2  0.030          -321     223       0       0       0
    -325  3  0.065          -323     211    -211       0       0
    -325  3  0.043          -313    -211     111       0       0
    -325  3  0.022          -323     111     111       0       0
     315  K2*1430(0)            1.43000   0.10000  5  0  1  0  0  2  0 10
     315  2  0.333           321    -211       0       0       0
     315  2  0.167           311     111       0       0       0
     315  2  0.167           323    -211       0       0       0
     315  2  0.083           313     111       0       0       0
     315  2  0.060           321    -213       0       0       0
     315  2  0.030           311     113       0       0       0
     315  2  0.030           311     223       0       0       0
     315  3  0.065           313     211    -211       0       0
     315  3  0.043           323    -211     111       0       0
     315  3  0.022           313     111     111       0       0
    -315  Anti-K2*1430(0)       1.43000   0.10000  5  0 -1  0  0  2  0 10
    -315  2  0.333          -321     211       0       0       0
    -315  2  0.167          -311     111       0       0       0
    -315  2  0.167          -323     211       0       0       0
    -315  2  0.083          -313     111       0       0       0
    -315  2  0.060          -321     213       0       0       0
    -315  2  0.030          -311     113       0       0       0
    -315  2  0.030          -311     223       0       0       0
    -315  3  0.065          -313     211    -211       0       0
    -315  3  0.043          -323     211     111       0       0
    -315  3  0.022          -313     111     111       0       0
   12212  p-1440                  1.44000   0.35000  2  1  0  0  0  2  1  8
   12212  2  0.433          2112     211       0       0       0
   12212  2  0.217          2212     111       0       0       0
   12212  2  0.125          2224    -211       0       0       0
   12212  2  0.083          2214     111       0       0       0
   12212  2  0.042          2114     211       0       0       0
   12212  3  0.050          2212     211    -211       0       0
   12212  3  0.033          2112     211     111       0       0
   12212  3  0.017          2212     111     111       0       0
   12112  n-1440                  1.44000   0.35000  2  1  0  0  0  2  0  8
   12112  2  0.433          2212    -211       0       0       0
   12112  2  0.217          2112     111       0       0       0
   12112  2  0.125          1114     211       0       0       0
   12112  2  0.083          2114     111       0       0       0
   12112  2  0.042          2214    -211       0       0       0
   12112  3  0.050          2112     211    -211       0       0
   12112  3  0.033          2212    -211     111       0       0
   12112  3  0.017          2112     111     111       0       0
  100213  rho1450(+)           1.46500   0.31000  3  0  0  0  0  3  1  3
  100213  2  0.500           211     111       0       0       0
  100213  4  0.400           211     211    -211     111       0
  100213  4  0.100           211     111     111     111       0
  100113  rho1450(0)           1.46500   0.31000  3  0  0  0  0  3  0  3
  100113  2  0.500           211    -211       0       0       0
  100113  4  0.300           211    -211     111     111       0
  100113  4  0.200           211     211    -211    -211       0
 -100213  rho1450(-)           1.46500   0.31000  3  0  0  0  0  3 -1  3
 -100213  2  0.500          -211     111       0       0       0
 -100213  4  0.400          -211     211    -211     111       0
 -100213  4  0.100          -211     111     111     111       0
   10211  a01450(+)             1.47400   0.26500  1  0  0  0  0  3  1  4
   10211  2  0.077           221     211       0       0       0
   10211  2  0.027           331     211       0       0       0
   10211  2  0.068           321    -311       0       0       0
   10211  3  0.828           223     211     111       0       0
   10111  a01450(0)             1.47400   0.26500  1  0  0  0  0  3  0  6
   10111  2  0.077           221     111       0       0       0
   10111  2  0.027           331     111       0       0       0
   10111  2  0.034           321    -321       0       0       0
   10111  2  0.034           311    -311       0       0       0
   10111  3  0.552           223     211    -211       0       0
   10111  3  0.276           223     111     111       0       0
  -10211  a01450(-)             1.47400   0.26500  1  0  0  0  0  3 -1  4
  -10211  2  0.077           221    -211       0       0       0
  -10211  2  0.027           331    -211       0       0       0
  -10211  2  0.068          -321     311       0       0       0
  -10211  3  0.828           223    -211     111       0       0
    2124  p-1520                  1.51500   0.12000  4  1  0  0  0  2  1 10
    2124  2  0.400          2112     211       0       0       0
    2124  2  0.200          2212     111       0       0       0
    2124 -2  0.100          2112     213       0       0       0
    2124 -2  0.050          2212     113       0       0       0
    2124  3  0.025          2212     211    -211       0       0
    2124  3  0.008          2212     111     111       0       0
    2124  3  0.017          2112     211     111       0       0
    2124  2  0.100          2224    -211       0       0       0
    2124  2  0.067          2214     111       0       0       0
    2124  2  0.033          2114     211       0       0       0
    1214  n-1520                  1.51500   0.12000  4  1  0  0  0  2  0 10
    1214  2  0.400          2212    -211       0       0       0
    1214  2  0.200          2112     111       0       0       0
    1214 -2  0.100          2212    -213       0       0       0
    1214 -2  0.050          2112     113       0       0       0
    1214  3  0.025          2112     211    -211       0       0
    1214  3  0.008          2112     111     111       0       0
    1214  3  0.017          2212    -211     111       0       0
    1214  2  0.100          1114     211       0       0       0
    1214  2  0.067          2114     111       0       0       0
    1214  2  0.033          2214    -211       0       0       0
    3124  Lambda1520             1.52000   0.01600  4  1 -1  0  0  1  0  9
    3124  2  0.225          2212    -321       0       0       0
    3124  2  0.225          2112    -311       0       0       0
    3124  2  0.143          3222    -211       0       0       0
    3124  2  0.144          3212     111       0       0       0
    3124  2  0.143          3112     211       0       0       0
    3124 -2  0.037          3224    -211       0       0       0
    3124 -2  0.036          3214     111       0       0       0
    3124 -2  0.037          3114     211       0       0       0
    3124  2  0.010          3122      22       0       0       0
     335  f2prime1525           1.52500   0.07600  5  0  0  0  0  1  0  5
     335  2  0.007           211    -211       0       0       0
     335  2  0.003           111     111       0       0       0
     335  2  0.100           221     221       0       0       0
     335  2  0.445           321    -321       0       0       0
     335  2  0.445           311    -311       0       0       0
    3324  Xsi(0)1530            1.53200   0.00900  4  1 -2  0  0  2  0  3
    3324  2  0.020          3322      22       0       0       0
    3324  2  0.653          3312     211       0       0       0
    3324  2  0.327          3322     111       0       0       0
    3314  Xsi(-)1530            1.53200   0.00900  4  1 -2  0  0  2 -1  3
    3314  2  0.020          3312      22       0       0       0
    3314  2  0.653          3322    -211       0       0       0
    3314  2  0.327          3312     111       0       0       0
   22212  p-1535                  1.55000   0.14000  2  1  0  0  0  2  1  8
   22212  2  0.400          2112     211       0       0       0
   22212  2  0.200          2212     111       0       0       0
   22212  2  0.300          2212     221       0       0       0
   22212  3  0.025          2212     211    -211       0       0
   22212  3  0.008          2212     111     111       0       0
   22212  3  0.017          2112     211     111       0       0
   22212 -2  0.033         12112     211       0       0       0
   22212 -2  0.017         12212     111       0       0       0
   22112  n-1535                  1.55000   0.14000  2  1  0  0  0  2  0  8
   22112  2  0.400          2212    -211       0       0       0
   22112  2  0.200          2112     111       0       0       0
   22112  2  0.300          2112     221       0       0       0
   22112  3  0.025          2112     211    -211       0       0
   22112  3  0.008          2112     111     111       0       0
   22112  3  0.017          2212    -211     111       0       0
   22112 -2  0.033         12212    -211       0       0       0
   22112 -2  0.017         12112     111       0       0       0
   23122  Lambda1600             1.60000   0.15000  2  1 -1  0  0  1  0  5
   23122  2  0.175          2212    -321       0       0       0
   23122  2  0.175          2112    -311       0       0       0
   23122  2  0.217          3222    -211       0       0       0
   23122  2  0.216          3212     111       0       0       0
   23122  2  0.217          3112     211       0       0       0
   32212  p-1650                  1.64500   0.16000  2  1  0  0  0  2  1 16
   32212  2  0.400          2112     211       0       0       0
   32212  2  0.200          2212     111       0       0       0
   32212  2  0.060          2212     221       0       0       0
   32212 -2  0.040          2112     213       0       0       0
   32212 -2  0.020          2212     113       0       0       0
   32212  3  0.020          2212     211    -211       0       0
   32212  3  0.007          2212     111     111       0       0
   32212  3  0.013          2112     211     111       0       0
   32212  2  0.050          2224    -211       0       0       0
   32212  2  0.033          2214     111       0       0       0
   32212  2  0.017          2114     211       0       0       0
   32212  2  0.033         12112     211       0       0       0
   32212  2  0.017         12212     111       0       0       0
   32212  2  0.070          3122     321       0       0       0
   32212 -2  0.013          3222     311       0       0       0
   32212 -2  0.007          3212     321       0       0       0
   32112  n-1650                  1.64500   0.16000  2  1  0  0  0  2  0 16
   32112  2  0.400          2212    -211       0       0       0
   32112  2  0.200          2112     111       0       0       0
   32112  2  0.060          2112     221       0       0       0
   32112 -2  0.040          2212    -213       0       0       0
   32112 -2  0.020          2112     113       0       0       0
   32112  3  0.020          2112     211    -211       0       0
   32112  3  0.007          2112     111     111       0       0
   32112  3  0.013          2212    -211     111       0       0
   32112  2  0.050          1114     211       0       0       0
   32112  2  0.033          2114     111       0       0       0
   32112  2  0.017          2214    -211       0       0       0
   32112  2  0.033         12212    -211       0       0       0
   32112  2  0.017         12112     111       0       0       0
   32112  2  0.070          3122     311       0       0       0
   32112 -2  0.007          3212     311       0       0       0
   32112 -2  0.013          3112     321       0       0       0
   30223  omega(1650)            1.64900   0.22000  3  0  0  0  0  1  0  5
   30223  2  0.167           213    -211       0       0       0
   30223  2  0.166           113     111       0       0       0
   30223  2  0.167          -213     211       0       0       0
   30223  3  0.333           223     211    -211       0       0
   30223  3  0.167           223     111     111       0       0
   13222  Sigma(+)1660          1.66000   0.06000  2  1 -1  0  0  3  1  4
   13222  2  0.300          2212    -311       0       0       0
   13222  2  0.175          3222     111       0       0       0
   13222  2  0.175          3212     211       0       0       0
   13222  2  0.350          3122     211       0       0       0
   13212  Sigma(0)1660          1.66000   0.06000  2  1 -1  0  0  3  0  5
   13212  2  0.150          2212    -321       0       0       0
   13212  2  0.150          2112    -311       0       0       0
   13212  2  0.175          3222    -211       0       0       0
   13212  2  0.175          3112     211       0       0       0
   13212  2  0.350          3122     111       0       0       0
   13112  Sigma(-)1660          1.66000   0.06000  2  1 -1  0  0  3 -1  4
   13112  2  0.300          2112    -321       0       0       0
   13112  2  0.175          3112     111       0       0       0
   13112  2  0.175          3212    -211       0       0       0
   13112  2  0.350          3122    -211       0       0       0
   33122  Lambda1670             1.67000   0.03500  2  1 -1  0  0  1  0  6
   33122  2  0.100          2212    -321       0       0       0
   33122  2  0.100          2112    -311       0       0       0
   33122  2  0.167          3222    -211       0       0       0
   33122  2  0.166          3212     111       0       0       0
   33122  2  0.167          3112     211       0       0       0
   33122  2  0.300          3122     221       0       0       0
   13224  Sigma(+)1670          1.67000   0.06000  4  1 -1  0  0  3  1  4
   13224  2  0.150          2212    -311       0       0       0
   13224  2  0.350          3222     111       0       0       0
   13224  2  0.350          3212     211       0       0       0
   13224  2  0.150          3122     211       0       0       0
   13214  Sigma(0)1670          1.67000   0.06000  4  1 -1  0  0  3  0  5
   13214  2  0.075          2212    -321       0       0       0
   13214  2  0.075          2112    -311       0       0       0
   13214  2  0.350          3222    -211       0       0       0
   13214  2  0.350          3112     211       0       0       0
   13214  2  0.150          3122     111       0       0       0    
   13114  Sigma(-)1670          1.67000   0.06000  4  1 -1  0  0  3 -1  4
   13114  2  0.150          2112    -321       0       0       0
   13114  2  0.350          3112     111       0       0       0
   13114  2  0.350          3212    -211       0       0       0
   13114  2  0.150          3122    -211       0       0       0
    3334  Omega                   1.67200   0.00000  4  1 -3  0  0  1 -1  1 
    3334  1  1.000          3334       0       0       0       0      
    2222  Delta1620(++)         1.67500   0.16000  2  1  0  0  0  4  2  5
    2222  2  0.150          2212     211       0       0       0
    2222 -2  0.050          2212     213       0       0       0
    2222  2  0.390          2224     111       0       0       0
    2222  2  0.260          2214     211       0       0       0
    2222  2  0.150         12212     211       0       0       0
    2122  Delta1620(+)          1.67500   0.16000  2  1  0  0  0  4  1  9
    2122  2  0.100          2212     111       0       0       0
    2122  2  0.050          2112     211       0       0       0
    2122 -2  0.033          2212     113       0       0       0
    2122 -2  0.017          2112     213       0       0       0
    2122  2  0.260          2224    -211       0       0       0
    2122  2  0.043          2214     111       0       0       0
    2122  2  0.347          2114     211       0       0       0
    2122  2  0.100         12212     111       0       0       0
    2122  2  0.050         12112     211       0       0       0
    1212  Delta1620(0)          1.67500   0.16000  2  1  0  0  0  4  0  9
    1212  2  0.100          2112     111       0       0       0
    1212  2  0.050          2212    -211       0       0       0
    1212 -2  0.033          2112     113       0       0       0
    1212 -2  0.017          2212    -213       0       0       0
    1212  2  0.260          1114     211       0       0       0
    1212  2  0.043          2114     111       0       0       0
    1212  2  0.347          2214    -211       0       0       0
    1212  2  0.100         12112     111       0       0       0
    1212  2  0.050         12212    -211       0       0       0
    1112  Delta1620(-)          1.67500   0.16000  2  1  0  0  0  4 -1  5
    1112  2  0.150          2112    -211       0       0       0
    1112 -2  0.050          2112    -213       0       0       0
    1112  2  0.390          1114     111       0       0       0
    1112  2  0.260          2114    -211       0       0       0
    1112  2  0.150         12112    -211       0       0       0
    2216  p-1675                  1.67500   0.14000  6  1  0  0  0  2  1  7
    2216  2  0.267          2112     211       0       0       0
    2216  2  0.133          2212     111       0       0       0
    2216  2  0.275          2224    -211       0       0       0
    2216  2  0.183          2214     111       0       0       0
    2216  2  0.092          2114     211       0       0       0
    2216  2  0.033         12112     211       0       0       0
    2216  2  0.017         12212     111       0       0       0
    2116  n-1675                  1.67500   0.14000  6  1  0  0  0  2  0  7
    2116  2  0.267          2212    -211       0       0       0
    2116  2  0.133          2112     111       0       0       0
    2116  2  0.275          1114     211       0       0       0
    2116  2  0.183          2114     111       0       0       0
    2116  2  0.092          2214    -211       0       0       0
    2116  2  0.033         12212    -211       0       0       0
    2116  2  0.017         12112     111       0       0       0
   30323  K*1680(+)             1.68000   0.32300  3  0  1  0  0  2  1  6
   30323  2  0.267           311     211       0       0       0
   30323  2  0.133           321     111       0       0       0
   30323  2  0.200           313     211       0       0       0
   30323  2  0.100           323     111       0       0       0
   30323  2  0.200           311     213       0       0       0
   30323  2  0.100           321     113       0       0       0
  -30323  K*1680(-)             1.68000   0.32300  3  0 -1  0  0  2 -1  6
  -30323  2  0.267          -311    -211       0       0       0
  -30323  2  0.133          -321     111       0       0       0
  -30323  2  0.200          -313    -211       0       0       0
  -30323  2  0.100          -323     111       0       0       0
  -30323  2  0.200          -311    -213       0       0       0
  -30323  2  0.100          -321     113       0       0       0
   30313  K*1680(0)             1.68000   0.32300  3  0  1  0  0  2  0  6
   30313  2  0.267           321    -211       0       0       0
   30313  2  0.133           311     111       0       0       0
   30313  2  0.200           323    -211       0       0       0
   30313  2  0.100           313     111       0       0       0
   30313  2  0.200           321    -213       0       0       0
   30313  2  0.100           311     113       0       0       0
  -30313  Anti-K*1680(0)        1.68000   0.32300  3  0 -1  0  0  2  0  6
  -30313  2  0.267          -321     211       0       0       0
  -30313  2  0.133          -311     111       0       0       0
  -30313  2  0.200          -323     211       0       0       0
  -30313  2  0.100          -313     111       0       0       0
  -30313  2  0.200          -321     213       0       0       0
  -30313  2  0.100          -311     113       0       0       0
   12216  p-1680                  1.68000   0.12000  6  1  0  0  0  2  1 12
   12216  2  0.400          2112     211       0       0       0
   12216  2  0.200          2212     111       0       0       0
   12216 -2  0.067          2112     213       0       0       0
   12216 -2  0.033          2212     113       0       0       0
   12216  3  0.050          2212     211    -211       0       0
   12216  3  0.017          2212     111     111       0       0
   12216  3  0.033          2112     211     111       0       0
   12216  2  0.075          2224    -211       0       0       0
   12216  2  0.050          2214     111       0       0       0
   12216  2  0.025          2114     211       0       0       0
   12216  2  0.033         12112     211       0       0       0
   12216  2  0.017         12212     111       0       0       0
   12116  n-1680                  1.68000   0.12000  6  1  0  0  0  2  0 12
   12116  2  0.400          2212    -211       0       0       0
   12116  2  0.200          2112     111       0       0       0
   12116 -2  0.067          2212    -213       0       0       0
   12116 -2  0.033          2112     113       0       0       0
   12116  3  0.050          2112     211    -211       0       0
   12116  3  0.017          2112     111     111       0       0
   12116  3  0.033          2212    -211     111       0       0
   12116  2  0.075          1114     211       0       0       0
   12116  2  0.050          2114     111       0       0       0
   12116  2  0.025          2214    -211       0       0       0
   12116  2  0.033         12212    -211       0       0       0
   12116  2  0.017         12112     111       0       0       0
  100333  phi-1680                1.68100   0.15000  3  0  0  0  0  1  0 10
  100333  2  0.200           323    -321       0       0       0
  100333  2  0.200           313    -311       0       0       0
  100333  2  0.200          -323     321       0       0       0
  100333  2  0.200          -313     311       0       0       0
  100333  2  0.050           321    -321       0       0       0
  100333  2  0.050           311    -311       0       0       0
  100333  3  0.033           311    -321     211       0       0
  100333  3  0.017           321    -321     111       0       0
  100333  3  0.017           311    -311     111       0       0
  100333  3  0.033           321    -311    -211       0       0
   13124  Lambda1690             1.69000   0.06000  4  1 -1  0  0  1  0  8
   13124  2  0.125          2212    -321       0       0       0
   13124  2  0.125          2112    -311       0       0       0
   13124  2  0.150          3222    -211       0       0       0
   13124  2  0.150          3212     111       0       0       0
   13124  2  0.150          3112     211       0       0       0
   13124  2  0.100          3224    -211       0       0       0
   13124  2  0.100          3214     111       0       0       0
   13124  2  0.100          3114     211       0       0       0
   32224  Delta1600(++)         1.70000   0.35000  4  1  0  0  0  4  2  4
   32224  2  0.100          2212     211       0       0       0
   32224  2  0.390          2224     111       0       0       0
   32224  2  0.260          2214     211       0       0       0
   32224  2  0.250         12212     211       0       0       0
   32214  Delta1600(+)          1.70000   0.35000  4  1  0  0  0  4  1  7
   32214  2  0.067          2212     111       0       0       0
   32214  2  0.033          2112     211       0       0       0
   32214  2  0.260          2224    -211       0       0       0
   32214  2  0.043          2214     111       0       0       0
   32214  2  0.347          2114     211       0       0       0
   32214  2  0.167         12212     111       0       0       0
   32214  2  0.083         12112     211       0       0       0
   32114  Delta1600(0)          1.70000   0.35000  4  1  0  0  0  4  0  7
   32114  2  0.067          2112     111       0       0       0
   32114  2  0.033          2212    -211       0       0       0
   32114  2  0.260          1114     211       0       0       0
   32114  2  0.043          2114     111       0       0       0
   32114  2  0.347          2214    -211       0       0       0
   32114  2  0.167         12112     111       0       0       0
   32114  2  0.083         12212    -211       0       0       0
   31114  Delta1600(-)          1.70000   0.35000  4  1  0  0  0  4 -1  4
   31114  2  0.100          2112    -211       0       0       0
   31114  2  0.390          1114     111       0       0       0
   31114  2  0.260          2114    -211       0       0       0
   31114  2  0.250         12112    -211       0       0       0
   13322  Xsi(0)1690            1.70000   0.05000  2  1 -2  0  0  2  0  5
   13322  2  0.067          3312     211       0       0       0
   13322  2  0.033          3322     111       0       0       0
   13322  2  0.700          3122    -311       0       0       0
   13322  2  0.133          3222    -321       0       0       0
   13322  2  0.067          3212    -311       0       0       0
   13312  Xsi(-)1690            1.70000   0.05000  2  1 -2  0  0  2 -1  5
   13312  2  0.067          3322    -211       0       0       0
   13312  2  0.033          3312     111       0       0       0
   13312  2  0.700          3122    -321       0       0       0
   13312  2  0.133          3112    -311       0       0       0
   13312  2  0.067          3212    -321       0       0       0
   42212  p-1710                  1.71000   0.14000  2  1  0  0  0  2  1 16
   42212  2  0.107          2112     211       0       0       0
   42212  2  0.053          2212     111       0       0       0
   42212  2  0.150          2212     221       0       0       0
   42212  2  0.033          2112     213       0       0       0
   42212  2  0.017          2212     113       0       0       0
   42212  3  0.105          2212     211    -211       0       0
   42212  3  0.035          2212     111     111       0       0
   42212  3  0.070          2112     211     111       0       0
   42212  2  0.100          2224    -211       0       0       0
   42212  2  0.067          2214     111       0       0       0
   42212  2  0.033          2114     211       0       0       0
   42212  2  0.067         12112     211       0       0       0
   42212  2  0.033         12212     111       0       0       0
   42212  2  0.100          3122     321       0       0       0
   42212  2  0.020          3222     311       0       0       0
   42212  2  0.010          3212     321       0       0       0
   42112  n-1710                  1.71000   0.14000  2  1  0  0  0  2  0 16
   42112  2  0.107          2212    -211       0       0       0
   42112  2  0.053          2112     111       0       0       0
   42112  2  0.150          2112     221       0       0       0
   42112  2  0.033          2212    -213       0       0       0
   42112  2  0.017          2112     113       0       0       0
   42112  3  0.105          2112     211    -211       0       0
   42112  3  0.035          2112     111     111       0       0
   42112  3  0.070          2212    -211     111       0       0
   42112  2  0.100          1114     211       0       0       0
   42112  2  0.067          2114     111       0       0       0
   42112  2  0.033          2214    -211       0       0       0
   42112  2  0.067         12212    -211       0       0       0
   42112  2  0.033         12112     111       0       0       0
   42112  2  0.100          3122     311       0       0       0
   42112  2  0.010          3212     311       0       0       0
   42112  2  0.020          3112     321       0       0       0
   30213  rho1700(+)           1.72000   0.24000  3  0  0  0  0  3  1  7
   30213  2  0.200           211     111       0       0       0
   30213  4  0.080           211     211    -211     111       0
   30213  4  0.020           211     111     111     111       0
   30213  3  0.140          -213     211     211       0       0
   30213  3  0.187           113     211     111       0       0
   30213  3  0.280           213     211    -211       0       0
   30213  3  0.093           213     111     111       0       0
   30113  rho1700(0)           1.72000   0.24000  3  0  0  0  0  3  0  7
   30113  2  0.200           211    -211       0       0       0
   30113  4  0.040           211     211    -211    -211       0
   30113  4  0.060           211    -211     111     111       0
   30113  3  0.187           213    -211     111       0       0
   30113  3  0.187           113     211    -211       0       0
   30113  3  0.187          -213     211     111       0       0
   30113  3  0.139           113     111     111       0       0
  -30213  rho1700(-)           1.72000   0.24000  3  0  0  0  0  3 -1  7
  -30213  2  0.200          -211     111       0       0       0
  -30213  4  0.080          -211     211    -211     111       0
  -30213  4  0.020          -211     111     111     111       0
  -30213  3  0.140           213    -211    -211       0       0
  -30213  3  0.187           113    -211     111       0       0
  -30213  3  0.280          -213     211    -211       0       0
  -30213  3  0.093          -213     111     111       0       0
   32124  p-1720                  1.72000   0.15000  4  1  0  0  0  2  1 10
   32124  2  0.067          2112     211       0       0       0
   32124  2  0.033          2212     111       0       0       0
   32124  2  0.487          2112     213       0       0       0
   32124  2  0.243          2212     113       0       0       0
   32124  3  0.025          2212     211    -211       0       0
   32124  3  0.008          2212     111     111       0       0
   32124  3  0.017          2112     211     111       0       0
   32124  2  0.100          3122     321       0       0       0
   32124  2  0.013          3222     311       0       0       0
   32124  2  0.007          3212     321       0       0       0
   31214  n-1720                  1.72000   0.15000  4  1  0  0  0  2  0 10
   31214  2  0.067          2212    -211       0       0       0
   31214  2  0.033          2112     111       0       0       0
   31214  2  0.487          2212    -213       0       0       0
   31214  2  0.243          2112     113       0       0       0
   31214  3  0.025          2112     211    -211       0       0
   31214  3  0.008          2112     111     111       0       0
   31214  3  0.017          2212    -211     111       0       0
   31214  2  0.100          3122     311       0       0       0
   31214  2  0.007          3212     311       0       0       0
   31214  2  0.013          3112     321       0       0       0
   22124  p-1700                  1.73000   0.12000  4  1  0  0  0  2  1 12
   22124  2  0.033          2112     211       0       0       0
   22124  2  0.017          2212     111       0       0       0
   22124  2  0.133          2112     213       0       0       0
   22124  2  0.067          2212     113       0       0       0
   22124  3  0.150          2212     211    -211       0       0
   22124  3  0.050          2212     111     111       0       0
   22124  3  0.100          2112     211     111       0       0
   22124  2  0.200          2224    -211       0       0       0
   22124  2  0.133          2214     111       0       0       0
   22124  2  0.067          2114     211       0       0       0
   22124  2  0.033         12112     211       0       0       0
   22124  2  0.017         12212     111       0       0       0
   21214  n-1700                  1.73000   0.12000  4  1  0  0  0  2  0 12
   21214  2  0.033          2212    -211       0       0       0
   21214  2  0.017          2112     111       0       0       0
   21214  2  0.133          2212    -213       0       0       0
   21214  2  0.067          2112     113       0       0       0
   21214  3  0.150          2112     211    -211       0       0
   21214  3  0.050          2112     111     111       0       0
   21214  3  0.100          2212    -211     111       0       0
   21214  2  0.200          1114     211       0       0       0
   21214  2  0.133          2114     111       0       0       0
   21214  2  0.067          2214    -211       0       0       0
   21214  2  0.033         12212    -211       0       0       0
   21214  2  0.017         12112     111       0       0       0
   12224  Delta1700(++)         1.75000   0.35000  4  1  0  0  0  4  2  4
   12224  2  0.200          2212     211       0       0       0
   12224  2  0.250          2212     213       0       0       0
   12224  2  0.330          2224     111       0       0       0
   12224  2  0.220          2214     211       0       0       0
   12214  Delta1700(+)          1.75000   0.35000  4  1  0  0  0  4  1  7
   12214  2  0.133          2212     111       0       0       0
   12214  2  0.067          2112     211       0       0       0
   12214  2  0.167          2212     113       0       0       0
   12214  2  0.083          2112     213       0       0       0
   12214  2  0.220          2224    -211       0       0       0
   12214  2  0.037          2214     111       0       0       0
   12214  2  0.293          2114     211       0       0       0
   12114  Delta1700(0)          1.75000   0.35000  4  1  0  0  0  4  0  7
   12114  2  0.133          2112     111       0       0       0
   12114  2  0.067          2212    -211       0       0       0
   12114  2  0.167          2112     113       0       0       0
   12114  2  0.083          2212    -213       0       0       0
   12114  2  0.220          1114     211       0       0       0
   12114  2  0.037          2114     111       0       0       0
   12114  2  0.293          2214    -211       0       0       0
   11114  Delta1700(-)          1.75000   0.35000  4  1  0  0  0  4 -1  4
   11114  2  0.200          2112    -211       0       0       0
   11114  2  0.250          2112    -213       0       0       0
   11114  2  0.330          1114     111       0       0       0
   11114  2  0.220          2114    -211       0       0       0
   23222  Sigma(+)1750          1.75000   0.09000  2  1 -1  0  0  3  1  4
   23222  2  0.400          2212    -311       0       0       0
   23222  2  0.025          3224     111       0       0       0
   23222  2  0.025          3214     211       0       0       0
   23222  2  0.550          3222     221       0       0       0
   23212  Sigma(0)1750          1.75000   0.09000  2  1 -1  0  0  3  0  5
   23212  2  0.200          2212    -321       0       0       0
   23212  2  0.200          2112    -311       0       0       0
   23212  2  0.025          3224    -211       0       0       0
   23212  2  0.025          3114     211       0       0       0
   23212  2  0.550          3212     221       0       0       0    
   23112  Sigma(-)1750          1.75000   0.09000  2  1 -1  0  0  3 -1  4
   23112  2  0.400          2112    -321       0       0       0
   23112  2  0.025          3114     111       0       0       0
   23112  2  0.025          3214    -211       0       0       0
   23112  2  0.550          3112     221       0       0       0
    3226  Sigma(+)1775          1.77500   0.12000  6  1 -1  0  0  3  1  7
    3226  2  0.400          2212    -311       0       0       0
    3226  2  0.020          3222     111       0       0       0
    3226  2  0.020          3212     211       0       0       0
    3226  2  0.050          3224     111       0       0       0
    3226  2  0.050          3214     211       0       0       0
    3226  2  0.230          3122     211       0       0       0
    3226  2  0.230          3124     211       0       0       0
    3216  Sigma(0)1775          1.77500   0.12000  6  1 -1  0  0  3  0  8
    3216  2  0.200          2212    -321       0       0       0
    3216  2  0.200          2112    -311       0       0       0
    3216  2  0.020          3222    -211       0       0       0
    3216  2  0.020          3112     211       0       0       0
    3216  2  0.050          3224    -211       0       0       0
    3216  2  0.050          3114     211       0       0       0
    3216  2  0.230          3124     111       0       0       0
    3216  2  0.230          3122     111       0       0       0    
    3116  Sigma(-)1775          1.77500   0.12000  6  1 -1  0  0  3 -1  7
    3116  2  0.400          2112    -321       0       0       0
    3116  2  0.020          3112     111       0       0       0
    3116  2  0.020          3212    -211       0       0       0
    3116  2  0.050          3114     111       0       0       0
    3116  2  0.050          3214    -211       0       0       0
    3116  2  0.230          3122    -211       0       0       0
    3116  2  0.230          3124    -211       0       0       0
   43122  Lambda1800             1.80000   0.30000  2  1 -1  0  0  1  0 10
   43122  2  0.200          2212    -321       0       0       0
   43122  2  0.200          2112    -311       0       0       0
   43122 -2  0.100          2212    -323       0       0       0
   43122 -2  0.100          2112    -313       0       0       0
   43122  2  0.067          3222    -211       0       0       0
   43122  2  0.066          3212     111       0       0       0
   43122  2  0.067          3112     211       0       0       0
   43122  2  0.067          3224    -211       0       0       0
   43122  2  0.066          3214     111       0       0       0
   43122  2  0.067          3114     211       0       0       0
   53122  Lambda1810             1.81000   0.15000  2  1 -1  0  0  1  0 10
   53122  2  0.175          2212    -321       0       0       0
   53122  2  0.175          2112    -311       0       0       0
   53122 -2  0.225          2212    -323       0       0       0
   53122 -2  0.225          2112    -313       0       0       0
   53122  2  0.050          3222    -211       0       0       0
   53122  2  0.050          3212     111       0       0       0
   53122  2  0.050          3112     211       0       0       0
   53122  2  0.017          3222    -211       0       0       0
   53122  2  0.016          3212     111       0       0       0
   53122  2  0.017          3112     211       0       0       0
    3126  Lambda1820             1.82000   0.08000  6  1 -1  0  0  1  0  9
    3126  2  0.325          2212    -321       0       0       0
    3126  2  0.325          2112    -311       0       0       0
    3126  2  0.047          3222    -211       0       0       0
    3126  2  0.046          3212     111       0       0       0
    3126  2  0.047          3112     211       0       0       0
    3126  2  0.033          3224    -211       0       0       0
    3126  2  0.034          3214     111       0       0       0
    3126  2  0.033          3114     211       0       0       0
    3126  2  0.110          3122     221       0       0       0
   13324  Xsi(0)1820            1.82300   0.02400  4  1 -2  0  0  2  0  5
   13324  2  0.050          3322     111       0       0       0
   13324  2  0.100          3312     211       0       0       0
   13324  2  0.700          3122    -311       0       0       0
   13324  2  0.100          3222    -321       0       0       0
   13324  2  0.050          3212    -311       0       0       0
   13314  Xsi(-)1820            1.82300   0.02400  4  1 -2  0  0  2 -1  5
   13314  2  0.100          3322    -211       0       0       0
   13314  2  0.050          3312     111       0       0       0
   13314  2  0.700          3122    -321       0       0       0
   13314  2  0.050          3212    -321       0       0       0
   13314  2  0.100          3112    -311       0       0       0
   13126  Lambda1830             1.83000   0.09500  6  1 -1  0  0  1  0  8
   13126  2  0.050          2212    -321       0       0       0
   13126  2  0.050          2112    -311       0       0       0
   13126  2  0.233          3222    -211       0       0       0
   13126  2  0.234          3212     111       0       0       0
   13126  2  0.233          3112     211       0       0       0
   13126  2  0.067          3224    -211       0       0       0
   13126  2  0.066          3214     111       0       0       0
   13126  2  0.067          3114     211       0       0       0
   12222  Delta1900(++)         1.84000   0.26000  2  1  0  0  0  4  2  5
   12222  2  0.250          2212     211       0       0       0
   12222  2  0.250          2212     213       0       0       0
   12222  2  0.150          2224     111       0       0       0
   12222  2  0.100          2214     211       0       0       0
   12222  2  0.250         12212     211       0       0       0
   12122  Delta1900(+)          1.84000   0.26000  2  1  0  0  0  4  1  9
   12122  2  0.167          2212     111       0       0       0
   12122  2  0.083          2112     211       0       0       0
   12122  2  0.167          2212     113       0       0       0
   12122  2  0.083          2112     213       0       0       0
   12122  2  0.100          2224    -211       0       0       0
   12122  2  0.017          2214     111       0       0       0
   12122  2  0.133          2114     211       0       0       0
   12122  2  0.167         12212     111       0       0       0
   12122  2  0.083         12112     211       0       0       0
   11212  Delta1900(0)          1.84000   0.26000  2  1  0  0  0  4  0  9
   11212  2  0.167          2112     111       0       0       0
   11212  2  0.083          2212    -211       0       0       0
   11212  2  0.167          2112     113       0       0       0
   11212  2  0.083          2212    -213       0       0       0
   11212  2  0.100          1114     211       0       0       0
   11212  2  0.017          2114     111       0       0       0
   11212  2  0.133          2214    -211       0       0       0
   11212  2  0.167         12112     111       0       0       0
   11212  2  0.083         12212    -211       0       0       0
   11112  Delta1900(-)          1.84000   0.26000  2  1  0  0  0  4 -1  5
   11112  2  0.250          2112    -211       0       0       0
   11112  2  0.250          2112    -213       0       0       0
   11112  2  0.150          1114     111       0       0       0
   11112  2  0.100          2114    -211       0       0       0
   11112  2  0.250         12112    -211       0       0       0
   42124  p-1900                  1.85000   0.50000  4  1  0  0  0  2  1  7
   42124  2  0.200          2112     211       0       0       0
   42124  2  0.100          2212     111       0       0       0
   42124  2  0.140          2212     221       0       0       0
   42124  2  0.390          2212     223       0       0       0
   42124  2  0.100          2112     213       0       0       0
   42124  2  0.050          2212     113       0       0       0
   42124  2  0.020          3122     321       0       0       0
   41214  n-1900                  1.85000   0.50000  4  1  0  0  0  2  0  7
   41214  2  0.200          2212    -211       0       0       0
   41214  2  0.100          2112     111       0       0       0
   41214  2  0.140          2112     221       0       0       0
   41214  2  0.390          2112     223       0       0       0
   41214  2  0.100          2212    -213       0       0       0
   41214  2  0.050          2112     113       0       0       0
   41214  2  0.020          3122     311       0       0       0
     337  phi31850               1.85400   0.08700  7  0  0  0  0  1  0  6
     337  2  0.322           321    -321       0       0       0
     337  2  0.322           311    -311       0       0       0
     337  2  0.089           323    -321       0       0       0
     337  2  0.089           313    -311       0       0       0
     337  2  0.089          -323     321       0       0       0
     337  2  0.089          -313     311       0       0       0
    2226  Delta1905(++)         1.88000   0.35000  6  1  0  0  0  4  2  4
    2226  2  0.180          2212     211       0       0       0
    2226  2  0.800          2212     213       0       0       0
    2226  2  0.012          2224     111       0       0       0
    2226  2  0.008          2214     211       0       0       0
    2126  Delta1905(+)          1.88000   0.35000  6  1  0  0  0  4  1  7
    2126  2  0.120          2212     111       0       0       0
    2126  2  0.060          2112     211       0       0       0
    2126  2  0.533          2212     113       0       0       0
    2126  2  0.267          2112     213       0       0       0
    2126  2  0.008          2224    -211       0       0       0
    2126  2  0.001          2214     111       0       0       0
    2126  2  0.011          2114     211       0       0       0
    1216  Delta1905(0)          1.88000   0.35000  6  1  0  0  0  4  0  7
    1216  2  0.120          2112     111       0       0       0
    1216  2  0.060          2212    -211       0       0       0
    1216  2  0.533          2112     113       0       0       0
    1216  2  0.267          2212    -213       0       0       0
    1216  2  0.008          1114     211       0       0       0
    1216  2  0.001          2114     111       0       0       0
    1216  2  0.011          2214    -211       0       0       0
    1116  Delta1905(-)          1.88000   0.35000  6  1  0  0  0  4 -1  4
    1116  2  0.180          2112    -211       0       0       0
    1116  2  0.800          2112    -213       0       0       0
    1116  2  0.012          1114     111       0       0       0
    1116  2  0.008          2114    -211       0       0       0
   23124  Lambda1890             1.89000   0.10000  4  1 -1  0  0  1  0 11
   23124  2  0.175          2212    -321       0       0       0
   23124  2  0.175          2112    -311       0       0       0
   23124  2  0.100          2212    -323       0       0       0
   23124  2  0.100          2112    -313       0       0       0
   23124  2  0.033          3222    -211       0       0       0
   23124  2  0.034          3212     111       0       0       0
   23124  2  0.033          3112     211       0       0       0
   23124  2  0.100          3224    -211       0       0       0
   23124  2  0.100          3214     111       0       0       0
   23124  2  0.100          3114     211       0       0       0
   23124 -2  0.050          3122     223       0       0       0
   22222  Delta1910(++)         1.90000   0.25000  2  1  0  0  0  4  2  5
   22222  2  0.300          2212     211       0       0       0
   22222  2  0.100          2212     213       0       0       0
   22222  2  0.210          2224     111       0       0       0
   22222  2  0.140          2214     211       0       0       0
   22222  2  0.250         12212     211       0       0       0
   22122  Delta1910(+)          1.90000   0.25000  2  1  0  0  0  4  1  9
   22122  2  0.200          2212     111       0       0       0
   22122  2  0.100          2112     211       0       0       0
   22122  2  0.067          2212     113       0       0       0
   22122  2  0.033          2112     213       0       0       0
   22122  2  0.140          2224    -211       0       0       0
   22122  2  0.023          2214     111       0       0       0
   22122  2  0.187          2114     211       0       0       0
   22122  2  0.167         12212     111       0       0       0
   22122  2  0.083         12112     211       0       0       0
   21212  Delta1910(0)          1.90000   0.25000  2  1  0  0  0  4  0  9
   21212  2  0.200          2112     111       0       0       0
   21212  2  0.100          2212    -211       0       0       0
   21212  2  0.067          2112     113       0       0       0
   21212  2  0.033          2212    -213       0       0       0
   21212  2  0.140          1114     211       0       0       0
   21212  2  0.023          2114     111       0       0       0
   21212  2  0.187          2214    -211       0       0       0
   21212  2  0.167         12112     111       0       0       0
   21212  2  0.083         12212    -211       0       0       0
   21112  Delta1910(-)          1.90000   0.25000  2  1  0  0  0  4 -1  5
   21112  2  0.300          2112    -211       0       0       0
   21112  2  0.100          2112    -213       0       0       0
   21112  2  0.210          1114     111       0       0       0
   21112  2  0.140          2114    -211       0       0       0
   21112  2  0.250         12112    -211       0       0       0
  200333  phi1900                1.91000   0.09000  3  0  0  0  0  1  0  5
  200333  2  0.133           211    -211       0       0       0
  200333  2  0.067           111     111       0       0       0
  200333  2  0.100           221     221       0       0       0
  200333  2  0.350           321    -321       0       0       0
  200333  2  0.350           311    -311       0       0       0
   13226  Sigma(+)1915          1.91500   0.12000  6  1 -1  0  0  3  1  6
   13226  2  0.150          2212    -311       0       0       0
   13226  2  0.200          3222     111       0       0       0
   13226  2  0.200          3212     211       0       0       0
   13226  2  0.025          3224     111       0       0       0
   13226  2  0.025          3214     211       0       0       0
   13226  2  0.400          3122     211       0       0       0
   13216  Sigma(0)1915          1.91500   0.12000  6  1 -1  0  0  3  0  7
   13216  2  0.075          2212    -321       0       0       0
   13216  2  0.075          2112    -311       0       0       0
   13216  2  0.200          3222    -211       0       0       0
   13216  2  0.200          3112     211       0       0       0
   13216  2  0.025          3224    -211       0       0       0
   13216  2  0.025          3114     211       0       0       0
   13216  2  0.400          3122     111       0       0       0    
   13116  Sigma(-)1915          1.91500   0.12000  6  1 -1  0  0  3 -1  6
   13116  2  0.150          2112    -321       0       0       0
   13116  2  0.200          3112     111       0       0       0
   13116  2  0.200          3212    -211       0       0       0
   13116  2  0.025          3114     111       0       0       0
   13116  2  0.025          3214    -211       0       0       0
   13116  2  0.400          3122    -211       0       0       0
   22224  Delta1920(++)         1.92000   0.20000  4  1  0  0  0  4  2  5
   22224  2  0.270          2212     211       0       0       0
   22224  2  0.240          2224     111       0       0       0
   22224  2  0.160          2214     211       0       0       0
   22224  2  0.300         12212     211       0       0       0
   22224  2  0.030          3222     321       0       0       0
   22214  Delta1920(+)          1.92000   0.20000  4  1  0  0  0  4  1  9
   22214  2  0.180          2212     111       0       0       0
   22214  2  0.090          2112     211       0       0       0
   22214  2  0.160          2224    -211       0       0       0
   22214  2  0.027          2214     111       0       0       0
   22214  2  0.213          2114     211       0       0       0
   22214  2  0.200         12212     111       0       0       0
   22214  2  0.100         12112     211       0       0       0
   22214  2  0.010          3222     311       0       0       0
   22214  2  0.020          3212     321       0       0       0
   22114  Delta1920(0)          1.92000   0.20000  4  1  0  0  0  4  0  9
   22114  2  0.180          2112     111       0       0       0
   22114  2  0.090          2212    -211       0       0       0
   22114  2  0.160          1114     211       0       0       0
   22114  2  0.027          2114     111       0       0       0
   22114  2  0.213          2214    -211       0       0       0
   22114  2  0.200         12112     111       0       0       0
   22114  2  0.100         12212    -211       0       0       0
   22114  2  0.010          3112     321       0       0       0
   22114  2  0.020          3212     311       0       0       0
   21114  Delta1920(-)          1.92000   0.20000  4  1  0  0  0  4 -1  5
   21114  2  0.270          2112    -211       0       0       0
   21114  2  0.240          1114     111       0       0       0
   21114  2  0.160          2114    -211       0       0       0
   21114  2  0.300         12112    -211       0       0       0
   21114  2  0.030          3112     311       0       0       0
   23224  Sigma(+)1940          1.94000   0.22000  4  1 -1  0  0  3  1 10
   23224  2  0.100          2212    -311       0       0       0
   23224  2  0.150          2212    -313       0       0       0
   23224  2  0.075          3222     111       0       0       0
   23224  2  0.075          3212     211       0       0       0
   23224  2  0.075          3224     111       0       0       0
   23224  2  0.075          3214     211       0       0       0
   23224  2  0.150          3122     211       0       0       0
   23224  2  0.150          3124     211       0       0       0
   23224  2  0.113          2224    -321       0       0       0
   23224  2  0.037          2214    -311       0       0       0
   23214  Sigma(0)1940          1.94000   0.22000  4  1 -1  0  0  3  0 12
   23214  2  0.050          2212    -321       0       0       0
   23214  2  0.050          2112    -311       0       0       0
   23214  2  0.075          2212    -323       0       0       0
   23214  2  0.075          2112    -313       0       0       0
   23214  2  0.075          3222    -211       0       0       0
   23214  2  0.075          3112     211       0       0       0
   23214  2  0.075          3224    -211       0       0       0
   23214  2  0.075          3114     211       0       0       0
   23214  2  0.150          3122     111       0       0       0    
   23214  2  0.150          3124     111       0       0       0
   23214  2  0.075          2214    -321       0       0       0
   23214  2  0.075          2114    -311       0       0       0
   23114  Sigma(-)1940          1.94000   0.22000  4  1 -1  0  0  3 -1 10
   23114  2  0.100          2112    -321       0       0       0
   23114  2  0.150          2112    -323       0       0       0
   23114  2  0.075          3112     111       0       0       0
   23114  2  0.075          3212    -211       0       0       0
   23114  2  0.075          3114     111       0       0       0
   23114  2  0.075          3214    -211       0       0       0
   23114  2  0.150          3122    -211       0       0       0
   23114  2  0.150          3124    -211       0       0       0
   23114  2  0.113          1114    -311       0       0       0
   23114  2  0.037          2114    -321       0       0       0
   12128  p-1990                  1.95000   0.55000  8  1  0  0  0  2  1 14
   12128  2  0.080          2112     211       0       0       0
   12128  2  0.040          2212     111       0       0       0
   12128  2  0.287          2112     213       0       0       0
   12128  2  0.143          2212     113       0       0       0
   12128  3  0.063          2112     211     111       0       0
   12128  3  0.032          2212     111     111       0       0
   12128  3  0.095          2212     211    -211       0       0
   12128  2  0.023          2114     211       0       0       0
   12128  2  0.047          2214     111       0       0       0
   12128  2  0.070          2224    -211       0       0       0
   12128  2  0.033         12112     211       0       0       0
   12128  2  0.017         12212     111       0       0       0
   12128  2  0.030          3122     321       0       0       0
   12128  2  0.040          2212 9010221       0       0       0
   11218  n-1990                  1.95000   0.55000  8  1  0  0  0  2  0 14
   11218  2  0.080          2212    -211       0       0       0
   11218  2  0.040          2112     111       0       0       0
   11218  2  0.287          2212    -213       0       0       0
   11218  2  0.143          2112     113       0       0       0
   11218  3  0.063          2212    -211     111       0       0
   11218  3  0.032          2112     111     111       0       0
   11218  3  0.095          2112     211    -211       0       0
   11218  2  0.023          2214    -211       0       0       0
   11218  2  0.047          2114     111       0       0       0
   11218  2  0.070          1114     211       0       0       0
   11218  2  0.033         12212    -211       0       0       0
   11218  2  0.017         12112     111       0       0       0
   11218  2  0.030          3122     311       0       0       0
   11218  2  0.040          2112 9010221       0       0       0
   23324  Xsi(0)1950            1.95000   0.06000  4  1 -2  0  0  2  0  5
   23324  2  0.167          3312     211       0       0       0
   23324  2  0.083          3322     111       0       0       0
   23324  2  0.500          3122    -311       0       0       0
   23324  2  0.167          3222    -321       0       0       0
   23324  2  0.083          3212    -311       0       0       0
   23314  Xsi(-)1950            1.95000   0.06000  4  1 -2  0  0  2 -1  5
   23314  2  0.167          3322    -211       0       0       0
   23314  2  0.083          3312     111       0       0       0 
   23314  2  0.500          3122    -321       0       0       0
   23314  2  0.083          3212    -321       0       0       0
   23314  2  0.167          3112    -311       0       0       0
   12226  Delta1930(++)         1.97000   0.35000  6  1  0  0  0  4  2  6
   12226  2  0.150          2212     211       0       0       0
   12226  2  0.220          2212     213       0       0       0
   12226  2  0.120          2224     111       0       0       0
   12226  2  0.080          2214     211       0       0       0
   12226  2  0.280         12212     211       0       0       0
   12226  2  0.150          3222     321       0       0       0
   12126  Delta1930(+)          1.97000   0.35000  6  1  0  0  0  4  1 11
   12126  2  0.100          2212     111       0       0       0
   12126  2  0.050          2112     211       0       0       0
   12126  2  0.147          2212     113       0       0       0
   12126  2  0.073          2112     213       0       0       0
   12126  2  0.080          2224    -211       0       0       0
   12126  2  0.013          2214     111       0       0       0
   12126  2  0.107          2114     211       0       0       0
   12126  2  0.187         12212     111       0       0       0
   12126  2  0.093         12112     211       0       0       0
   12126  2  0.050          3222     311       0       0       0
   12126  2  0.100          3212     321       0       0       0
   11216  Delta1930(0)          1.97000   0.35000  6  1  0  0  0  4  0 11
   11216  2  0.100          2112     111       0       0       0
   11216  2  0.050          2212    -211       0       0       0
   11216  2  0.147          2112     113       0       0       0
   11216  2  0.073          2212    -213       0       0       0
   11216  2  0.080          1114     211       0       0       0
   11216  2  0.013          2114     111       0       0       0
   11216  2  0.107          2214    -211       0       0       0
   11216  2  0.187         12112     111       0       0       0
   11216  2  0.093         12212    -211       0       0       0
   11216  2  0.100          3212     311       0       0       0
   11216  2  0.050          3112     321       0       0       0
   11116  Delta1930(-)          1.97000   0.35000  6  1  0  0  0  4 -1  6
   11116  2  0.150          2112    -211       0       0       0
   11116  2  0.220          2112    -213       0       0       0
   11116  2  0.120          1114     111       0       0       0
   11116  2  0.080          2114    -211       0       0       0
   11116  2  0.280         12112    -211       0       0       0
   11116  2  0.150          3112     311       0       0       0
    2228  Delta1950(++)         1.99000   0.35000  8  1  0  0  0  4  2  7
    2228  2  0.380          2212     211       0       0       0
    2228  2  0.080          2212     213       0       0       0
    2228  2  0.120          2224     111       0       0       0
    2228  2  0.080          2214     211       0       0       0
    2228  2  0.180         12212     211       0       0       0
    2228  2  0.120          3222     321       0       0       0
    2228  2  0.040       9000211    2212       0       0       0
    2218  Delta1950(+)          1.99000   0.35000  8  1  0  0  0  4  1 13
    2218  2  0.253          2212     111       0       0       0
    2218  2  0.127          2112     211       0       0       0
    2218  2  0.053          2212     113       0       0       0
    2218  2  0.027          2112     213       0       0       0
    2218  2  0.080          2224    -211       0       0       0
    2218  2  0.013          2214     111       0       0       0
    2218  2  0.107          2114     211       0       0       0
    2218  2  0.120         12212     111       0       0       0
    2218  2  0.060         12112     211       0       0       0
    2218  2  0.040          3222     311       0       0       0
    2218  2  0.080          3212     321       0       0       0
    2218  2  0.027       9000111    2212       0       0       0
    2218  2  0.013       9000211    2112       0       0       0
    2118  Delta1950(0)          1.99000   0.35000  8  1  0  0  0  4  0  13
    2118  2  0.253          2112     111       0       0       0
    2118  2  0.127          2212    -211       0       0       0
    2118  2  0.053          2112     113       0       0       0
    2118  2  0.027          2212    -213       0       0       0
    2118  2  0.080          1114     211       0       0       0
    2118  2  0.013          2114     111       0       0       0
    2118  2  0.107          2214    -211       0       0       0
    2118  2  0.120         12112     111       0       0       0
    2118  2  0.060         12212    -211       0       0       0
    2118  2  0.040          3112     321       0       0       0
    2118  2  0.080          3212     311       0       0       0
    2118  2  0.027       9000111    2112       0       0       0
    2118  2  0.013      -9000211    2212       0       0       0
    1118  Delta1950(-)          1.99000   0.35000  8  1  0  0  0  4 -1  7
    1118  2  0.380          2112    -211       0       0       0
    1118  2  0.080          2112    -213       0       0       0
    1118  2  0.120          1114     111       0       0       0
    1118  2  0.080          2114    -211       0       0       0
    1118  2  0.180         12112    -211       0       0       0
    1118  2  0.120          3112     311       0       0       0
    1118  2  0.040      -9000211    2112       0       0       0
   52124  p-2080                  2.00000   0.35000  4  1  0  0  0  2  1 13
   52124  2  0.280          2112     211       0       0       0
   52124  2  0.140          2212     111       0       0       0
   52124  2  0.040          2212     221       0       0       0
   52124  2  0.150          2212     223       0       0       0
   52124  2  0.080          2112     213       0       0       0
   52124  2  0.040          2212     113       0       0       0
   52124  3  0.017          2112     211     111       0       0
   52124  3  0.025          2212     211    -211       0       0
   52124  3  0.008          2212     111     111       0       0
   52124  2  0.050          2224    -211       0       0       0
   52124  2  0.033          2214     111       0       0       0
   52124  2  0.017          2114     211       0       0       0
   52124  2  0.120          3122     321       0       0       0
   51214  n-2080                  2.00000   0.35000  4  1  0  0  0  2  0 13
   51214  2  0.140          2112     111       0       0       0
   51214  2  0.280          2212    -211       0       0       0
   51214  2  0.040          2112     221       0       0       0
   51214  2  0.150          2112     223       0       0       0
   51214  2  0.040          2112     113       0       0       0
   51214  2  0.080          2212    -213       0       0       0
   51214  3  0.017          2212    -211     111       0       0
   51214  3  0.025          2112     211    -211       0       0
   51214  3  0.008          2112     111     111       0       0
   51214  2  0.017          2214    -211       0       0       0
   51214  2  0.033          2114     111       0       0       0
   51214  2  0.050          1114     211       0       0       0
   51214  2  0.120          3122     311       0       0       0
    3326  Xsi(0)2030            2.02500   0.02000  6  1 -2  0  0  2  0  5
    3326  2  0.067          3312     211       0       0       0
    3326  2  0.033          3322     111       0       0       0
    3326  2  0.200          3122    -311       0       0       0
    3326  2  0.467          3222    -321       0       0       0
    3326  2  0.233          3212    -311       0       0       0
    3316  Xsi(-)2030            2.02500   0.02000  6  1 -2  0  0  2 -1  5
    3316  2  0.067          3322    -211       0       0       0
    3316  2  0.033          3312     111       0       0       0
    3316  2  0.200          3122    -321       0       0       0
    3316  2  0.233          3212    -321       0       0       0
    3316  2  0.467          3112    -311       0       0       0
    3228  Sigma(+)2030          2.03000   0.18000  8  1 -1  0  0  3  1 10
    3228  2  0.200          2212    -311       0       0       0
    3228  2  0.040          2212    -313       0       0       0
    3228  2  0.050          3222     111       0       0       0
    3228  2  0.050          3212     211       0       0       0
    3228  2  0.050          3224     111       0       0       0
    3228  2  0.050          3214     211       0       0       0
    3228  2  0.200          3122     211       0       0       0
    3228  2  0.180          3124     211       0       0       0
    3228  2  0.045          2214    -311       0       0       0
    3228  2  0.135          2224    -321       0       0       0
    3218  Sigma(0)2030          2.03000   0.18000  8  1 -1  0  0  3  0 12
    3218  2  0.100          2112    -311       0       0       0
    3218  2  0.100          2212    -321       0       0       0
    3218  2  0.020          2112    -313       0       0       0
    3218  2  0.020          2212    -321       0       0       0
    3218  2  0.050          3222    -211       0       0       0
    3218  2  0.050          3112     211       0       0       0
    3218  2  0.050          3224    -211       0       0       0
    3218  2  0.050          3114     211       0       0       0
    3218  2  0.200          3122     111       0       0       0
    3218  2  0.180          3124     111       0       0       0
    3218  2  0.090          2114    -311       0       0       0
    3218  2  0.090          2214    -321       0       0       0
    3118  Sigma(-)2030          2.03000   0.18000  8  1 -1  0  0  3 -1 10
    3118  2  0.200          2112    -321       0       0       0
    3118  2  0.040          2112    -323       0       0       0
    3118  2  0.050          3212    -211       0       0       0
    3118  2  0.050          3112     111       0       0       0
    3118  2  0.050          3214    -211       0       0       0
    3118  2  0.050          3114     111       0       0       0
    3118  2  0.200          3122    -211       0       0       0
    3118  2  0.180          3124    -211       0       0       0
    3118  2  0.135          1114    -311       0       0       0
    3118  2  0.045          2114    -321       0       0       0
    3128  Lambda2100             2.10000   0.20000  8  1 -1  0  0  1  0 12
    3128  2  0.175          2212    -321       0       0       0
    3128  2  0.175          2112    -311       0       0       0
    3128  2  0.100          2212    -323       0       0       0
    3128  2  0.100          2112    -313       0       0       0
    3128  2  0.017          3222    -211       0       0       0
    3128  2  0.016          3212     111       0       0       0
    3128  2  0.017          3112     211       0       0       0
    3128  2  0.100          3224    -211       0       0       0
    3128  2  0.100          3214     111       0       0       0
    3128  2  0.100          3114     211       0       0       0
    3128  2  0.020          3122     221       0       0       0
    3128  2  0.080          3122     223       0       0       0
   23126  Lambda2110             2.11000   0.20000  6  1 -1  0  0  1  0  7
   23126  2  0.125          2212    -321       0       0       0
   23126  2  0.125          2112    -311       0       0       0
   23126  2  0.225          2212    -323       0       0       0
   23126  2  0.225          2112    -313       0       0       0
   23126  2  0.100          3222    -211       0       0       0
   23126  2  0.100          3212     111       0       0       0
   23126  2  0.100          3112     211       0       0       0
   22128  p-2190                  2.15000   0.50000  8  1  0  0  0  2  1 14
   22128  2  0.193          2112     211       0       0       0
   22128  2  0.097          2212     111       0       0       0
   22128  2  0.050          2212     223       0       0       0
   22128  2  0.160          2112     213       0       0       0
   22128  2  0.080          2212     113       0       0       0
   22128  3  0.050          2212     211    -211       0       0
   22128  3  0.033          2112     211     111       0       0
   22128  3  0.017          2212     111     111       0       0
   22128  2  0.075          2224    -211       0       0       0
   22128  2  0.050          2214     111       0       0       0
   22128  2  0.025          2114     211       0       0       0
   22128  2  0.033         12112     211       0       0       0
   22128  2  0.017         12212     111       0       0       0
   22128  2  0.120          3122     321       0       0       0
   21218  n-2190                  2.15000   0.50000  8  1  0  0  0  2  0 14
   21218  2  0.097          2112     111       0       0       0
   21218  2  0.193          2212    -211       0       0       0
   21218  2  0.050          2112     223       0       0       0
   21218  2  0.080          2112     113       0       0       0
   21218  2  0.160          2212    -213       0       0       0
   21218  3  0.050          2112     211    -211       0       0
   21218  3  0.033          2212    -211     111       0       0
   21218  3  0.017          2112     111     111       0       0
   21218  2  0.025          2214    -211       0       0       0
   21218  2  0.050          2114     111       0       0       0
   21218  2  0.075          1114     211       0       0       0
   21218  2  0.017         12112     111       0       0       0
   21218  2  0.033         12212    -211       0       0       0
   21218  2  0.120          3122     311       0       0       0
    2210  p-2220                  2.22000   0.55000 10  1  0  0  0  2  1 11
    2210  2  0.193          2112     211       0       0       0
    2210  2  0.097          2212     111       0       0       0
    2210  2  0.147          2112     213       0       0       0
    2210  2  0.073          2212     113       0       0       0
    2210  3  0.085          2212     211    -211       0       0
    2210  3  0.057          2112     211     111       0       0
    2210  3  0.028          2212     111     111       0       0
    2210  2  0.100          2224    -211       0       0       0
    2210  2  0.067          2214     111       0       0       0
    2210  2  0.033          2114     211       0       0       0
    2210  2  0.120          3122     321       0       0       0
    2110  n-2220                  2.22000   0.55000 10  1  0  0  0  2  0 11
    2110  2  0.097          2112     111       0       0       0
    2110  2  0.193          2212    -211       0       0       0
    2110  2  0.073          2112     113       0       0       0
    2110  2  0.147          2212    -213       0       0       0
    2110  3  0.085          2112     211    -211       0       0
    2110  3  0.057          2212    -211     111       0       0
    2110  3  0.028          2112     111     111       0       0
    2110  2  0.033          2214    -211       0       0       0
    2110  2  0.067          2114     111       0       0       0
    2110  2  0.100          1114     211       0       0       0
    2110  2  0.120          3122     311       0       0       0
   12210  p-2250                  2.25000   0.47000 10  1  0  0  0  2  1 13
   12210  2  0.060          2212     111       0       0       0
   12210  2  0.120          2112     211       0       0       0
   12210  2  0.083          2212     113       0       0       0
   12210  2  0.167          2112     213       0       0       0
   12210  3  0.100          2212     211    -211       0       0
   12210  3  0.067          2112     211     111       0       0
   12210  3  0.033          2212     111     111       0       0
   12210  2  0.100          2224    -211       0       0       0
   12210  2  0.067          2214     111       0       0       0
   12210  2  0.033          2114     211       0       0       0
   12210  2  0.017         12212     111       0       0       0
   12210  2  0.033         12112     211       0       0       0
   12210  2  0.120          3122     321       0       0       0
   12110  n-2250                  2.25000   0.47000 10  1  0  0  0  2  0 13
   12110  2  0.060          2112     111       0       0       0
   12110  2  0.120          2212    -211       0       0       0
   12110  2  0.083          2112     113       0       0       0
   12110  2  0.167          2212    -213       0       0       0
   12110  3  0.100          2112     211    -211       0       0
   12110  3  0.067          2212    -211     111       0       0 
   12110  3  0.033          2112     111     111       0       0
   12110  2  0.033          2214    -211       0       0       0
   12110  2  0.067          2114     111       0       0       0
   12110  2  0.100          1114     211       0       0       0
   12110  2  0.017         12112     111       0       0       0
   12110  2  0.033         12212    -211       0       0       0
   12110  2  0.120          3122     311       0       0       0

